trial, number of steps, runtime, accumulated reward, termination
0 11 0.00500082969666 8.0 1
1 12 0.00506806373596 9.0 1
2 9 0.00365781784058 6.0 1
3 10 0.00413298606873 7.0 1
4 13 0.00547504425049 10.0 1
5 12 0.00514888763428 9.0 1
6 12 0.00516390800476 9.0 1
7 10 0.00414299964905 7.0 1
8 10 0.00414395332336 7.0 1
9 10 0.00420784950256 7.0 1
10 10 0.00411891937256 7.0 1
11 12 0.00512909889221 9.0 1
12 12 0.00507688522339 9.0 1
13 13 0.00552916526794 10.0 1
14 12 0.00509905815125 9.0 1
15 8 0.00320410728455 5.0 1
16 12 0.00498485565186 9.0 1
17 9 0.00364589691162 6.0 1
18 8 0.00321888923645 5.0 1
19 12 0.00498080253601 9.0 1
20 12 0.00493192672729 9.0 1
21 9 0.00370216369629 6.0 1
22 8 0.00318193435669 5.0 1
23 10 0.004154920578 7.0 1
24 9 0.00364398956299 6.0 1
25 8 0.00320219993591 5.0 1
26 13 0.00558114051819 10.0 1
27 9 0.00368499755859 6.0 1
28 9 0.00359702110291 6.0 1
29 10 0.00416898727417 7.0 1
30 12 0.0049901008606 9.0 1
31 8 0.00322699546814 5.0 1
32 12 0.00499510765076 9.0 1
33 8 0.00316596031189 5.0 1
34 13 0.00550818443298 10.0 1
35 12 0.00509691238403 9.0 1
36 10 0.0042040348053 7.0 1
37 12 0.004958152771 9.0 1
38 10 0.00414705276489 7.0 1
39 8 0.00321412086487 5.0 1
40 12 0.00510907173157 9.0 1
41 11 0.0045177936554 8.0 1
42 10 0.00415086746216 7.0 1
43 8 0.00326609611511 5.0 1
44 10 0.00411987304688 7.0 1
45 10 0.00425601005554 7.0 1
46 8 0.0032479763031 5.0 1
47 8 0.00324702262878 5.0 1
48 11 0.00457906723022 8.0 1
49 12 0.00501179695129 9.0 1
0 10 0.00418996810913 7.0 1
1 10 0.0042610168457 7.0 1
2 11 0.00453591346741 8.0 1
3 10 0.00414299964905 7.0 1
4 12 0.00510096549988 9.0 1
5 12 0.00506591796875 9.0 1
6 13 0.00552487373352 10.0 1
7 12 0.00501704216003 9.0 1
8 9 0.00370383262634 6.0 1
9 10 0.00424098968506 7.0 1
10 13 0.00550293922424 10.0 1
11 8 0.00320601463318 5.0 1
12 11 0.00464701652527 8.0 1
13 9 0.0036301612854 6.0 1
14 12 0.00499796867371 9.0 1
15 11 0.00430512428284 8.0 1
16 11 0.00433897972107 8.0 1
17 11 0.00433492660522 8.0 1
18 11 0.00427317619324 8.0 1
19 8 0.00305795669556 5.0 1
20 12 0.00474286079407 9.0 1
21 11 0.00431680679321 8.0 1
22 12 0.00485610961914 9.0 1
23 9 0.00366520881653 6.0 1
24 8 0.00274515151978 5.0 1
25 9 0.0031430721283 6.0 1
26 9 0.00312399864197 6.0 1
27 11 0.00389194488525 8.0 1
28 12 0.00443291664124 9.0 1
29 11 0.00440216064453 8.0 1
30 9 0.00375890731812 6.0 1
31 12 0.00512599945068 9.0 1
32 10 0.00422406196594 7.0 1
33 13 0.00656294822693 10.0 1
34 12 0.00522589683533 9.0 1
35 9 0.00370287895203 6.0 1
36 11 0.00456380844116 8.0 1
37 11 0.00459790229797 8.0 1
38 9 0.00364899635315 6.0 1
39 12 0.00510001182556 9.0 1
40 9 0.00364398956299 6.0 1
41 10 0.00401496887207 7.0 1
42 10 0.00416207313538 7.0 1
43 10 0.00399017333984 7.0 1
44 11 0.00457000732422 8.0 1
45 8 0.00319409370422 5.0 1
46 10 0.00411081314087 7.0 1
47 12 0.00495910644531 9.0 1
48 11 0.00444793701172 8.0 1
49 12 0.00499415397644 9.0 1
0 11 0.0047390460968 8.0 1
1 9 0.00365209579468 6.0 1
2 10 0.00410890579224 7.0 1
3 8 0.00321006774902 5.0 1
4 13 0.00542402267456 10.0 1
5 12 0.00494003295898 9.0 1
6 11 0.004478931427 8.0 1
7 11 0.00445103645325 8.0 1
8 10 0.00409197807312 7.0 1
9 12 0.00493121147156 9.0 1
10 9 0.00364708900452 6.0 1
11 12 0.0049159526825 9.0 1
12 12 0.00494003295898 9.0 1
13 10 0.00407791137695 7.0 1
14 12 0.00491213798523 9.0 1
15 10 0.00406002998352 7.0 1
16 11 0.00447487831116 8.0 1
17 12 0.00488209724426 9.0 1
18 12 0.00491786003113 9.0 1
19 9 0.00357389450073 6.0 1
20 9 0.00358200073242 6.0 1
21 13 0.00529885292053 10.0 1
22 11 0.00437116622925 8.0 1
23 9 0.00390791893005 6.0 1
24 11 0.0044469833374 8.0 1
25 12 0.0048840045929 9.0 1
26 12 0.00486898422241 9.0 1
27 11 0.00444889068604 8.0 1
28 11 0.00442004203796 8.0 1
29 9 0.00361299514771 6.0 1
30 8 0.00314402580261 5.0 1
31 9 0.00355911254883 6.0 1
32 11 0.00443291664124 8.0 1
33 8 0.00309801101685 5.0 1
34 10 0.00411891937256 7.0 1
35 10 0.00410604476929 7.0 1
36 11 0.00452303886414 8.0 1
37 8 0.00323510169983 5.0 1
38 8 0.00313806533813 5.0 1
39 9 0.00364184379578 6.0 1
40 12 0.00494194030762 9.0 1
41 12 0.00496578216553 9.0 1
42 12 0.00490522384644 9.0 1
43 11 0.00454998016357 8.0 1
44 10 0.00415086746216 7.0 1
45 11 0.00476408004761 8.0 1
46 13 0.0053608417511 10.0 1
47 13 0.00530505180359 10.0 1
48 10 0.00396680831909 7.0 1
49 10 0.00397419929504 7.0 1
0 12 0.00499796867371 9.0 1
1 12 0.00491285324097 9.0 1
2 10 0.00402593612671 7.0 1
3 10 0.00397300720215 7.0 1
4 12 0.00488185882568 9.0 1
5 12 0.00487518310547 9.0 1
6 8 0.00313997268677 5.0 1
7 11 0.00437307357788 8.0 1
8 8 0.00314593315125 5.0 1
9 10 0.00394606590271 7.0 1
10 11 0.00445199012756 8.0 1
11 10 0.00397896766663 7.0 1
12 12 0.00485515594482 9.0 1
13 11 0.00441908836365 8.0 1
14 10 0.00401902198792 7.0 1
15 11 0.00448679924011 8.0 1
16 8 0.00309705734253 5.0 1
17 12 0.00488996505737 9.0 1
18 13 0.00536513328552 10.0 1
19 11 0.00445413589478 8.0 1
20 12 0.00486087799072 9.0 1
21 12 0.00488615036011 9.0 1
22 12 0.0048201084137 9.0 1
23 11 0.00442004203796 8.0 1
24 9 0.00355815887451 6.0 1
25 10 0.0040020942688 7.0 1
26 10 0.00400900840759 7.0 1
27 11 0.00443911552429 8.0 1
28 9 0.00360584259033 6.0 1
29 11 0.00440287590027 8.0 1
30 11 0.00456404685974 8.0 1
31 13 0.00529098510742 10.0 1
32 12 0.00493311882019 9.0 1
33 11 0.00443911552429 8.0 1
34 12 0.00490999221802 9.0 1
35 9 0.00352382659912 6.0 1
36 10 0.00400996208191 7.0 1
37 9 0.00356197357178 6.0 1
38 9 0.00353693962097 6.0 1
39 10 0.00401902198792 7.0 1
40 10 0.00401210784912 7.0 1
41 9 0.00369596481323 6.0 1
42 9 0.00361704826355 6.0 1
43 12 0.00487995147705 9.0 1
44 11 0.00445294380188 8.0 1
45 9 0.00354790687561 6.0 1
46 11 0.00442695617676 8.0 1
47 12 0.00483703613281 9.0 1
48 10 0.00410985946655 7.0 1
49 10 0.0040500164032 7.0 1
0 10 0.00409007072449 7.0 1
1 11 0.00442695617676 8.0 1
2 10 0.0040647983551 7.0 1
3 11 0.00445199012756 8.0 1
4 11 0.00437712669373 8.0 1
5 12 0.00484299659729 9.0 1
6 10 0.0041880607605 7.0 1
7 9 0.00360608100891 6.0 1
8 12 0.00485706329346 9.0 1
9 12 0.00482797622681 9.0 1
10 11 0.00435090065002 8.0 1
11 12 0.00483894348145 9.0 1
12 12 0.00486993789673 9.0 1
13 12 0.00479388237 9.0 1
14 8 0.00314402580261 5.0 1
15 12 0.00486302375793 9.0 1
16 8 0.00316095352173 5.0 1
17 11 0.00451111793518 8.0 1
18 12 0.00489115715027 9.0 1
19 12 0.00489091873169 9.0 1
20 10 0.0040020942688 7.0 1
21 9 0.00359702110291 6.0 1
22 9 0.00354504585266 6.0 1
23 10 0.00404286384583 7.0 1
24 9 0.00350880622864 6.0 1
25 12 0.00485992431641 9.0 1
26 11 0.00443005561829 8.0 1
27 11 0.00439715385437 8.0 1
28 8 0.00312495231628 5.0 1
29 10 0.00401592254639 7.0 1
30 10 0.00395607948303 7.0 1
31 11 0.0044219493866 8.0 1
32 9 0.0036461353302 6.0 1
33 9 0.00356006622314 6.0 1
34 11 0.00442600250244 8.0 1
35 11 0.00442600250244 8.0 1
36 12 0.00493097305298 9.0 1
37 12 0.00490093231201 9.0 1
38 11 0.00449895858765 8.0 1
39 10 0.00402307510376 7.0 1
40 11 0.00444006919861 8.0 1
41 10 0.00401186943054 7.0 1
42 13 0.00519800186157 10.0 1
43 11 0.00444102287292 8.0 1
44 12 0.00484299659729 9.0 1
45 10 0.00399398803711 7.0 1
46 11 0.00444293022156 8.0 1
47 8 0.00305509567261 5.0 1
48 9 0.00356101989746 6.0 1
49 10 0.00398802757263 7.0 1
0 12 0.00500082969666 9.0 1
1 8 0.0031909942627 5.0 1
2 9 0.00366592407227 6.0 1
3 8 0.00308990478516 5.0 1
4 12 0.00484299659729 9.0 1
5 11 0.00443005561829 8.0 1
6 10 0.00395679473877 7.0 1
7 8 0.00314617156982 5.0 1
8 9 0.00352716445923 6.0 1
9 11 0.00442290306091 8.0 1
10 8 0.00307393074036 5.0 1
11 10 0.00401306152344 7.0 1
12 12 0.00488018989563 9.0 1
13 11 0.00445699691772 8.0 1
14 10 0.00399112701416 7.0 1
15 8 0.00319504737854 5.0 1
16 10 0.00398302078247 7.0 1
17 9 0.00360012054443 6.0 1
18 13 0.0053288936615 10.0 1
19 9 0.00350689888 6.0 1
20 9 0.00361919403076 6.0 1
21 11 0.00442314147949 8.0 1
22 12 0.00487399101257 9.0 1
23 12 0.00489783287048 9.0 1
24 10 0.00393080711365 7.0 1
25 11 0.00443196296692 8.0 1
26 9 0.00354409217834 6.0 1
27 9 0.00358605384827 6.0 1
28 10 0.00399994850159 7.0 1
29 12 0.00483703613281 9.0 1
30 11 0.00435209274292 8.0 1
31 13 0.00542497634888 10.0 1
32 12 0.00488209724426 9.0 1
33 9 0.00357604026794 6.0 1
34 9 0.00353813171387 6.0 1
35 11 0.00444507598877 8.0 1
36 9 0.00352191925049 6.0 1
37 12 0.0048360824585 9.0 1
38 10 0.00397896766663 7.0 1
39 8 0.00313901901245 5.0 1
40 11 0.00437593460083 8.0 1
41 11 0.00446605682373 8.0 1
42 9 0.00359082221985 6.0 1
43 12 0.00486588478088 9.0 1
44 10 0.00395202636719 7.0 1
45 10 0.00405788421631 7.0 1
46 12 0.00491189956665 9.0 1
47 9 0.00356197357178 6.0 1
48 8 0.00316286087036 5.0 1
49 10 0.00399303436279 7.0 1
0 9 0.00356316566467 6.0 1
1 13 0.00527381896973 10.0 1
2 11 0.00443291664124 8.0 1
3 10 0.00401282310486 7.0 1
4 11 0.00447201728821 8.0 1
5 10 0.00399899482727 7.0 1
6 12 0.00493001937866 9.0 1
7 11 0.004469871521 8.0 1
8 8 0.00312805175781 5.0 1
9 12 0.00486493110657 9.0 1
10 9 0.00358605384827 6.0 1
11 11 0.00441598892212 8.0 1
12 10 0.00402307510376 7.0 1
13 9 0.00417304039001 6.0 1
14 12 0.00499391555786 9.0 1
15 11 0.00446701049805 8.0 1
16 11 0.00443983078003 8.0 1
17 11 0.00447297096252 8.0 1
18 8 0.00313711166382 5.0 1
19 11 0.00447106361389 8.0 1
20 11 0.0044379234314 8.0 1
21 8 0.00314092636108 5.0 1
22 9 0.00353002548218 6.0 1
23 11 0.00444793701172 8.0 1
24 9 0.00351500511169 6.0 1
25 12 0.00469493865967 9.0 1
26 8 0.00271487236023 5.0 1
27 8 0.00300621986389 5.0 1
28 10 0.00321102142334 7.0 1
29 12 0.00453996658325 9.0 1
30 10 0.00334405899048 7.0 1
31 12 0.00428509712219 9.0 1
32 8 0.0019109249115 5.0 1
33 8 0.00191903114319 5.0 1
34 9 0.00239586830139 6.0 1
35 12 0.00377798080444 9.0 1
36 9 0.00275492668152 6.0 1
37 9 0.00323796272278 6.0 1
38 9 0.00315594673157 6.0 1
39 11 0.00397920608521 8.0 1
40 10 0.00378799438477 7.0 1
41 12 0.00368285179138 9.0 1
42 12 0.00304293632507 9.0 1
43 12 0.00338101387024 9.0 1
44 11 0.00353693962097 8.0 1
45 10 0.00357604026794 7.0 1
46 11 0.00411987304688 8.0 1
47 11 0.00406408309937 8.0 1
48 10 0.00391411781311 7.0 1
49 8 0.00300192832947 5.0 1
0 12 0.00492691993713 9.0 1
1 9 0.00346088409424 6.0 1
2 12 0.00453996658325 9.0 1
3 12 0.00515198707581 9.0 1
4 9 0.00330209732056 6.0 1
5 9 0.00387811660767 6.0 1
6 10 0.00396919250488 7.0 1
7 12 0.00443506240845 9.0 1
8 8 0.00268793106079 5.0 1
9 9 0.00324201583862 6.0 1
10 12 0.00450897216797 9.0 1
11 9 0.00305604934692 6.0 1
12 10 0.0037260055542 7.0 1
13 9 0.00347709655762 6.0 1
14 8 0.00291109085083 5.0 1
15 12 0.00397300720215 9.0 1
16 11 0.00359106063843 8.0 1
17 10 0.00373005867004 7.0 1
18 8 0.00290513038635 5.0 1
19 9 0.00312805175781 6.0 1
20 10 0.00372409820557 7.0 1
21 10 0.00340890884399 7.0 1
22 12 0.00395798683167 9.0 1
23 9 0.00337505340576 6.0 1
24 14 0.00515198707581 11.0 1
25 9 0.0030369758606 6.0 1
26 9 0.00331497192383 6.0 1
27 10 0.00377106666565 7.0 1
28 10 0.00375008583069 7.0 1
29 8 0.00240612030029 5.0 1
30 8 0.00295805931091 5.0 1
31 10 0.00326490402222 7.0 1
32 11 0.00428915023804 8.0 1
33 10 0.00380897521973 7.0 1
34 8 0.00286793708801 5.0 1
35 10 0.00384283065796 7.0 1
36 12 0.00459098815918 9.0 1
37 10 0.00376987457275 7.0 1
38 9 0.00342607498169 6.0 1
39 12 0.00462007522583 9.0 1
40 12 0.00431108474731 9.0 1
41 10 0.00342416763306 7.0 1
42 8 0.00226306915283 5.0 1
43 8 0.00191187858582 5.0 1
44 13 0.00319385528564 10.0 1
45 11 0.00270509719849 8.0 1
46 8 0.00212216377258 5.0 1
47 10 0.00390410423279 7.0 1
48 9 0.00352096557617 6.0 1
49 10 0.00391888618469 7.0 1
0 11 0.00412702560425 8.0 1
1 12 0.00405883789062 9.0 1
2 8 0.00298404693604 5.0 1
3 12 0.00463485717773 9.0 1
4 10 0.003830909729 7.0 1
5 12 0.00463795661926 9.0 1
6 9 0.00341796875 6.0 1
7 11 0.00459003448486 8.0 1
8 9 0.00340509414673 6.0 1
9 12 0.00463914871216 9.0 1
10 13 0.0123839378357 10.0 1
11 10 0.00369787216187 7.0 1
12 11 0.00953102111816 8.0 1
13 11 0.00407004356384 8.0 1
14 12 0.00447201728821 9.0 1
15 12 0.00455498695374 9.0 1
16 11 0.00424289703369 8.0 1
17 10 0.00384306907654 7.0 1
18 11 0.00435185432434 8.0 1
19 11 0.00440907478333 8.0 1
20 12 0.00464200973511 9.0 1
21 12 0.00463199615479 9.0 1
22 10 0.00370693206787 7.0 1
23 12 0.00442790985107 9.0 1
24 10 0.00366711616516 7.0 1
25 8 0.00309300422668 5.0 1
26 9 0.00333118438721 6.0 1
27 12 0.00448203086853 9.0 1
28 8 0.00283885002136 5.0 1
29 10 0.00365805625916 7.0 1
30 11 0.00410985946655 8.0 1
31 13 0.00482606887817 10.0 1
32 12 0.00463104248047 9.0 1
33 10 0.00373506546021 7.0 1
34 13 0.00486993789673 10.0 1
35 9 0.00328779220581 6.0 1
36 8 0.00286912918091 5.0 1
37 9 0.00352001190186 6.0 1
38 12 0.00456094741821 9.0 1
39 12 0.00470209121704 9.0 1
40 12 0.00483107566833 9.0 1
41 9 0.00348496437073 6.0 1
42 12 0.00435495376587 9.0 1
43 13 0.00470399856567 10.0 1
44 11 0.00387501716614 8.0 1
45 11 0.00388693809509 8.0 1
46 9 0.00313997268677 6.0 1
47 8 0.00275993347168 5.0 1
48 12 0.00424218177795 9.0 1
49 12 0.00437116622925 9.0 1
0 12 0.00440621376038 9.0 1
1 12 0.00432515144348 9.0 1
2 12 0.00429201126099 9.0 1
3 12 0.0042929649353 9.0 1
4 8 0.00273299217224 5.0 1
5 12 0.00438785552979 9.0 1
6 13 0.00473403930664 10.0 1
7 8 0.00276494026184 5.0 1
8 11 0.00397682189941 8.0 1
9 10 0.00347805023193 7.0 1
10 13 0.00475692749023 10.0 1
11 13 0.00462698936462 10.0 1
12 10 0.00349998474121 7.0 1
13 11 0.00387215614319 8.0 1
14 9 0.00311493873596 6.0 1
15 10 0.00350284576416 7.0 1
16 8 0.00274610519409 5.0 1
17 12 0.0042188167572 9.0 1
18 8 0.00273394584656 5.0 1
19 9 0.00317287445068 6.0 1
20 9 0.00312900543213 6.0 1
21 9 0.00311398506165 6.0 1
22 10 0.00357913970947 7.0 1
23 10 0.00349593162537 7.0 1
24 12 0.00429487228394 9.0 1
25 9 0.00317788124084 6.0 1
26 8 0.00312399864197 5.0 1
27 9 0.0031590461731 6.0 1
28 8 0.00285601615906 5.0 1
29 9 0.00315499305725 6.0 1
30 9 0.00319385528564 6.0 1
31 12 0.0043671131134 9.0 1
32 10 0.00378918647766 7.0 1
33 9 0.00323295593262 6.0 1
34 11 0.00396513938904 8.0 1
35 12 0.00438809394836 9.0 1
36 13 0.00465297698975 10.0 1
37 11 0.00398516654968 8.0 1
38 12 0.00445699691772 9.0 1
39 11 0.00416803359985 8.0 1
40 9 0.00327801704407 6.0 1
41 12 0.00433802604675 9.0 1
42 10 0.00375699996948 7.0 1
43 10 0.00358486175537 7.0 1
44 11 0.00407099723816 8.0 1
45 11 0.00403189659119 8.0 1
46 12 0.00432920455933 9.0 1
47 12 0.00445699691772 9.0 1
48 11 0.00402903556824 8.0 1
49 11 0.00398898124695 8.0 1
