trial, number of steps, runtime, accumulated reward, termination
0 5000 2.71351695061 -4999.0 0
1 1945 1.08872795105 -1943.0 1
2 2112 1.04286503792 -2110.0 1
3 386 0.179013967514 -384.0 1
4 958 0.475230932236 -956.0 1
5 440 0.238217115402 -438.0 1
6 702 0.381263971329 -700.0 1
7 2531 1.37932109833 -2529.0 1
8 1211 0.65441608429 -1209.0 1
9 5000 2.94926404953 -4999.0 0
10 1305 0.742285966873 -1303.0 1
11 5000 2.59820413589 -4999.0 0
12 1032 0.627733945847 -1030.0 1
13 5000 2.71773099899 -4999.0 0
14 5000 2.38953208923 -4999.0 0
15 5000 2.57752609253 -4999.0 0
16 906 0.522309780121 -904.0 1
17 897 0.416168928146 -895.0 1
18 822 0.382032871246 -820.0 1
19 1534 0.729287862778 -1532.0 1
20 2588 1.48702478409 -2586.0 1
21 3154 1.71477293968 -3152.0 1
22 1212 0.578731060028 -1210.0 1
23 5000 2.66041183472 -4999.0 0
24 5000 2.43656492233 -4999.0 0
25 5000 2.45391201973 -4999.0 0
26 5000 2.95982599258 -4999.0 0
27 1848 1.11304187775 -1846.0 1
28 5000 3.00962996483 -4999.0 0
29 1029 0.552645206451 -1027.0 1
30 965 0.544365167618 -963.0 1
31 1190 0.701920986176 -1188.0 1
32 1072 0.720328092575 -1070.0 1
33 822 0.54464507103 -820.0 1
34 1688 1.12316393852 -1686.0 1
35 1051 0.691148042679 -1049.0 1
36 5000 3.19676709175 -4999.0 0
37 5000 2.80827784538 -4999.0 0
38 5000 2.95736193657 -4999.0 0
39 1880 1.02283883095 -1878.0 1
40 5000 3.04986405373 -4999.0 0
41 5000 2.93201398849 -4999.0 0
42 5000 2.88239908218 -4999.0 0
43 5000 2.88041496277 -4999.0 0
44 5000 2.97022485733 -4999.0 0
45 5000 3.22701692581 -4999.0 0
46 5000 3.15468096733 -4999.0 0
47 1157 0.631356954575 -1155.0 1
48 1267 0.683491945267 -1265.0 1
49 880 0.558079004288 -878.0 1
0 5000 2.9076089859 -4999.0 0
1 5000 2.92824101448 -4999.0 0
2 3936 1.92504096031 -3934.0 1
3 1442 0.729754924774 -1440.0 1
4 1406 0.764591932297 -1404.0 1
5 793 0.422124862671 -791.0 1
6 1003 0.536561012268 -1001.0 1
7 1314 0.729903936386 -1312.0 1
8 520 0.279683828354 -518.0 1
9 769 0.397947788239 -767.0 1
10 2315 1.34074306488 -2313.0 1
11 448 0.244434118271 -446.0 1
12 464 0.256726980209 -462.0 1
13 1351 0.670233011246 -1349.0 1
14 989 0.529114961624 -987.0 1
15 1129 0.618809938431 -1127.0 1
16 379 0.180541992188 -377.0 1
17 582 0.273241996765 -580.0 1
18 1324 0.619337081909 -1322.0 1
19 1917 0.9669880867 -1915.0 1
20 1975 1.04888892174 -1973.0 1
21 1272 0.689308166504 -1270.0 1
22 591 0.279431819916 -589.0 1
23 663 0.318166017532 -661.0 1
24 553 0.289906978607 -551.0 1
25 338 0.168833971024 -336.0 1
26 722 0.349622011185 -720.0 1
27 1766 0.93620300293 -1764.0 1
28 465 0.255797863007 -463.0 1
29 400 0.218451023102 -398.0 1
30 685 0.379767894745 -683.0 1
31 496 0.274970054626 -494.0 1
32 354 0.194562911987 -352.0 1
33 460 0.25164604187 -458.0 1
34 773 0.447762012482 -771.0 1
35 768 0.426852941513 -766.0 1
36 1368 0.756000995636 -1366.0 1
37 702 0.389123916626 -700.0 1
38 780 0.42963886261 -778.0 1
39 560 0.291085958481 -558.0 1
40 508 0.246558904648 -506.0 1
41 844 0.402110099792 -842.0 1
42 653 0.306275844574 -651.0 1
43 840 0.456295967102 -838.0 1
44 589 0.273787021637 -587.0 1
45 427 0.203709125519 -425.0 1
46 459 0.233617067337 -457.0 1
47 480 0.236207962036 -478.0 1
48 627 0.307354927063 -625.0 1
49 478 0.219525098801 -476.0 1
0 5000 2.65748786926 -4999.0 0
1 5000 3.70791292191 -4999.0 0
2 4428 2.29218292236 -4426.0 1
3 1728 0.88130402565 -1726.0 1
4 2075 1.14700102806 -2073.0 1
5 2995 1.53986406326 -2993.0 1
6 5000 2.38782405853 -4999.0 0
7 5000 2.43326592445 -4999.0 0
8 5000 2.61462497711 -4999.0 0
9 5000 2.46219801903 -4999.0 0
10 5000 2.3744289875 -4999.0 0
11 5000 2.56403303146 -4999.0 0
12 5000 2.69617295265 -4999.0 0
13 5000 2.50812506676 -4999.0 0
14 5000 2.4288649559 -4999.0 0
15 5000 2.44558000565 -4999.0 0
16 5000 2.4232609272 -4999.0 0
17 5000 2.41056609154 -4999.0 0
18 5000 2.47855710983 -4999.0 0
19 5000 2.55074214935 -4999.0 0
20 5000 2.38496303558 -4999.0 0
21 5000 2.46885514259 -4999.0 0
22 5000 2.77065396309 -4999.0 0
23 5000 2.68114185333 -4999.0 0
24 5000 2.48240399361 -4999.0 0
25 5000 2.69825601578 -4999.0 0
26 5000 2.74793696404 -4999.0 0
27 5000 2.80193805695 -4999.0 0
28 5000 2.79018616676 -4999.0 0
29 5000 2.6784620285 -4999.0 0
30 5000 2.82435798645 -4999.0 0
31 5000 2.67203688622 -4999.0 0
32 1977 1.2050049305 -1975.0 1
33 2433 1.18896102905 -2431.0 1
34 5000 2.70939803123 -4999.0 0
35 5000 2.67417192459 -4999.0 0
36 3310 1.7427008152 -3308.0 1
37 5000 2.6080300808 -4999.0 0
38 1186 0.590581893921 -1184.0 1
39 2281 1.15728712082 -2279.0 1
40 1247 0.645501852036 -1245.0 1
41 5000 2.51995992661 -4999.0 0
42 5000 2.65451097488 -4999.0 0
43 5000 2.72304081917 -4999.0 0
44 3249 1.62005090714 -3247.0 1
45 5000 2.5953309536 -4999.0 0
46 5000 2.56967806816 -4999.0 0
47 2899 1.50558185577 -2897.0 1
48 4315 2.22685098648 -4313.0 1
49 5000 2.74677300453 -4999.0 0
0 5000 2.47328281403 -4999.0 0
1 5000 2.59452986717 -4999.0 0
2 1885 0.900098085403 -1883.0 1
3 2133 1.00628590584 -2131.0 1
4 2303 1.12866401672 -2301.0 1
5 2068 1.13525295258 -2066.0 1
6 3149 1.69688296318 -3147.0 1
7 1363 0.642482995987 -1361.0 1
8 1537 0.749554872513 -1535.0 1
9 2745 1.35569810867 -2743.0 1
10 3949 2.15968704224 -3947.0 1
11 2616 1.23838591576 -2614.0 1
12 2786 1.44281601906 -2784.0 1
13 1173 0.556354999542 -1171.0 1
14 2981 1.46718096733 -2979.0 1
15 1416 0.678499937057 -1414.0 1
16 1399 0.689368009567 -1397.0 1
17 2187 1.10541415215 -2185.0 1
18 4307 2.27674984932 -4305.0 1
19 1391 0.665723085403 -1389.0 1
20 2252 1.31432104111 -2250.0 1
21 1071 0.548174858093 -1069.0 1
22 1211 0.62940788269 -1209.0 1
23 1368 0.723754167557 -1366.0 1
24 5000 3.06183600426 -4999.0 0
25 1892 0.936292886734 -1890.0 1
26 5000 2.51194000244 -4999.0 0
27 2324 1.19711399078 -2322.0 1
28 2232 1.08750200272 -2230.0 1
29 1595 0.828788995743 -1593.0 1
30 1088 0.597774028778 -1086.0 1
31 2217 1.20417904854 -2215.0 1
32 2144 1.07179808617 -2142.0 1
33 865 0.437644004822 -863.0 1
34 3959 1.92607617378 -3957.0 1
35 2220 1.04613780975 -2218.0 1
36 3091 1.46759200096 -3089.0 1
37 3564 1.68731498718 -3562.0 1
38 1691 1.12291812897 -1689.0 1
39 3699 1.90432405472 -3697.0 1
40 1614 0.89083814621 -1612.0 1
41 2320 1.27903485298 -2318.0 1
42 2110 1.15847492218 -2108.0 1
43 843 0.386562824249 -841.0 1
44 1588 0.79790186882 -1586.0 1
45 3445 1.77813315392 -3443.0 1
46 1362 0.709465026855 -1360.0 1
47 2246 1.14854216576 -2244.0 1
48 2631 1.39970493317 -2629.0 1
49 5000 2.76579809189 -4999.0 0
0 5000 2.64645004272 -4999.0 0
1 4245 2.13141608238 -4243.0 1
2 934 0.520019054413 -932.0 1
3 831 0.411559104919 -829.0 1
4 964 0.527698993683 -962.0 1
5 2592 1.34290909767 -2590.0 1
6 5000 2.7006919384 -4999.0 0
7 5000 2.76038193703 -4999.0 0
8 5000 2.61657118797 -4999.0 0
9 5000 2.40205597878 -4999.0 0
10 4468 2.2679131031 -4466.0 1
11 5000 2.70506191254 -4999.0 0
12 1687 1.29090690613 -1685.0 1
13 5000 3.29257488251 -4999.0 0
14 5000 2.94174790382 -4999.0 0
15 5000 2.45030403137 -4999.0 0
16 5000 2.98881196976 -4999.0 0
17 1744 0.939585924149 -1742.0 1
18 5000 2.80829000473 -4999.0 0
19 893 0.485481023788 -891.0 1
20 5000 2.44618916512 -4999.0 0
21 5000 2.73529696465 -4999.0 0
22 3003 1.4031291008 -3001.0 1
23 5000 2.65040302277 -4999.0 0
24 1346 0.632877111435 -1344.0 1
25 5000 2.58083581924 -4999.0 0
26 3639 1.95197892189 -3637.0 1
27 5000 2.66234016418 -4999.0 0
28 1899 0.944687128067 -1897.0 1
29 5000 2.71077799797 -4999.0 0
30 5000 2.67934203148 -4999.0 0
31 3918 2.18543291092 -3916.0 1
32 5000 2.59343791008 -4999.0 0
33 1470 0.694342136383 -1468.0 1
34 1074 0.527376890182 -1072.0 1
35 5000 2.540391922 -4999.0 0
36 5000 2.78209805489 -4999.0 0
37 2176 1.15860080719 -2174.0 1
38 715 0.339174985886 -713.0 1
39 5000 2.63813686371 -4999.0 0
40 5000 2.79735994339 -4999.0 0
41 628 0.331526994705 -626.0 1
42 1154 0.5701649189 -1152.0 1
43 2093 1.03105902672 -2091.0 1
44 1556 0.748111009598 -1554.0 1
45 5000 2.44955682755 -4999.0 0
46 2825 1.35251808167 -2823.0 1
47 4826 2.34777498245 -4824.0 1
48 1063 0.516543865204 -1061.0 1
49 5000 2.63768196106 -4999.0 0
0 2055 1.08375406265 -2053.0 1
1 5000 2.81003499031 -4999.0 0
2 1130 0.626111030579 -1128.0 1
3 3660 1.9974758625 -3658.0 1
4 5000 2.56043291092 -4999.0 0
5 3518 1.80673694611 -3516.0 1
6 3627 1.87212991714 -3625.0 1
7 1013 0.519528150558 -1011.0 1
8 470 0.244776964188 -468.0 1
9 464 0.239629983902 -462.0 1
10 578 0.294917106628 -576.0 1
11 362 0.184793949127 -360.0 1
12 424 0.215847015381 -422.0 1
13 290 0.149626016617 -288.0 1
14 502 0.260759830475 -500.0 1
15 511 0.264424085617 -509.0 1
16 323 0.166090965271 -321.0 1
17 302 0.155267000198 -300.0 1
18 473 0.242177963257 -471.0 1
19 263 0.129458189011 -261.0 1
20 1026 0.527284860611 -1024.0 1
21 266 0.137326955795 -264.0 1
22 256 0.131438016891 -254.0 1
23 353 0.18131518364 -351.0 1
24 229 0.117017030716 -227.0 1
25 849 0.433067083359 -847.0 1
26 387 0.199314117432 -385.0 1
27 292 0.150940895081 -290.0 1
28 326 0.168387889862 -324.0 1
29 233 0.194459915161 -231.0 1
30 831 0.433047056198 -829.0 1
31 248 0.11705493927 -246.0 1
32 349 0.163787126541 -347.0 1
33 669 0.412466049194 -667.0 1
34 271 0.141978025436 -269.0 1
35 356 0.194859027863 -354.0 1
36 305 0.127645969391 -303.0 1
37 356 0.163290023804 -354.0 1
38 437 0.200595855713 -435.0 1
39 393 0.181524038315 -391.0 1
40 313 0.144032001495 -311.0 1
41 452 0.20865893364 -450.0 1
42 329 0.160365819931 -327.0 1
43 434 0.205639123917 -432.0 1
44 443 0.206718921661 -441.0 1
45 259 0.119422912598 -257.0 1
46 256 0.117857933044 -254.0 1
47 387 0.178435087204 -385.0 1
48 284 0.129988908768 -282.0 1
49 311 0.14279294014 -309.0 1
0 1084 0.508074998856 -1082.0 1
1 5000 2.42133998871 -4999.0 0
2 5000 2.71743798256 -4999.0 0
3 2126 1.00085306168 -2124.0 1
4 2076 0.976517915726 -2074.0 1
5 2459 1.21196889877 -2457.0 1
6 1410 0.782679080963 -1408.0 1
7 2440 1.14573407173 -2438.0 1
8 3027 1.5110309124 -3025.0 1
9 1344 0.625520944595 -1342.0 1
10 1477 0.693714141846 -1475.0 1
11 1735 1.02368783951 -1733.0 1
12 3256 1.68958687782 -3254.0 1
13 3214 1.63088583946 -3212.0 1
14 1234 0.630210161209 -1232.0 1
15 1194 0.61680316925 -1192.0 1
16 580 0.291426897049 -578.0 1
17 1130 0.585818052292 -1128.0 1
18 1188 0.602074861526 -1186.0 1
19 1822 0.893010854721 -1820.0 1
20 1653 0.810778856277 -1651.0 1
21 798 0.402776956558 -796.0 1
22 1397 0.661251068115 -1395.0 1
23 1240 0.618553876877 -1238.0 1
24 707 0.360766887665 -705.0 1
25 922 0.465053081512 -920.0 1
26 671 0.339351177216 -669.0 1
27 1823 0.933758974075 -1821.0 1
28 998 0.503396987915 -996.0 1
29 1401 0.715989112854 -1399.0 1
30 1718 0.863072156906 -1716.0 1
31 853 0.435075998306 -851.0 1
32 1012 0.511888980865 -1010.0 1
33 1121 0.564419984818 -1119.0 1
34 1229 0.624046087265 -1227.0 1
35 1046 0.516661882401 -1044.0 1
36 1236 0.626307964325 -1234.0 1
37 790 0.422392845154 -788.0 1
38 777 0.386725902557 -775.0 1
39 1114 0.550550937653 -1112.0 1
40 1057 0.543664932251 -1055.0 1
41 973 0.454322099686 -971.0 1
42 742 0.382819890976 -740.0 1
43 1099 0.703101873398 -1097.0 1
44 1111 0.610798120499 -1109.0 1
45 814 0.46021604538 -812.0 1
46 840 0.433552980423 -838.0 1
47 893 0.533742189407 -891.0 1
48 1196 0.564046859741 -1194.0 1
49 854 0.393155813217 -852.0 1
0 512 0.235907077789 -510.0 1
1 5000 2.36424803734 -4999.0 0
2 1740 0.804248094559 -1738.0 1
3 1632 0.772828102112 -1630.0 1
4 742 0.347474098206 -740.0 1
5 374 0.195872783661 -372.0 1
6 615 0.317632913589 -613.0 1
7 571 0.320126056671 -569.0 1
8 752 0.439207077026 -750.0 1
9 272 0.129107952118 -270.0 1
10 570 0.271591186523 -568.0 1
11 1211 0.573158025742 -1209.0 1
12 598 0.273389101028 -596.0 1
13 884 0.395528078079 -882.0 1
14 1139 0.587656021118 -1137.0 1
15 344 0.174818992615 -342.0 1
16 572 0.281977176666 -570.0 1
17 354 0.174366950989 -352.0 1
18 360 0.172301054001 -358.0 1
19 700 0.32236790657 -698.0 1
20 342 0.147353887558 -340.0 1
21 518 0.279673099518 -516.0 1
22 380 0.191198825836 -378.0 1
23 307 0.14009809494 -305.0 1
24 929 0.447218894958 -927.0 1
25 265 0.136542081833 -263.0 1
26 419 0.201673030853 -417.0 1
27 221 0.127378940582 -219.0 1
28 281 0.130276918411 -279.0 1
29 212 0.0985369682312 -210.0 1
30 213 0.0994951725006 -211.0 1
31 204 0.0946500301361 -202.0 1
32 267 0.123667955399 -265.0 1
33 319 0.14840388298 -317.0 1
34 258 0.140072107315 -256.0 1
35 220 0.124341964722 -218.0 1
36 308 0.173145771027 -306.0 1
37 421 0.205631971359 -419.0 1
38 609 0.392259120941 -607.0 1
39 375 0.22517991066 -373.0 1
40 245 0.142047166824 -243.0 1
41 611 0.359315872192 -609.0 1
42 260 0.122736930847 -258.0 1
43 328 0.162163972855 -326.0 1
44 416 0.182147979736 -414.0 1
45 208 0.0948579311371 -206.0 1
46 315 0.149062871933 -313.0 1
47 350 0.159811019897 -348.0 1
48 398 0.18136382103 -396.0 1
49 293 0.142528057098 -291.0 1
0 1655 0.82435297966 -1653.0 1
1 4282 2.54388189316 -4280.0 1
2 5000 2.92015004158 -4999.0 0
3 2003 0.975681066513 -2001.0 1
4 2159 1.1070868969 -2157.0 1
5 1509 0.780122995377 -1507.0 1
6 1053 0.487226963043 -1051.0 1
7 1620 0.83314704895 -1618.0 1
8 886 0.385178089142 -884.0 1
9 959 0.461099863052 -957.0 1
10 905 0.438013076782 -903.0 1
11 2660 1.33015584946 -2658.0 1
12 2229 1.14682292938 -2227.0 1
13 2122 1.12350201607 -2120.0 1
14 1281 0.61234498024 -1279.0 1
15 2758 1.30087709427 -2756.0 1
16 1685 0.874341011047 -1683.0 1
17 1635 0.895227909088 -1633.0 1
18 2652 1.33527803421 -2650.0 1
19 1397 0.726819038391 -1395.0 1
20 2932 1.47724699974 -2930.0 1
21 1349 0.696296930313 -1347.0 1
22 1351 0.689240932465 -1349.0 1
23 612 0.311376094818 -610.0 1
24 2131 1.09241890907 -2129.0 1
25 1418 0.728147029877 -1416.0 1
26 1156 0.591672897339 -1154.0 1
27 891 0.468467950821 -889.0 1
28 1739 0.877213954926 -1737.0 1
29 843 0.398185014725 -841.0 1
30 1996 1.02433180809 -1994.0 1
31 2994 1.39418101311 -2992.0 1
32 975 0.473881006241 -973.0 1
33 542 0.261136054993 -540.0 1
34 1693 0.81837105751 -1691.0 1
35 783 0.382677078247 -781.0 1
36 1402 0.75923204422 -1400.0 1
37 3637 2.02229404449 -3635.0 1
38 529 0.294639825821 -527.0 1
39 1179 0.646222114563 -1177.0 1
40 1303 0.671017885208 -1301.0 1
41 2022 0.977097988129 -2020.0 1
42 2055 1.01279401779 -2053.0 1
43 613 0.332695007324 -611.0 1
44 1327 0.677176952362 -1325.0 1
45 935 0.446218967438 -933.0 1
46 1588 0.744698047638 -1586.0 1
47 727 0.360899925232 -725.0 1
48 2465 1.24544692039 -2463.0 1
49 1695 1.0285718441 -1693.0 1
0 2145 1.233959198 -2143.0 1
1 2518 1.47103881836 -2516.0 1
2 1291 0.623984098434 -1289.0 1
3 362 0.259608983994 -360.0 1
4 1073 0.498548984528 -1071.0 1
5 407 0.193027019501 -405.0 1
6 471 0.22456908226 -469.0 1
7 484 0.22327709198 -482.0 1
8 464 0.22555398941 -462.0 1
9 1202 0.569221973419 -1200.0 1
10 381 0.180238962173 -379.0 1
11 300 0.16664814949 -298.0 1
12 258 0.123105049133 -256.0 1
13 777 0.387573957443 -775.0 1
14 389 0.212689161301 -387.0 1
15 282 0.156334877014 -280.0 1
16 477 0.263741016388 -475.0 1
17 586 0.322036981583 -584.0 1
18 1316 0.730871915817 -1314.0 1
19 408 0.225728034973 -406.0 1
20 500 0.276316165924 -498.0 1
21 505 0.271654844284 -503.0 1
22 302 0.15163397789 -300.0 1
23 418 0.213238954544 -416.0 1
24 311 0.152668952942 -309.0 1
25 316 0.15313410759 -314.0 1
26 424 0.20627784729 -422.0 1
27 246 0.125235080719 -244.0 1
28 368 0.185687065125 -366.0 1
29 547 0.275974988937 -545.0 1
30 852 0.436248064041 -850.0 1
31 534 0.275285005569 -532.0 1
32 653 0.367154836655 -651.0 1
33 967 0.505679130554 -965.0 1
34 338 0.152012109756 -336.0 1
35 268 0.128431797028 -266.0 1
36 362 0.173947095871 -360.0 1
37 944 0.430925130844 -942.0 1
38 490 0.22345995903 -488.0 1
39 383 0.17807507515 -381.0 1
40 332 0.154333114624 -330.0 1
41 527 0.247562170029 -525.0 1
42 312 0.148921012878 -310.0 1
43 531 0.273865938187 -529.0 1
44 1279 0.600312948227 -1277.0 1
45 471 0.218499898911 -469.0 1
46 330 0.138648033142 -328.0 1
47 929 0.434190988541 -927.0 1
48 308 0.139005899429 -306.0 1
49 401 0.204113960266 -399.0 1
