trial, number of steps, runtime, accumulated reward, termination
0 1223 0.632469177246 -1221.0 1
1 448 0.201862096786 -446.0 1
2 381 0.187100887299 -379.0 1
3 172 0.0894179344177 -170.0 1
4 328 0.183419942856 -326.0 1
5 337 0.164545059204 -335.0 1
6 194 0.0927739143372 -192.0 1
7 463 0.217117071152 -461.0 1
8 297 0.134401082993 -295.0 1
9 313 0.1969602108 -311.0 1
10 223 0.122180938721 -221.0 1
11 136 0.063640832901 -134.0 1
12 177 0.0840721130371 -175.0 1
13 104 0.0451970100403 -102.0 1
14 158 0.0760858058929 -156.0 1
15 198 0.0934209823608 -196.0 1
16 121 0.0573630332947 -119.0 1
17 156 0.0713999271393 -154.0 1
18 154 0.0720608234406 -152.0 1
19 136 0.0627641677856 -134.0 1
20 104 0.0472679138184 -102.0 1
21 142 0.0673718452454 -140.0 1
22 191 0.0947589874268 -189.0 1
23 209 0.0909790992737 -207.0 1
24 110 0.0492970943451 -108.0 1
25 145 0.0679090023041 -143.0 1
26 439 0.204167127609 -437.0 1
27 163 0.0753290653229 -161.0 1
28 113 0.0522677898407 -111.0 1
29 166 0.080482006073 -164.0 1
30 120 0.0595378875732 -118.0 1
31 152 0.0760850906372 -150.0 1
32 152 0.0721940994263 -150.0 1
33 239 0.122236967087 -237.0 1
34 136 0.061888217926 -134.0 1
35 123 0.0744960308075 -121.0 1
36 142 0.0637290477753 -140.0 1
37 165 0.0799250602722 -163.0 1
38 275 0.137912988663 -273.0 1
39 125 0.0638339519501 -123.0 1
40 106 0.0535609722137 -104.0 1
41 100 0.0510361194611 -98.0 1
42 108 0.0561141967773 -106.0 1
43 114 0.0570640563965 -112.0 1
44 90 0.0491850376129 -88.0 1
45 223 0.112920045853 -221.0 1
46 211 0.108253002167 -209.0 1
47 186 0.0904760360718 -184.0 1
48 159 0.08118891716 -157.0 1
49 113 0.0571188926697 -111.0 1
0 2229 1.27443099022 -2227.0 1
1 675 0.436987161636 -673.0 1
2 558 0.278985977173 -556.0 1
3 434 0.210430860519 -432.0 1
4 634 0.361591100693 -632.0 1
5 810 0.375571966171 -808.0 1
6 644 0.311281919479 -642.0 1
7 379 0.174715042114 -377.0 1
8 324 0.14897608757 -322.0 1
9 456 0.315471887589 -454.0 1
10 304 0.168783903122 -302.0 1
11 561 0.307312965393 -559.0 1
12 300 0.154619932175 -298.0 1
13 205 0.0933110713959 -203.0 1
14 237 0.123859167099 -235.0 1
15 264 0.126034021378 -262.0 1
16 227 0.111746788025 -225.0 1
17 198 0.0970811843872 -196.0 1
18 249 0.117570877075 -247.0 1
19 299 0.147624015808 -297.0 1
20 188 0.089015007019 -186.0 1
21 214 0.100872039795 -212.0 1
22 342 0.169347047806 -340.0 1
23 290 0.137323856354 -288.0 1
24 395 0.219550132751 -393.0 1
25 201 0.0929360389709 -199.0 1
26 300 0.144963979721 -298.0 1
27 285 0.140934944153 -283.0 1
28 465 0.298053026199 -463.0 1
29 325 0.171782970428 -323.0 1
30 273 0.124663829803 -271.0 1
31 222 0.100687980652 -220.0 1
32 281 0.127786874771 -279.0 1
33 283 0.128943920135 -281.0 1
34 413 0.192062139511 -411.0 1
35 607 0.281126022339 -605.0 1
36 238 0.120012998581 -236.0 1
37 186 0.0919921398163 -184.0 1
38 205 0.0943169593811 -203.0 1
39 239 0.109117984772 -237.0 1
40 221 0.100863218307 -219.0 1
41 260 0.119583845139 -258.0 1
42 211 0.097286939621 -209.0 1
43 332 0.154901027679 -330.0 1
44 242 0.116145133972 -240.0 1
45 289 0.138997793198 -287.0 1
46 189 0.0889828205109 -187.0 1
47 266 0.131440877914 -264.0 1
48 319 0.172811985016 -317.0 1
49 306 0.182849168777 -304.0 1
0 881 0.56845498085 -879.0 1
1 398 0.235041856766 -396.0 1
2 802 0.433731079102 -800.0 1
3 951 0.507326841354 -949.0 1
4 330 0.174491167068 -328.0 1
5 1412 0.756694078445 -1410.0 1
6 397 0.213899850845 -395.0 1
7 366 0.196787834167 -364.0 1
8 303 0.162128925323 -301.0 1
9 199 0.107161998749 -197.0 1
10 240 0.128523111343 -238.0 1
11 197 0.10808300972 -195.0 1
12 171 0.0994160175323 -169.0 1
13 183 0.109232187271 -181.0 1
14 240 0.143888950348 -238.0 1
15 212 0.125356912613 -210.0 1
16 173 0.103047132492 -171.0 1
17 236 0.154995203018 -234.0 1
18 286 0.159431934357 -284.0 1
19 160 0.074875831604 -158.0 1
20 208 0.114214897156 -206.0 1
21 259 0.134552955627 -257.0 1
22 181 0.0845859050751 -179.0 1
23 187 0.0871880054474 -185.0 1
24 172 0.0828750133514 -170.0 1
25 186 0.0908670425415 -184.0 1
26 135 0.0606019496918 -133.0 1
27 345 0.159787893295 -343.0 1
28 219 0.0993390083313 -217.0 1
29 159 0.0711071491241 -157.0 1
30 221 0.155822038651 -219.0 1
31 155 0.122867107391 -153.0 1
32 116 0.0934970378876 -114.0 1
33 197 0.170558929443 -195.0 1
34 113 0.0894770622253 -111.0 1
35 142 0.0974740982056 -140.0 1
36 199 0.0968251228333 -197.0 1
37 228 0.117244005203 -226.0 1
38 165 0.0794789791107 -163.0 1
39 174 0.0787658691406 -172.0 1
40 384 0.178634881973 -382.0 1
41 396 0.175917863846 -394.0 1
42 132 0.0598790645599 -130.0 1
43 130 0.0641841888428 -128.0 1
44 329 0.159315109253 -327.0 1
45 107 0.0491151809692 -105.0 1
46 411 0.198678970337 -409.0 1
47 204 0.0951240062714 -202.0 1
48 95 0.0434010028839 -93.0 1
49 136 0.0625782012939 -134.0 1
0 1558 0.929049968719 -1556.0 1
1 529 0.291891098022 -527.0 1
2 1237 0.599718093872 -1235.0 1
3 774 0.401007175446 -772.0 1
4 1960 1.07865810394 -1958.0 1
5 2234 1.0261080265 -2232.0 1
6 3588 1.68142795563 -3586.0 1
7 4691 2.2084710598 -4689.0 1
8 5000 2.53306794167 -4999.0 0
9 5000 2.54700493813 -4999.0 0
10 5000 2.49911093712 -4999.0 0
11 5000 2.52764797211 -4999.0 0
12 5000 2.54683303833 -4999.0 0
13 5000 2.59807705879 -4999.0 0
14 5000 2.55015707016 -4999.0 0
15 5000 2.51469302177 -4999.0 0
16 5000 2.61437487602 -4999.0 0
17 5000 2.48887705803 -4999.0 0
18 5000 2.52868580818 -4999.0 0
19 5000 2.52785897255 -4999.0 0
20 5000 2.53178191185 -4999.0 0
21 5000 2.56379103661 -4999.0 0
22 5000 2.55665922165 -4999.0 0
23 4183 2.12715315819 -4181.0 1
24 5000 2.53138518333 -4999.0 0
25 4501 2.30289506912 -4499.0 1
26 5000 2.63395810127 -4999.0 0
27 5000 2.55261611938 -4999.0 0
28 5000 2.54762816429 -4999.0 0
29 4644 2.34745693207 -4642.0 1
30 5000 2.54476618767 -4999.0 0
31 5000 2.61471605301 -4999.0 0
32 5000 2.57336401939 -4999.0 0
33 5000 2.56373000145 -4999.0 0
34 5000 2.57859992981 -4999.0 0
35 5000 2.51912617683 -4999.0 0
36 4072 2.08064293861 -4070.0 1
37 5000 2.54760503769 -4999.0 0
38 4159 2.08404111862 -4157.0 1
39 4028 2.03746581078 -4026.0 1
40 4508 2.30862212181 -4506.0 1
41 5000 2.49780797958 -4999.0 0
42 5000 2.58317685127 -4999.0 0
43 3469 1.82859396935 -3467.0 1
44 5000 2.55294799805 -4999.0 0
45 5000 2.54873585701 -4999.0 0
46 5000 2.53057694435 -4999.0 0
47 5000 2.51571512222 -4999.0 0
48 5000 2.55720686913 -4999.0 0
49 5000 2.48295998573 -4999.0 0
0 2345 1.19516611099 -2343.0 1
1 388 0.199949979782 -386.0 1
2 352 0.191331863403 -350.0 1
3 776 0.400197982788 -774.0 1
4 1025 0.530058860779 -1023.0 1
5 2041 1.04010796547 -2039.0 1
6 1152 0.569303035736 -1150.0 1
7 943 0.491509914398 -941.0 1
8 555 0.294764041901 -553.0 1
9 676 0.351346969604 -674.0 1
10 691 0.370407819748 -689.0 1
11 432 0.279868125916 -430.0 1
12 583 0.288325071335 -581.0 1
13 773 0.391867876053 -771.0 1
14 867 0.439745903015 -865.0 1
15 688 0.34635591507 -686.0 1
16 537 0.270618915558 -535.0 1
17 552 0.286164999008 -550.0 1
18 429 0.213203907013 -427.0 1
19 348 0.175230979919 -346.0 1
20 578 0.293262958527 -576.0 1
21 452 0.226509809494 -450.0 1
22 439 0.228970050812 -437.0 1
23 510 0.258148908615 -508.0 1
24 770 0.400166034698 -768.0 1
25 461 0.238049030304 -459.0 1
26 335 0.169713973999 -333.0 1
27 598 0.309797048569 -596.0 1
28 503 0.253680944443 -501.0 1
29 714 0.357345819473 -712.0 1
30 409 0.205071926117 -407.0 1
31 349 0.178028821945 -347.0 1
32 336 0.166553020477 -334.0 1
33 309 0.152547836304 -307.0 1
34 338 0.174937963486 -336.0 1
35 433 0.228559970856 -431.0 1
36 191 0.0983150005341 -189.0 1
37 294 0.149410009384 -292.0 1
38 180 0.0909168720245 -178.0 1
39 303 0.15271115303 -301.0 1
40 263 0.131990909576 -261.0 1
41 254 0.125952005386 -252.0 1
42 317 0.156455039978 -315.0 1
43 1087 0.556576967239 -1085.0 1
44 519 0.267352104187 -517.0 1
45 224 0.112195014954 -222.0 1
46 585 0.291254997253 -583.0 1
47 495 0.24072599411 -493.0 1
48 246 0.123009204865 -244.0 1
49 281 0.140431880951 -279.0 1
0 2025 1.02759003639 -2023.0 1
1 1398 0.736348152161 -1396.0 1
2 392 0.198282003403 -390.0 1
3 408 0.208263874054 -406.0 1
4 593 0.295830011368 -591.0 1
5 769 0.387414932251 -767.0 1
6 593 0.296080112457 -591.0 1
7 454 0.223737001419 -452.0 1
8 578 0.282178878784 -576.0 1
9 451 0.223919153214 -449.0 1
10 457 0.224645137787 -455.0 1
11 589 0.295270204544 -587.0 1
12 600 0.316025972366 -598.0 1
13 383 0.207799911499 -381.0 1
14 583 0.302580833435 -581.0 1
15 292 0.145265102386 -290.0 1
16 303 0.150517940521 -301.0 1
17 519 0.263644933701 -517.0 1
18 222 0.114132165909 -220.0 1
19 222 0.111846923828 -220.0 1
20 330 0.172537088394 -328.0 1
21 403 0.19903421402 -401.0 1
22 237 0.11754989624 -235.0 1
23 246 0.120804071426 -244.0 1
24 410 0.203472137451 -408.0 1
25 209 0.102202177048 -207.0 1
26 224 0.110150098801 -222.0 1
27 436 0.219584941864 -434.0 1
28 263 0.134905099869 -261.0 1
29 183 0.0939428806305 -181.0 1
30 183 0.0921621322632 -181.0 1
31 290 0.148833036423 -288.0 1
32 357 0.177101135254 -355.0 1
33 269 0.131848096848 -267.0 1
34 186 0.0912220478058 -184.0 1
35 619 0.306563138962 -617.0 1
36 266 0.13180398941 -264.0 1
37 362 0.182111024857 -360.0 1
38 301 0.150749921799 -299.0 1
39 220 0.115363836288 -218.0 1
40 155 0.0798630714417 -153.0 1
41 295 0.149657011032 -293.0 1
42 197 0.0983600616455 -195.0 1
43 259 0.127813100815 -257.0 1
44 184 0.0915329456329 -182.0 1
45 364 0.179067850113 -362.0 1
46 196 0.0955739021301 -194.0 1
47 180 0.0882050991058 -178.0 1
48 195 0.095498085022 -193.0 1
49 158 0.077367067337 -156.0 1
0 1261 0.638766050339 -1259.0 1
1 389 0.189457178116 -387.0 1
2 265 0.128216028214 -263.0 1
3 916 0.44674706459 -914.0 1
4 486 0.240003108978 -484.0 1
5 459 0.233730077744 -457.0 1
6 1320 0.646996974945 -1318.0 1
7 707 0.351959943771 -705.0 1
8 431 0.219804048538 -429.0 1
9 252 0.12627196312 -250.0 1
10 351 0.178561925888 -349.0 1
11 377 0.184632778168 -375.0 1
12 261 0.127821207047 -259.0 1
13 293 0.142577886581 -291.0 1
14 242 0.119198083878 -240.0 1
15 801 0.399765014648 -799.0 1
16 765 0.391352891922 -763.0 1
17 176 0.0879290103912 -174.0 1
18 193 0.0965278148651 -191.0 1
19 259 0.129866838455 -257.0 1
20 319 0.158493995667 -317.0 1
21 260 0.137478113174 -258.0 1
22 257 0.129833936691 -255.0 1
23 262 0.135525941849 -260.0 1
24 177 0.0873780250549 -175.0 1
25 489 0.24747300148 -487.0 1
26 465 0.235587120056 -463.0 1
27 582 0.288487911224 -580.0 1
28 509 0.251266002655 -507.0 1
29 285 0.140959024429 -283.0 1
30 352 0.171783924103 -350.0 1
31 192 0.0917727947235 -190.0 1
32 338 0.174256086349 -336.0 1
33 231 0.118046998978 -229.0 1
34 368 0.192898988724 -366.0 1
35 194 0.0946371555328 -192.0 1
36 238 0.118462085724 -236.0 1
37 386 0.194912910461 -384.0 1
38 306 0.150479078293 -304.0 1
39 220 0.107467889786 -218.0 1
40 230 0.111712932587 -228.0 1
41 223 0.110779047012 -221.0 1
42 234 0.120158910751 -232.0 1
43 266 0.135683059692 -264.0 1
44 175 0.0892760753632 -173.0 1
45 426 0.21595788002 -424.0 1
46 255 0.127489089966 -253.0 1
47 147 0.0732388496399 -145.0 1
48 180 0.0889282226562 -178.0 1
49 272 0.133146047592 -270.0 1
0 2095 1.04112291336 -2093.0 1
1 668 0.338568925858 -666.0 1
2 541 0.269902944565 -539.0 1
3 668 0.356354951859 -666.0 1
4 840 0.435158967972 -838.0 1
5 454 0.235424995422 -452.0 1
6 662 0.331226825714 -660.0 1
7 762 0.384171009064 -760.0 1
8 520 0.257838964462 -518.0 1
9 650 0.322217941284 -648.0 1
10 912 0.465078830719 -910.0 1
11 643 0.33402299881 -641.0 1
12 519 0.260480880737 -517.0 1
13 562 0.27935218811 -560.0 1
14 374 0.184721946716 -372.0 1
15 283 0.147276878357 -281.0 1
16 364 0.192622900009 -362.0 1
17 481 0.244243860245 -479.0 1
18 416 0.204343080521 -414.0 1
19 457 0.227178812027 -455.0 1
20 324 0.162211179733 -322.0 1
21 470 0.232336044312 -468.0 1
22 1244 0.635248184204 -1242.0 1
23 516 0.255990028381 -514.0 1
24 435 0.214632987976 -433.0 1
25 369 0.181501150131 -367.0 1
26 683 0.347703933716 -681.0 1
27 248 0.125427961349 -246.0 1
28 413 0.214766025543 -411.0 1
29 825 0.413237810135 -823.0 1
30 238 0.121190071106 -236.0 1
31 303 0.152736902237 -301.0 1
32 324 0.16253900528 -322.0 1
33 302 0.152311086655 -300.0 1
34 368 0.189836025238 -366.0 1
35 310 0.156862020493 -308.0 1
36 364 0.19260597229 -362.0 1
37 407 0.206425905228 -405.0 1
38 194 0.0960500240326 -192.0 1
39 350 0.174276828766 -348.0 1
40 227 0.11231303215 -225.0 1
41 219 0.108110904694 -217.0 1
42 327 0.161597967148 -325.0 1
43 301 0.151108026505 -299.0 1
44 272 0.138935804367 -270.0 1
45 395 0.197226047516 -393.0 1
46 286 0.142790079117 -284.0 1
47 534 0.261775016785 -532.0 1
48 331 0.161236047745 -329.0 1
49 310 0.151260852814 -308.0 1
0 2519 1.25908207893 -2517.0 1
1 1132 0.574368000031 -1130.0 1
2 735 0.381125926971 -733.0 1
3 612 0.305040121078 -610.0 1
4 1180 0.583052873611 -1178.0 1
5 882 0.430648803711 -880.0 1
6 731 0.355756044388 -729.0 1
7 759 0.374639987946 -757.0 1
8 366 0.183943986893 -364.0 1
9 665 0.344623088837 -663.0 1
10 465 0.245692014694 -463.0 1
11 1103 0.566246986389 -1101.0 1
12 747 0.380001068115 -745.0 1
13 855 0.446390867233 -853.0 1
14 787 0.392956018448 -785.0 1
15 1128 0.578127861023 -1126.0 1
16 1008 0.511631965637 -1006.0 1
17 655 0.326920986176 -653.0 1
18 560 0.285574913025 -558.0 1
19 520 0.263568878174 -518.0 1
20 478 0.241595029831 -476.0 1
21 470 0.234561920166 -468.0 1
22 381 0.18847322464 -379.0 1
23 463 0.229811906815 -461.0 1
24 329 0.16477394104 -327.0 1
25 414 0.207217931747 -412.0 1
26 421 0.211811065674 -419.0 1
27 364 0.182157039642 -362.0 1
28 456 0.227274894714 -454.0 1
29 436 0.216848134995 -434.0 1
30 417 0.2107629776 -415.0 1
31 419 0.212510824203 -417.0 1
32 611 0.310159921646 -609.0 1
33 452 0.226780176163 -450.0 1
34 455 0.220418930054 -453.0 1
35 285 0.139523983002 -283.0 1
36 210 0.103765010834 -208.0 1
37 352 0.18387389183 -350.0 1
38 441 0.226505041122 -439.0 1
39 591 0.29406785965 -589.0 1
40 280 0.138992071152 -278.0 1
41 433 0.216407060623 -431.0 1
42 376 0.187781095505 -374.0 1
43 366 0.18337893486 -364.0 1
44 403 0.197937011719 -401.0 1
45 329 0.162982940674 -327.0 1
46 252 0.130894899368 -250.0 1
47 727 0.361382007599 -725.0 1
48 401 0.214359045029 -399.0 1
49 286 0.151790857315 -284.0 1
0 1766 0.914133071899 -1764.0 1
1 409 0.200545072556 -407.0 1
2 756 0.374178171158 -754.0 1
3 313 0.154541015625 -311.0 1
4 143 0.0687780380249 -141.0 1
5 325 0.15819811821 -323.0 1
6 135 0.0660231113434 -133.0 1
7 262 0.129909038544 -260.0 1
8 380 0.190953016281 -378.0 1
9 240 0.124449014664 -238.0 1
10 138 0.069561958313 -136.0 1
11 189 0.0953159332275 -187.0 1
12 109 0.0540239810944 -107.0 1
13 132 0.0649139881134 -130.0 1
14 143 0.0708849430084 -141.0 1
15 432 0.327806949615 -430.0 1
16 172 0.0877120494843 -170.0 1
17 160 0.0816841125488 -158.0 1
18 119 0.0602588653564 -117.0 1
19 146 0.0736780166626 -144.0 1
20 119 0.0596120357513 -117.0 1
21 315 0.162955999374 -313.0 1
22 213 0.113969087601 -211.0 1
23 104 0.0547170639038 -102.0 1
24 177 0.0898380279541 -175.0 1
25 100 0.0501539707184 -98.0 1
26 142 0.0720310211182 -140.0 1
27 173 0.087061882019 -171.0 1
28 125 0.0638349056244 -123.0 1
29 183 0.0916378498077 -181.0 1
30 179 0.0929939746857 -177.0 1
31 145 0.0819089412689 -143.0 1
32 97 0.0555200576782 -95.0 1
33 184 0.0874330997467 -182.0 1
34 143 0.0683078765869 -141.0 1
35 121 0.0582211017609 -119.0 1
36 116 0.0553088188171 -114.0 1
37 123 0.0594089031219 -121.0 1
38 114 0.0542430877686 -112.0 1
39 123 0.0595121383667 -121.0 1
40 89 0.0405809879303 -87.0 1
41 153 0.0746529102325 -151.0 1
42 132 0.0617220401764 -130.0 1
43 164 0.0765850543976 -162.0 1
44 123 0.0605289936066 -121.0 1
45 98 0.048947095871 -96.0 1
46 105 0.053454875946 -103.0 1
47 174 0.0859501361847 -172.0 1
48 133 0.0640490055084 -131.0 1
49 130 0.0682730674744 -128.0 1
