trial, number of steps, runtime, accumulated reward, termination
0 569 0.318682193756 -567.0 1
1 3594 1.7205119133 -3592.0 1
2 476 0.230927944183 -474.0 1
3 2773 1.43931102753 -2771.0 1
4 578 0.315690040588 -576.0 1
5 726 0.394704818726 -724.0 1
6 670 0.361650943756 -668.0 1
7 1815 1.0484931469 -1813.0 1
8 632 0.345295906067 -630.0 1
9 1501 0.842738866806 -1499.0 1
10 1984 1.22092700005 -1982.0 1
11 289 0.184382200241 -287.0 1
12 982 0.615288972855 -980.0 1
13 960 0.614578962326 -958.0 1
14 589 0.411256074905 -587.0 1
15 2113 1.36802315712 -2111.0 1
16 1681 1.05259799957 -1679.0 1
17 2062 1.13066506386 -2060.0 1
18 710 0.406157016754 -708.0 1
19 1378 0.767469882965 -1376.0 1
20 1283 0.706388950348 -1281.0 1
21 910 0.500395059586 -908.0 1
22 2025 1.11546421051 -2023.0 1
23 855 0.468738079071 -853.0 1
24 1040 0.570347070694 -1038.0 1
25 893 0.464310884476 -891.0 1
26 1507 0.754457950592 -1505.0 1
27 1031 0.563751220703 -1029.0 1
28 780 0.4311439991 -778.0 1
29 695 0.388528108597 -693.0 1
30 2663 1.61367487907 -2661.0 1
31 1287 0.728219032288 -1285.0 1
32 547 0.270261049271 -545.0 1
33 629 0.306511878967 -627.0 1
34 1291 0.933606863022 -1289.0 1
35 1620 0.874019145966 -1618.0 1
36 463 0.237503051758 -461.0 1
37 3021 1.51792788506 -3019.0 1
38 1569 0.795184850693 -1567.0 1
39 3144 1.55280613899 -3142.0 1
40 1466 0.707609891891 -1464.0 1
41 966 0.465974807739 -964.0 1
42 1392 0.659574985504 -1390.0 1
43 1818 0.863502979279 -1816.0 1
44 480 0.260861158371 -478.0 1
45 2692 1.29033613205 -2690.0 1
46 516 0.247246026993 -514.0 1
47 2470 1.56616902351 -2468.0 1
48 1603 0.750271081924 -1601.0 1
49 633 0.321622848511 -631.0 1
0 1339 0.620002031326 -1337.0 1
1 1792 0.838677167892 -1790.0 1
2 468 0.211612939835 -466.0 1
3 1829 1.02380394936 -1827.0 1
4 1962 1.09044790268 -1960.0 1
5 627 0.348624944687 -625.0 1
6 1949 1.07694101334 -1947.0 1
7 2101 1.2012360096 -2099.0 1
8 2793 1.46135497093 -2791.0 1
9 1489 0.684464931488 -1487.0 1
10 1442 0.725409030914 -1440.0 1
11 1209 0.700675010681 -1207.0 1
12 1324 0.759473800659 -1322.0 1
13 551 0.378535032272 -549.0 1
14 932 0.583920001984 -930.0 1
15 4359 2.11870479584 -4357.0 1
16 1604 0.779940843582 -1602.0 1
17 3191 1.74840402603 -3189.0 1
18 2224 1.12121295929 -2222.0 1
19 1125 0.524798154831 -1123.0 1
20 1092 0.698531866074 -1090.0 1
21 1593 0.739040851593 -1591.0 1
22 656 0.31082701683 -654.0 1
23 2450 1.23512101173 -2448.0 1
24 1032 0.485543012619 -1030.0 1
25 937 0.462326049805 -935.0 1
26 4092 2.03013300896 -4090.0 1
27 1202 0.565746068954 -1200.0 1
28 1935 0.935992002487 -1933.0 1
29 2786 1.65522694588 -2784.0 1
30 383 0.227640867233 -381.0 1
31 861 0.47802901268 -859.0 1
32 1399 0.740023851395 -1397.0 1
33 1010 0.591555118561 -1008.0 1
34 1391 0.821627855301 -1389.0 1
35 843 0.411803007126 -841.0 1
36 1546 0.726724147797 -1544.0 1
37 1686 0.859937906265 -1684.0 1
38 354 0.148141860962 -352.0 1
39 1180 0.561371088028 -1178.0 1
40 1313 0.63890504837 -1311.0 1
41 563 0.302716016769 -561.0 1
42 588 0.295923948288 -586.0 1
43 1242 0.607809066772 -1240.0 1
44 711 0.350190162659 -709.0 1
45 1970 0.935020923615 -1968.0 1
46 381 0.215559005737 -379.0 1
47 2160 1.21960997581 -2158.0 1
48 526 0.249671936035 -524.0 1
49 1567 0.736284017563 -1565.0 1
0 777 0.381407022476 -775.0 1
1 927 0.490803003311 -925.0 1
2 2511 1.18813991547 -2509.0 1
3 2001 0.970087051392 -1999.0 1
4 1125 0.559762954712 -1123.0 1
5 864 0.408476829529 -862.0 1
6 423 0.195793151855 -421.0 1
7 1417 0.890952110291 -1415.0 1
8 1185 0.555989027023 -1183.0 1
9 623 0.29133605957 -621.0 1
10 631 0.282775878906 -629.0 1
11 1906 1.0018529892 -1904.0 1
12 1429 0.688080072403 -1427.0 1
13 737 0.371417999268 -735.0 1
14 553 0.276750802994 -551.0 1
15 954 0.478679180145 -952.0 1
16 1054 0.531050920486 -1052.0 1
17 1113 0.55430316925 -1111.0 1
18 1759 0.887555122375 -1757.0 1
19 323 0.176029920578 -321.0 1
20 2350 1.20558190346 -2348.0 1
21 1468 0.744832992554 -1466.0 1
22 1420 0.710756778717 -1418.0 1
23 945 0.471487998962 -943.0 1
24 1217 0.609287977219 -1215.0 1
25 911 0.519473791122 -909.0 1
26 1210 0.633101940155 -1208.0 1
27 1714 0.821267843246 -1712.0 1
28 718 0.329134941101 -716.0 1
29 1017 0.46787405014 -1015.0 1
30 1505 0.722632169724 -1503.0 1
31 2853 1.44626402855 -2851.0 1
32 1017 0.549211978912 -1015.0 1
33 531 0.284898042679 -529.0 1
34 1761 0.930578947067 -1759.0 1
35 487 0.349717855453 -485.0 1
36 806 0.411535978317 -804.0 1
37 1094 0.545986890793 -1092.0 1
38 839 0.378460168839 -837.0 1
39 1885 0.977067947388 -1883.0 1
40 3242 1.74857401848 -3240.0 1
41 1084 0.552804946899 -1082.0 1
42 1169 0.575339794159 -1167.0 1
43 2506 1.23161816597 -2504.0 1
44 762 0.407612085342 -760.0 1
45 2353 1.34679317474 -2351.0 1
46 392 0.180788040161 -390.0 1
47 1695 0.800788164139 -1693.0 1
48 1028 0.50119304657 -1026.0 1
49 795 0.439505815506 -793.0 1
0 335 0.161057949066 -333.0 1
1 1124 0.58305311203 -1122.0 1
2 545 0.301357030869 -543.0 1
3 807 0.445890188217 -805.0 1
4 1110 0.622245073318 -1108.0 1
5 750 0.427314996719 -748.0 1
6 444 0.24584197998 -442.0 1
7 1240 0.620465040207 -1238.0 1
8 1493 0.718089103699 -1491.0 1
9 2577 1.24285912514 -2575.0 1
10 1166 0.570890188217 -1164.0 1
11 3878 1.95387291908 -3876.0 1
12 1397 0.711412191391 -1395.0 1
13 1799 1.04962682724 -1797.0 1
14 1002 0.60258603096 -1000.0 1
15 1201 0.721708059311 -1199.0 1
16 1485 0.889307022095 -1483.0 1
17 974 0.680123806 -972.0 1
18 762 0.391581773758 -760.0 1
19 1450 0.85063791275 -1448.0 1
20 1585 0.780548095703 -1583.0 1
21 1210 0.666399002075 -1208.0 1
22 1498 0.823226213455 -1496.0 1
23 3915 2.21695399284 -3913.0 1
24 801 0.444183111191 -799.0 1
25 572 0.315617084503 -570.0 1
26 1086 0.56050491333 -1084.0 1
27 362 0.172258138657 -360.0 1
28 1742 0.90144109726 -1740.0 1
29 841 0.40990114212 -839.0 1
30 2339 1.07997918129 -2337.0 1
31 901 0.419970035553 -899.0 1
32 2777 1.35708212852 -2775.0 1
33 4114 2.15738201141 -4112.0 1
34 1366 0.777948141098 -1364.0 1
35 2412 1.36164498329 -2410.0 1
36 2706 1.35960817337 -2704.0 1
37 547 0.263823032379 -545.0 1
38 1684 0.806754112244 -1682.0 1
39 438 0.200477838516 -436.0 1
40 997 0.462264060974 -995.0 1
41 971 0.497082948685 -969.0 1
42 1339 0.624200105667 -1337.0 1
43 563 0.24675989151 -561.0 1
44 1595 0.754792928696 -1593.0 1
45 1966 0.935601949692 -1964.0 1
46 1381 0.869620084763 -1379.0 1
47 532 0.265934944153 -530.0 1
48 1436 0.902992010117 -1434.0 1
49 791 0.551488161087 -789.0 1
0 628 0.31333899498 -626.0 1
1 2693 1.38771891594 -2691.0 1
2 1855 0.975226163864 -1853.0 1
3 252 0.133529186249 -250.0 1
4 1973 1.03654909134 -1971.0 1
5 1227 0.672892093658 -1225.0 1
6 932 0.515958070755 -930.0 1
7 1387 0.8218998909 -1385.0 1
8 2164 1.09607720375 -2162.0 1
9 668 0.365573167801 -666.0 1
10 1058 0.582687139511 -1056.0 1
11 1729 0.901237010956 -1727.0 1
12 2568 1.39715099335 -2566.0 1
13 280 0.128526210785 -278.0 1
14 747 0.343518018723 -745.0 1
15 911 0.423112869263 -909.0 1
16 1338 0.618850946426 -1336.0 1
17 1064 0.512545824051 -1062.0 1
18 828 0.427263975143 -826.0 1
19 1473 0.75652885437 -1471.0 1
20 607 0.323892831802 -605.0 1
21 729 0.398012161255 -727.0 1
22 419 0.217843055725 -417.0 1
23 2216 1.14550805092 -2214.0 1
24 1015 0.470447063446 -1013.0 1
25 721 0.355067968369 -719.0 1
26 803 0.377686977386 -801.0 1
27 777 0.402450799942 -775.0 1
28 1792 0.888915061951 -1790.0 1
29 650 0.332098960876 -648.0 1
30 850 0.434250116348 -848.0 1
31 455 0.240372896194 -453.0 1
32 1150 0.615864038467 -1148.0 1
33 490 0.259863853455 -488.0 1
34 1574 0.846498966217 -1572.0 1
35 1699 0.909123897552 -1697.0 1
36 833 0.453392982483 -831.0 1
37 696 0.384402990341 -694.0 1
38 1295 0.777630090714 -1293.0 1
39 2438 1.27333784103 -2436.0 1
40 1051 0.641369104385 -1049.0 1
41 1193 0.72087597847 -1191.0 1
42 728 0.437128067017 -726.0 1
43 447 0.270356893539 -445.0 1
44 1717 0.96958899498 -1715.0 1
45 953 0.561397075653 -951.0 1
46 805 0.382556915283 -803.0 1
47 785 0.463608980179 -783.0 1
48 680 0.309229850769 -678.0 1
49 2492 1.25562500954 -2490.0 1
0 1373 0.807736873627 -1371.0 1
1 2402 1.34110593796 -2400.0 1
2 1258 0.605632066727 -1256.0 1
3 1575 0.773678064346 -1573.0 1
4 2346 1.45882606506 -2344.0 1
5 2661 1.40302801132 -2659.0 1
6 1531 0.8200340271 -1529.0 1
7 3182 1.76370811462 -3180.0 1
8 2166 1.16721796989 -2164.0 1
9 844 0.43798995018 -842.0 1
10 584 0.289620876312 -582.0 1
11 2002 1.04861807823 -2000.0 1
12 736 0.352774858475 -734.0 1
13 1216 0.58563709259 -1214.0 1
14 755 0.450344085693 -753.0 1
15 2271 1.10042691231 -2269.0 1
16 583 0.279345035553 -581.0 1
17 1662 0.919279098511 -1660.0 1
18 1543 1.12604594231 -1541.0 1
19 763 0.399342060089 -761.0 1
20 1187 0.651582956314 -1185.0 1
21 1058 0.585678815842 -1056.0 1
22 1387 0.702043056488 -1385.0 1
23 530 0.274734020233 -528.0 1
24 1315 0.721708059311 -1313.0 1
25 1005 0.55110502243 -1003.0 1
26 736 0.405426025391 -734.0 1
27 1464 0.77882194519 -1462.0 1
28 1310 0.677281856537 -1308.0 1
29 323 0.17724108696 -321.0 1
30 1827 0.950019836426 -1825.0 1
31 1491 0.811317920685 -1489.0 1
32 2987 1.57404398918 -2985.0 1
33 983 0.493674039841 -981.0 1
34 564 0.263072967529 -562.0 1
35 615 0.279669046402 -613.0 1
36 1719 0.877599000931 -1717.0 1
37 1235 0.73447394371 -1233.0 1
38 867 0.512930870056 -865.0 1
39 981 0.566301822662 -979.0 1
40 1188 0.689902067184 -1186.0 1
41 829 0.47242808342 -827.0 1
42 2959 1.71743297577 -2957.0 1
43 1808 0.939427852631 -1806.0 1
44 423 0.226999044418 -421.0 1
45 569 0.294322967529 -567.0 1
46 3103 1.49054217339 -3101.0 1
47 812 0.45375585556 -810.0 1
48 826 0.427315950394 -824.0 1
49 1013 0.541827917099 -1011.0 1
0 663 0.327992916107 -661.0 1
1 2485 1.27605199814 -2483.0 1
2 1078 0.602366924286 -1076.0 1
3 2803 1.53375697136 -2801.0 1
4 829 0.437013864517 -827.0 1
5 836 0.428875923157 -834.0 1
6 1302 0.693549156189 -1300.0 1
7 565 0.301774024963 -563.0 1
8 1317 0.741136074066 -1315.0 1
9 487 0.228622913361 -485.0 1
10 631 0.29111289978 -629.0 1
11 1850 0.875365972519 -1848.0 1
12 1050 0.511967897415 -1048.0 1
13 2250 1.17571496964 -2248.0 1
14 1600 0.824196100235 -1598.0 1
15 1178 0.596521139145 -1176.0 1
16 495 0.236042976379 -493.0 1
17 1235 0.639430046082 -1233.0 1
18 677 0.312273979187 -675.0 1
19 1784 0.843366861343 -1782.0 1
20 578 0.281910896301 -576.0 1
21 3111 1.80178308487 -3109.0 1
22 862 0.523082017899 -860.0 1
23 788 0.472459077835 -786.0 1
24 2749 1.67449998856 -2747.0 1
25 460 0.277126073837 -458.0 1
26 969 0.641844034195 -967.0 1
27 1761 0.982902050018 -1759.0 1
28 1271 0.703835010529 -1269.0 1
29 1197 0.702902078629 -1195.0 1
30 1547 0.816777944565 -1545.0 1
31 917 0.510054826736 -915.0 1
32 1121 0.624917030334 -1119.0 1
33 1401 0.757067203522 -1399.0 1
34 1224 0.643151044846 -1222.0 1
35 911 0.520071983337 -909.0 1
36 752 0.361716032028 -750.0 1
37 924 0.429196834564 -922.0 1
38 1338 0.709455966949 -1336.0 1
39 417 0.205637931824 -415.0 1
40 2147 1.13783192635 -2145.0 1
41 311 0.17492890358 -309.0 1
42 2938 1.49645185471 -2936.0 1
43 609 0.287225961685 -607.0 1
44 2613 1.47517514229 -2611.0 1
45 496 0.240481138229 -494.0 1
46 1282 0.738387823105 -1280.0 1
47 260 0.13511800766 -258.0 1
48 1799 0.854845046997 -1797.0 1
49 933 0.459892988205 -931.0 1
0 803 0.372816085815 -801.0 1
1 3467 1.75496411324 -3465.0 1
2 1968 1.01600217819 -1966.0 1
3 454 0.24186706543 -452.0 1
4 2398 1.2434489727 -2396.0 1
5 1053 0.465188026428 -1051.0 1
6 448 0.224126815796 -446.0 1
7 1532 0.83002114296 -1530.0 1
8 1025 0.486788988113 -1023.0 1
9 979 0.532744884491 -977.0 1
10 1700 0.946743011475 -1698.0 1
11 775 0.443686962128 -773.0 1
12 678 0.37953209877 -676.0 1
13 218 0.121551036835 -216.0 1
14 2625 1.45406389236 -2623.0 1
15 726 0.375976085663 -724.0 1
16 688 0.376806974411 -686.0 1
17 1001 0.554286956787 -999.0 1
18 586 0.323542118073 -584.0 1
19 599 0.330958127975 -597.0 1
20 1415 0.796283960342 -1413.0 1
21 809 0.423784017563 -807.0 1
22 1210 0.679791927338 -1208.0 1
23 1113 0.592031955719 -1111.0 1
24 1187 0.585347890854 -1185.0 1
25 994 0.487164020538 -992.0 1
26 2638 1.26736402512 -2636.0 1
27 1135 0.613183021545 -1133.0 1
28 1646 1.03486299515 -1644.0 1
29 922 0.498971939087 -920.0 1
30 1278 0.707034111023 -1276.0 1
31 1941 1.08965587616 -1939.0 1
32 1103 0.537595033646 -1101.0 1
33 1809 0.868542194366 -1807.0 1
34 1813 0.818252086639 -1811.0 1
35 1571 0.75798201561 -1569.0 1
36 2073 0.970146894455 -2071.0 1
37 908 0.451194047928 -906.0 1
38 616 0.295643091202 -614.0 1
39 911 0.491698980331 -909.0 1
40 745 0.396687984467 -743.0 1
41 2034 1.01353812218 -2032.0 1
42 1194 0.715265035629 -1192.0 1
43 1406 0.854653120041 -1404.0 1
44 707 0.423732042313 -705.0 1
45 1103 0.531092882156 -1101.0 1
46 589 0.281769990921 -587.0 1
47 1082 0.736361026764 -1080.0 1
48 573 0.282285928726 -571.0 1
49 1776 0.934117078781 -1774.0 1
0 433 0.22757101059 -431.0 1
1 1579 0.879668951035 -1577.0 1
2 546 0.305129051208 -544.0 1
3 2160 1.54304289818 -2158.0 1
4 5000 2.77778482437 -4999.0 0
5 1329 0.711906909943 -1327.0 1
6 523 0.274533987045 -521.0 1
7 1462 0.807283878326 -1460.0 1
8 1536 0.855009078979 -1534.0 1
9 2945 1.58452796936 -2943.0 1
10 2978 1.61452293396 -2976.0 1
11 1093 0.604524850845 -1091.0 1
12 1250 0.722023963928 -1248.0 1
13 877 0.506637096405 -875.0 1
14 1303 0.740273952484 -1301.0 1
15 1592 0.835345029831 -1590.0 1
16 674 0.381468057632 -672.0 1
17 707 0.405251979828 -705.0 1
18 908 0.523920059204 -906.0 1
19 513 0.298586130142 -511.0 1
20 2119 1.22313904762 -2117.0 1
21 822 0.489172935486 -820.0 1
22 1508 0.866786003113 -1506.0 1
23 655 0.378065109253 -653.0 1
24 876 0.502511978149 -874.0 1
25 566 0.303129196167 -564.0 1
26 712 0.382755041122 -710.0 1
27 655 0.383121967316 -653.0 1
28 1561 0.915943145752 -1559.0 1
29 2153 1.272108078 -2151.0 1
30 337 0.196753025055 -335.0 1
31 1658 0.97015786171 -1656.0 1
32 1802 1.00103783607 -1800.0 1
33 741 0.418225049973 -739.0 1
34 641 0.36323595047 -639.0 1
35 565 0.329876899719 -563.0 1
36 1682 0.991209983826 -1680.0 1
37 879 0.518238782883 -877.0 1
38 1607 0.932332992554 -1605.0 1
39 3504 1.98779916763 -3502.0 1
40 1599 0.90779709816 -1597.0 1
41 562 0.321624040604 -560.0 1
42 741 0.415918827057 -739.0 1
43 969 0.572140932083 -967.0 1
44 843 0.470358848572 -841.0 1
45 2803 1.58657813072 -2801.0 1
46 1772 0.994912147522 -1770.0 1
47 1507 0.773375988007 -1505.0 1
48 1199 0.661395788193 -1197.0 1
49 2033 1.09856796265 -2031.0 1
0 479 0.223603963852 -477.0 1
1 521 0.248040914536 -519.0 1
2 2218 1.09206700325 -2216.0 1
3 1330 0.702666044235 -1328.0 1
4 1166 0.617828130722 -1164.0 1
5 487 0.264223098755 -485.0 1
6 1944 1.00373601913 -1942.0 1
7 421 0.191552877426 -419.0 1
8 1074 0.493709087372 -1072.0 1
9 745 0.376520872116 -743.0 1
10 1066 0.548430204391 -1064.0 1
11 764 0.392966985703 -762.0 1
12 1316 0.680734872818 -1314.0 1
13 1165 0.630973100662 -1163.0 1
14 1194 0.633993864059 -1192.0 1
15 1343 0.692779064178 -1341.0 1
16 1608 0.831762075424 -1606.0 1
17 1174 0.594208955765 -1172.0 1
18 773 0.397161006927 -771.0 1
19 1976 1.0508749485 -1974.0 1
20 1594 0.858719825745 -1592.0 1
21 1087 0.606211900711 -1085.0 1
22 425 0.230202913284 -423.0 1
23 2232 1.20674514771 -2230.0 1
24 988 0.701868057251 -986.0 1
25 1396 0.9084379673 -1394.0 1
26 1271 0.662250041962 -1269.0 1
27 2335 1.2902700901 -2333.0 1
28 537 0.298015832901 -535.0 1
29 1504 0.830571889877 -1502.0 1
30 302 0.168378829956 -300.0 1
31 1585 0.872857093811 -1583.0 1
32 2134 1.09595990181 -2132.0 1
33 2098 1.135835886 -2096.0 1
34 1553 0.761950969696 -1551.0 1
35 1019 0.512249946594 -1017.0 1
36 961 0.491045951843 -959.0 1
37 1366 0.79844212532 -1364.0 1
38 779 0.42401099205 -777.0 1
39 1379 0.724650859833 -1377.0 1
40 754 0.388673067093 -752.0 1
41 801 0.425750017166 -799.0 1
42 1204 0.653100967407 -1202.0 1
43 805 0.416009902954 -803.0 1
44 2729 1.47946810722 -2727.0 1
45 3066 1.63476705551 -3064.0 1
46 1778 0.921797990799 -1776.0 1
47 2241 1.1294939518 -2239.0 1
48 1072 0.538244009018 -1070.0 1
49 418 0.208743095398 -416.0 1
