trial, number of steps, runtime, accumulated reward, termination
0 294 0.287001848221 -292.0 1
1 1496 0.806221961975 -1494.0 1
2 2456 1.38068389893 -2454.0 1
3 978 0.519012928009 -976.0 1
4 1599 0.847971916199 -1597.0 1
5 1724 0.820462942123 -1722.0 1
6 635 0.36199092865 -633.0 1
7 1224 0.642822980881 -1222.0 1
8 1765 0.866652965546 -1763.0 1
9 1019 0.58024096489 -1017.0 1
10 677 0.312386989594 -675.0 1
11 1093 0.504645109177 -1091.0 1
12 241 0.114811897278 -239.0 1
13 3239 1.4910030365 -3237.0 1
14 2853 1.35889697075 -2851.0 1
15 634 0.301455974579 -632.0 1
16 2670 1.2371981144 -2668.0 1
17 1296 0.643090963364 -1294.0 1
18 1108 0.634459018707 -1106.0 1
19 2710 1.54507303238 -2708.0 1
20 2910 1.50103592873 -2908.0 1
21 2174 1.19177389145 -2172.0 1
22 3548 1.73814797401 -3546.0 1
23 1602 0.79047203064 -1600.0 1
24 1277 0.625081062317 -1275.0 1
25 704 0.388503789902 -702.0 1
26 924 0.463725805283 -922.0 1
27 898 0.461452960968 -896.0 1
28 2534 1.76273798943 -2532.0 1
29 603 0.434910058975 -601.0 1
30 674 0.397004842758 -672.0 1
31 1081 0.519806861877 -1079.0 1
32 1158 0.55441904068 -1156.0 1
33 1570 0.742159128189 -1568.0 1
34 717 0.39369392395 -715.0 1
35 1410 0.722039937973 -1408.0 1
36 2605 1.22987604141 -2603.0 1
37 801 0.418166160583 -799.0 1
38 1568 0.767328977585 -1566.0 1
39 674 0.35639500618 -672.0 1
40 975 0.469549894333 -973.0 1
41 1540 0.780156135559 -1538.0 1
42 2160 1.03633403778 -2158.0 1
43 1139 0.553923845291 -1137.0 1
44 1650 0.832575082779 -1648.0 1
45 1026 0.570464134216 -1024.0 1
46 3110 1.7216899395 -3108.0 1
47 683 0.350108861923 -681.0 1
48 1255 0.716140031815 -1253.0 1
49 1326 0.722687959671 -1324.0 1
0 1053 0.585966110229 -1051.0 1
1 1050 0.613210916519 -1048.0 1
2 1865 1.02120184898 -1863.0 1
3 924 0.488857030869 -922.0 1
4 1159 0.530518054962 -1157.0 1
5 1452 0.712898015976 -1450.0 1
6 3473 2.12263798714 -3471.0 1
7 463 0.218185186386 -461.0 1
8 2400 1.16244482994 -2398.0 1
9 1324 0.798695802689 -1322.0 1
10 563 0.273362159729 -561.0 1
11 1470 0.692757844925 -1468.0 1
12 1074 0.512620210648 -1072.0 1
13 1636 0.821129083633 -1634.0 1
14 1707 0.91433095932 -1705.0 1
15 1873 0.905533075333 -1871.0 1
16 785 0.376389980316 -783.0 1
17 5000 2.47243094444 -4999.0 0
18 522 0.241224050522 -520.0 1
19 771 0.35861992836 -769.0 1
20 1062 0.521890878677 -1060.0 1
21 2818 1.58386802673 -2816.0 1
22 1983 0.978534936905 -1981.0 1
23 1996 0.942734003067 -1994.0 1
24 648 0.388977050781 -646.0 1
25 644 0.295207977295 -642.0 1
26 5000 2.39124917984 -4999.0 0
27 1479 0.711412191391 -1477.0 1
28 5000 2.63937115669 -4999.0 0
29 2167 1.12217211723 -2165.0 1
30 5000 2.43696904182 -4999.0 0
31 5000 2.60134100914 -4999.0 0
32 5000 2.73135900497 -4999.0 0
33 5000 2.70363903046 -4999.0 0
34 5000 2.7366399765 -4999.0 0
35 5000 2.4214758873 -4999.0 0
36 1265 0.609617948532 -1263.0 1
37 5000 2.53814697266 -4999.0 0
38 5000 2.47514915466 -4999.0 0
39 5000 2.47652697563 -4999.0 0
40 5000 2.53761410713 -4999.0 0
41 3653 1.69607901573 -3651.0 1
42 5000 2.58715701103 -4999.0 0
43 5000 2.56437492371 -4999.0 0
44 4474 2.26688408852 -4472.0 1
45 5000 2.56251311302 -4999.0 0
46 5000 2.6298789978 -4999.0 0
47 5000 2.5075070858 -4999.0 0
48 5000 2.43567609787 -4999.0 0
49 5000 2.4619178772 -4999.0 0
0 504 0.233074188232 -502.0 1
1 1800 0.813503026962 -1798.0 1
2 2247 1.15772604942 -2245.0 1
3 2094 0.961818933487 -2092.0 1
4 1262 0.596170902252 -1260.0 1
5 1306 0.72167301178 -1304.0 1
6 1314 0.728778839111 -1312.0 1
7 1189 0.660399913788 -1187.0 1
8 1718 0.951596021652 -1716.0 1
9 1099 0.607216119766 -1097.0 1
10 425 0.218506097794 -423.0 1
11 2560 1.32648992538 -2558.0 1
12 615 0.308543920517 -613.0 1
13 3259 1.55354189873 -3257.0 1
14 2372 1.15319800377 -2370.0 1
15 2470 1.15028905869 -2468.0 1
16 802 0.342375993729 -800.0 1
17 4374 2.18198299408 -4372.0 1
18 1042 0.497709035873 -1040.0 1
19 3613 1.68960809708 -3611.0 1
20 1371 0.745270967484 -1369.0 1
21 644 0.330328941345 -642.0 1
22 847 0.503415822983 -845.0 1
23 556 0.314416885376 -554.0 1
24 1152 0.63451385498 -1150.0 1
25 1102 0.511387825012 -1100.0 1
26 1002 0.465826034546 -1000.0 1
27 787 0.387838125229 -785.0 1
28 976 0.488535881042 -974.0 1
29 947 0.518233060837 -945.0 1
30 846 0.457529783249 -844.0 1
31 1720 0.958920001984 -1718.0 1
32 1761 0.942920207977 -1759.0 1
33 1594 0.819381952286 -1592.0 1
34 1743 0.90744805336 -1741.0 1
35 1000 0.607406139374 -998.0 1
36 1987 1.0264518261 -1985.0 1
37 1493 0.7687458992 -1491.0 1
38 2388 1.28734087944 -2386.0 1
39 1061 0.569654941559 -1059.0 1
40 1572 0.814101219177 -1570.0 1
41 1073 0.476679086685 -1071.0 1
42 1778 0.844154119492 -1776.0 1
43 1763 1.00642704964 -1761.0 1
44 1550 0.981408119202 -1548.0 1
45 1589 1.09838199615 -1587.0 1
46 3493 1.77351784706 -3491.0 1
47 2495 1.27122807503 -2493.0 1
48 1047 0.529942989349 -1045.0 1
49 1967 0.984959125519 -1965.0 1
0 665 0.351792097092 -663.0 1
1 743 0.385295152664 -741.0 1
2 614 0.338367938995 -612.0 1
3 2169 1.1438369751 -2167.0 1
4 1264 0.691362142563 -1262.0 1
5 1230 0.67676615715 -1228.0 1
6 1831 1.00979709625 -1829.0 1
7 1220 0.590502977371 -1218.0 1
8 877 0.422278165817 -875.0 1
9 837 0.424829006195 -835.0 1
10 1629 0.813847064972 -1627.0 1
11 1560 0.766973018646 -1558.0 1
12 1447 0.727657079697 -1445.0 1
13 1966 1.00166606903 -1964.0 1
14 2386 1.19701504707 -2384.0 1
15 1320 0.61013007164 -1318.0 1
16 558 0.270854949951 -556.0 1
17 941 0.533858060837 -939.0 1
18 1297 0.559066057205 -1295.0 1
19 1314 0.868330001831 -1312.0 1
20 1169 0.82771897316 -1167.0 1
21 1766 1.20258402824 -1764.0 1
22 1609 1.02613401413 -1607.0 1
23 2723 1.53955292702 -2721.0 1
24 4416 2.43939113617 -4414.0 1
25 1221 0.666702032089 -1219.0 1
26 724 0.383229017258 -722.0 1
27 1244 0.666671991348 -1242.0 1
28 1281 0.712183952332 -1279.0 1
29 809 0.450176000595 -807.0 1
30 677 0.371372938156 -675.0 1
31 770 0.506819963455 -768.0 1
32 732 0.408147096634 -730.0 1
33 1967 1.1407430172 -1965.0 1
34 1141 0.696979999542 -1139.0 1
35 853 0.526407003403 -851.0 1
36 3525 2.091558218 -3523.0 1
37 1211 0.733964920044 -1209.0 1
38 3216 1.719851017 -3214.0 1
39 978 0.527801990509 -976.0 1
40 978 0.496150970459 -976.0 1
41 993 0.509629011154 -991.0 1
42 996 0.636358976364 -994.0 1
43 1336 0.808716058731 -1334.0 1
44 3933 2.73568797112 -3931.0 1
45 784 0.549409151077 -782.0 1
46 1350 0.974601984024 -1348.0 1
47 1280 0.971392154694 -1278.0 1
48 1517 1.03578901291 -1515.0 1
49 1104 0.805277109146 -1102.0 1
0 1184 0.700055837631 -1182.0 1
1 966 0.824999094009 -964.0 1
2 1125 0.888184070587 -1123.0 1
3 2465 1.2459218502 -2463.0 1
4 892 0.489967107773 -890.0 1
5 1518 0.842184066772 -1516.0 1
6 2435 1.36711907387 -2433.0 1
7 735 0.374047040939 -733.0 1
8 1306 0.613747119904 -1304.0 1
9 2417 1.16017484665 -2415.0 1
10 4040 2.0798740387 -4038.0 1
11 2727 1.33471798897 -2725.0 1
12 2210 1.44524407387 -2208.0 1
13 5000 2.62000703812 -4999.0 0
14 4447 2.51173400879 -4445.0 1
15 5000 2.6081969738 -4999.0 0
16 5000 2.70385098457 -4999.0 0
17 2951 1.4462389946 -2949.0 1
18 2826 1.37371587753 -2824.0 1
19 5000 2.65993690491 -4999.0 0
20 5000 2.30382990837 -4999.0 0
21 5000 2.64568400383 -4999.0 0
22 5000 2.52082395554 -4999.0 0
23 5000 2.58474707603 -4999.0 0
24 5000 2.59191298485 -4999.0 0
25 5000 2.41462612152 -4999.0 0
26 5000 2.3108420372 -4999.0 0
27 5000 2.3341088295 -4999.0 0
28 5000 2.3875977993 -4999.0 0
29 5000 2.30398988724 -4999.0 0
30 5000 2.28300499916 -4999.0 0
31 5000 2.49695301056 -4999.0 0
32 5000 2.36333394051 -4999.0 0
33 5000 2.49308085442 -4999.0 0
34 5000 2.69058012962 -4999.0 0
35 5000 2.56672000885 -4999.0 0
36 5000 2.59477806091 -4999.0 0
37 5000 2.4316239357 -4999.0 0
38 5000 2.41278409958 -4999.0 0
39 5000 2.69633817673 -4999.0 0
40 5000 2.53974795341 -4999.0 0
41 5000 2.68644189835 -4999.0 0
42 5000 2.47028303146 -4999.0 0
43 5000 2.48204302788 -4999.0 0
44 5000 2.45321297646 -4999.0 0
45 5000 2.33876514435 -4999.0 0
46 5000 2.374573946 -4999.0 0
47 4226 2.29197692871 -4224.0 1
48 5000 2.36515903473 -4999.0 0
49 5000 2.52948689461 -4999.0 0
0 256 0.130863904953 -254.0 1
1 2247 1.11407089233 -2245.0 1
2 880 0.426791906357 -878.0 1
3 1603 0.820190906525 -1601.0 1
4 1344 0.607928037643 -1342.0 1
5 1263 0.594083786011 -1261.0 1
6 726 0.333240032196 -724.0 1
7 1867 0.859925031662 -1865.0 1
8 727 0.343281030655 -725.0 1
9 550 0.267593860626 -548.0 1
10 1485 0.698574066162 -1483.0 1
11 1402 0.658490896225 -1400.0 1
12 1486 0.710273981094 -1484.0 1
13 1096 0.51477098465 -1094.0 1
14 546 0.25088095665 -544.0 1
15 1557 0.75546002388 -1555.0 1
16 4015 2.062322855 -4013.0 1
17 3842 1.97337698936 -3840.0 1
18 1113 0.606132984161 -1111.0 1
19 475 0.257930994034 -473.0 1
20 1441 0.706940889359 -1439.0 1
21 3089 1.51132512093 -3087.0 1
22 2219 1.16435909271 -2217.0 1
23 461 0.217932939529 -459.0 1
24 318 0.150549888611 -316.0 1
25 565 0.256133079529 -563.0 1
26 500 0.227458000183 -498.0 1
27 1209 0.551047086716 -1207.0 1
28 1299 0.599514961243 -1297.0 1
29 672 0.307949066162 -670.0 1
30 678 0.324416875839 -676.0 1
31 666 0.318639993668 -664.0 1
32 1129 0.562222003937 -1127.0 1
33 1194 0.575435161591 -1192.0 1
34 759 0.392148971558 -757.0 1
35 1927 0.915611982346 -1925.0 1
36 1610 0.796662092209 -1608.0 1
37 870 0.405867099762 -868.0 1
38 1006 0.474364995956 -1004.0 1
39 1086 0.501368045807 -1084.0 1
40 1694 0.802994012833 -1692.0 1
41 3540 1.68704295158 -3538.0 1
42 1792 0.875813961029 -1790.0 1
43 1163 0.671644210815 -1161.0 1
44 2069 1.04979586601 -2067.0 1
45 755 0.350471973419 -753.0 1
46 1871 0.885735988617 -1869.0 1
47 1590 0.759933233261 -1588.0 1
48 1117 0.536012887955 -1115.0 1
49 1763 0.85599899292 -1761.0 1
0 325 0.159992933273 -323.0 1
1 2059 0.988766908646 -2057.0 1
2 675 0.318557977676 -673.0 1
3 1082 0.660305023193 -1080.0 1
4 983 0.479072093964 -981.0 1
5 1490 0.784888982773 -1488.0 1
6 1321 0.686542987823 -1319.0 1
7 871 0.488600969315 -869.0 1
8 286 0.159050941467 -284.0 1
9 1458 0.781131982803 -1456.0 1
10 1394 0.825531005859 -1392.0 1
11 1224 0.646384954453 -1222.0 1
12 733 0.340666055679 -731.0 1
13 2318 1.41938018799 -2316.0 1
14 1269 0.65201997757 -1267.0 1
15 794 0.400755882263 -792.0 1
16 1707 0.918923854828 -1705.0 1
17 1677 0.883617162704 -1675.0 1
18 1928 0.991722822189 -1926.0 1
19 2485 1.25505208969 -2483.0 1
20 1242 0.61035990715 -1240.0 1
21 1377 0.670680046082 -1375.0 1
22 2173 1.00664901733 -2171.0 1
23 4204 2.181401968 -4202.0 1
24 5000 2.50800800323 -4999.0 0
25 3082 1.48162293434 -3080.0 1
26 903 0.426212787628 -901.0 1
27 731 0.331979036331 -729.0 1
28 1062 0.45263504982 -1060.0 1
29 983 0.459881067276 -981.0 1
30 536 0.246842861176 -534.0 1
31 1234 0.568103075027 -1232.0 1
32 550 0.253416061401 -548.0 1
33 784 0.373573064804 -782.0 1
34 2150 0.996395111084 -2148.0 1
35 988 0.449797868729 -986.0 1
36 1252 0.591242074966 -1250.0 1
37 908 0.469336032867 -906.0 1
38 1865 1.15505695343 -1863.0 1
39 810 0.517535924911 -808.0 1
40 1369 0.831690073013 -1367.0 1
41 1054 0.606106996536 -1052.0 1
42 655 0.358364105225 -653.0 1
43 721 0.429456949234 -719.0 1
44 1382 0.88223695755 -1380.0 1
45 1088 0.599070072174 -1086.0 1
46 840 0.405611991882 -838.0 1
47 3224 1.55860185623 -3222.0 1
48 2285 1.09776878357 -2283.0 1
49 2104 1.01869297028 -2102.0 1
0 361 0.163872003555 -359.0 1
1 546 0.252179145813 -544.0 1
2 2007 0.916811943054 -2005.0 1
3 631 0.288328170776 -629.0 1
4 1753 0.776604890823 -1751.0 1
5 1945 0.975085020065 -1943.0 1
6 1840 0.872573137283 -1838.0 1
7 1475 0.761947870255 -1473.0 1
8 829 0.400007009506 -827.0 1
9 962 0.452430963516 -960.0 1
10 1294 0.595878124237 -1292.0 1
11 2208 1.03591704369 -2206.0 1
12 852 0.416723012924 -850.0 1
13 1557 0.730059862137 -1555.0 1
14 2819 1.32932710648 -2817.0 1
15 1275 0.630395889282 -1273.0 1
16 4331 2.0973110199 -4329.0 1
17 1618 0.841023921967 -1616.0 1
18 1224 0.64555811882 -1222.0 1
19 1794 0.94459605217 -1792.0 1
20 1475 0.819065093994 -1473.0 1
21 1003 0.530146837234 -1001.0 1
22 591 0.337392091751 -589.0 1
23 594 0.32838511467 -592.0 1
24 898 0.558075904846 -896.0 1
25 540 0.265796899796 -538.0 1
26 920 0.445098161697 -918.0 1
27 1596 0.880604028702 -1594.0 1
28 693 0.335560083389 -691.0 1
29 2920 1.52905201912 -2918.0 1
30 830 0.506354093552 -828.0 1
31 1525 0.807939052582 -1523.0 1
32 5000 2.63940405846 -4999.0 0
33 4954 2.57117319107 -4952.0 1
34 778 0.53214097023 -776.0 1
35 2211 1.09271407127 -2209.0 1
36 1173 0.601366996765 -1171.0 1
37 3410 1.75830101967 -3408.0 1
38 2675 1.4901599884 -2673.0 1
39 814 0.444119930267 -812.0 1
40 5000 2.70226716995 -4999.0 0
41 5000 2.83752393723 -4999.0 0
42 2645 1.6588549614 -2643.0 1
43 5000 2.71214604378 -4999.0 0
44 789 0.391455888748 -787.0 1
45 5000 2.54370093346 -4999.0 0
46 2395 1.25879907608 -2393.0 1
47 4222 2.36765789986 -4220.0 1
48 1162 0.597983837128 -1160.0 1
49 1340 0.697220087051 -1338.0 1
0 815 0.430589199066 -813.0 1
1 2356 1.37403202057 -2354.0 1
2 1275 0.785790920258 -1273.0 1
3 1050 0.537966012955 -1048.0 1
4 1914 1.07572102547 -1912.0 1
5 960 0.543653964996 -958.0 1
6 609 0.324844837189 -607.0 1
7 1387 0.789514064789 -1385.0 1
8 884 0.511182069778 -882.0 1
9 781 0.476369142532 -779.0 1
10 2264 1.1782181263 -2262.0 1
11 339 0.170542955399 -337.0 1
12 2015 1.03177309036 -2013.0 1
13 1931 0.9936439991 -1929.0 1
14 1554 0.809098005295 -1552.0 1
15 3291 1.65068793297 -3289.0 1
16 658 0.410840034485 -656.0 1
17 5000 2.62121891975 -4999.0 0
18 2197 1.18406820297 -2195.0 1
19 1497 0.8469851017 -1495.0 1
20 818 0.469449996948 -816.0 1
21 507 0.254110097885 -505.0 1
22 1179 0.602252006531 -1177.0 1
23 984 0.511779069901 -982.0 1
24 905 0.45511507988 -903.0 1
25 1279 0.623470067978 -1277.0 1
26 468 0.244451999664 -466.0 1
27 684 0.32220697403 -682.0 1
28 975 0.474853992462 -973.0 1
29 620 0.295238018036 -618.0 1
30 1331 0.638834953308 -1329.0 1
31 960 0.492568969727 -958.0 1
32 885 0.45628118515 -883.0 1
33 840 0.410694122314 -838.0 1
34 653 0.313714027405 -651.0 1
35 1097 0.521300792694 -1095.0 1
36 1562 0.800461053848 -1560.0 1
37 1212 0.692715167999 -1210.0 1
38 532 0.298097848892 -530.0 1
39 521 0.250123023987 -519.0 1
40 570 0.259480953217 -568.0 1
41 767 0.438850879669 -765.0 1
42 669 0.364732027054 -667.0 1
43 548 0.314893960953 -546.0 1
44 686 0.365749120712 -684.0 1
45 3747 2.05161905289 -3745.0 1
46 1576 0.954525947571 -1574.0 1
47 997 0.530077934265 -995.0 1
48 624 0.348520040512 -622.0 1
49 1897 1.06732392311 -1895.0 1
0 286 0.158246040344 -284.0 1
1 3703 2.02630400658 -3701.0 1
2 979 0.517619132996 -977.0 1
3 1492 0.800859928131 -1490.0 1
4 736 0.384701013565 -734.0 1
5 3880 2.14377403259 -3878.0 1
6 300 0.163970947266 -298.0 1
7 3600 1.95068216324 -3598.0 1
8 1422 0.773624897003 -1420.0 1
9 1130 0.628345966339 -1128.0 1
10 2647 1.45066404343 -2645.0 1
11 2171 1.17184591293 -2169.0 1
12 290 0.242697000504 -288.0 1
13 2072 1.12131714821 -2070.0 1
14 1782 0.997933149338 -1780.0 1
15 2142 1.1460249424 -2140.0 1
16 1714 0.926786899567 -1712.0 1
17 1401 0.759531974792 -1399.0 1
18 5000 2.76917695999 -4999.0 0
19 5000 2.69189405441 -4999.0 0
20 5000 2.65757584572 -4999.0 0
21 5000 2.66988801956 -4999.0 0
22 5000 2.68587589264 -4999.0 0
23 5000 2.6316640377 -4999.0 0
24 5000 2.88642501831 -4999.0 0
25 5000 2.73807883263 -4999.0 0
26 5000 2.53672599792 -4999.0 0
27 5000 2.33889913559 -4999.0 0
28 5000 2.31630516052 -4999.0 0
29 5000 2.6118710041 -4999.0 0
30 5000 2.69100499153 -4999.0 0
31 5000 2.58373808861 -4999.0 0
32 5000 2.68179512024 -4999.0 0
33 5000 2.34135198593 -4999.0 0
34 5000 2.38893795013 -4999.0 0
35 5000 2.32032299042 -4999.0 0
36 5000 2.60475897789 -4999.0 0
37 5000 2.51781797409 -4999.0 0
38 5000 2.40470218658 -4999.0 0
39 5000 2.55450391769 -4999.0 0
40 5000 2.63039398193 -4999.0 0
41 5000 2.60098314285 -4999.0 0
42 5000 2.58398509026 -4999.0 0
43 5000 2.46801710129 -4999.0 0
44 5000 2.43443107605 -4999.0 0
45 5000 2.74446511269 -4999.0 0
46 5000 2.45734786987 -4999.0 0
47 5000 3.16663193703 -4999.0 0
48 5000 3.4479470253 -4999.0 0
49 5000 3.44912600517 -4999.0 0
