trial, number of steps, runtime, accumulated reward, termination
0 1001 0.433151960373 -999.0 1
1 712 0.338518857956 -710.0 1
2 897 0.384614944458 -895.0 1
3 926 0.422866821289 -924.0 1
4 5000 2.24436998367 -4999.0 0
5 5000 2.33398413658 -4999.0 0
6 5000 2.39615416527 -4999.0 0
7 5000 2.90828204155 -4999.0 0
8 5000 3.03978180885 -4999.0 0
9 5000 2.85352706909 -4999.0 0
10 5000 2.26193499565 -4999.0 0
11 5000 2.65006017685 -4999.0 0
12 5000 2.25653505325 -4999.0 0
13 5000 2.33672618866 -4999.0 0
14 5000 2.3499610424 -4999.0 0
15 5000 3.05169487 -4999.0 0
16 5000 3.09715795517 -4999.0 0
17 5000 3.10223412514 -4999.0 0
18 5000 2.88850402832 -4999.0 0
19 5000 2.57965898514 -4999.0 0
20 5000 2.46317195892 -4999.0 0
21 5000 2.68378520012 -4999.0 0
22 5000 2.75978112221 -4999.0 0
23 5000 2.84708309174 -4999.0 0
24 5000 2.73277497292 -4999.0 0
25 5000 3.58187508583 -4999.0 0
26 5000 2.46031999588 -4999.0 0
27 5000 2.34400701523 -4999.0 0
28 5000 2.68109297752 -4999.0 0
29 5000 2.64559388161 -4999.0 0
30 5000 2.49141383171 -4999.0 0
31 5000 2.92200803757 -4999.0 0
32 5000 2.637185812 -4999.0 0
33 5000 2.76996898651 -4999.0 0
34 5000 2.76916694641 -4999.0 0
35 5000 2.40885305405 -4999.0 0
36 5000 2.4598608017 -4999.0 0
37 4100 2.11310887337 -4098.0 1
38 5000 3.05108809471 -4999.0 0
39 5000 3.0746819973 -4999.0 0
40 5000 3.21123504639 -4999.0 0
41 5000 3.31354379654 -4999.0 0
42 5000 3.09714913368 -4999.0 0
43 5000 2.87027907372 -4999.0 0
44 5000 2.83264422417 -4999.0 0
45 5000 2.42047095299 -4999.0 0
46 5000 2.37863922119 -4999.0 0
47 5000 2.49652600288 -4999.0 0
48 5000 2.74110198021 -4999.0 0
49 5000 2.47250795364 -4999.0 0
0 600 0.253782987595 -598.0 1
1 843 0.386657953262 -841.0 1
2 624 0.287202835083 -622.0 1
3 4726 2.56361198425 -4724.0 1
4 5000 2.39590406418 -4999.0 0
5 5000 2.73533701897 -4999.0 0
6 5000 2.42576098442 -4999.0 0
7 5000 2.47800397873 -4999.0 0
8 5000 2.64159321785 -4999.0 0
9 5000 2.39205503464 -4999.0 0
10 5000 2.4786260128 -4999.0 0
11 5000 2.35169506073 -4999.0 0
12 5000 2.4114151001 -4999.0 0
13 5000 2.42170715332 -4999.0 0
14 5000 2.45107603073 -4999.0 0
15 5000 2.7977540493 -4999.0 0
16 5000 2.41059303284 -4999.0 0
17 5000 2.67227888107 -4999.0 0
18 5000 2.33175587654 -4999.0 0
19 5000 2.21638298035 -4999.0 0
20 5000 2.42134404182 -4999.0 0
21 5000 2.32280397415 -4999.0 0
22 5000 2.46834778786 -4999.0 0
23 5000 2.37193799019 -4999.0 0
24 5000 2.90736508369 -4999.0 0
25 5000 2.46131896973 -4999.0 0
26 5000 2.36982011795 -4999.0 0
27 5000 2.48396396637 -4999.0 0
28 5000 2.4828710556 -4999.0 0
29 5000 2.61124897003 -4999.0 0
30 5000 2.35664319992 -4999.0 0
31 5000 2.31364011765 -4999.0 0
32 5000 2.5459959507 -4999.0 0
33 5000 2.64879608154 -4999.0 0
34 5000 2.73934817314 -4999.0 0
35 5000 2.49114894867 -4999.0 0
36 5000 2.75245690346 -4999.0 0
37 5000 2.43741488457 -4999.0 0
38 5000 2.53691387177 -4999.0 0
39 5000 2.5396668911 -4999.0 0
40 5000 2.6298661232 -4999.0 0
41 5000 2.57874417305 -4999.0 0
42 5000 2.86608219147 -4999.0 0
43 5000 2.76144504547 -4999.0 0
44 5000 2.71238899231 -4999.0 0
45 5000 2.67845201492 -4999.0 0
46 5000 2.66811108589 -4999.0 0
47 5000 2.71566605568 -4999.0 0
48 5000 2.64334201813 -4999.0 0
49 5000 2.58001303673 -4999.0 0
0 559 0.27646780014 -557.0 1
1 5000 2.57753682137 -4999.0 0
2 5000 2.536495924 -4999.0 0
3 5000 2.59169507027 -4999.0 0
4 5000 2.61958408356 -4999.0 0
5 5000 2.49405097961 -4999.0 0
6 5000 2.54531002045 -4999.0 0
7 5000 2.44661092758 -4999.0 0
8 5000 2.49593901634 -4999.0 0
9 5000 2.47730112076 -4999.0 0
10 5000 2.56844997406 -4999.0 0
11 5000 2.67944693565 -4999.0 0
12 5000 2.51567792892 -4999.0 0
13 5000 2.58589196205 -4999.0 0
14 5000 2.58924198151 -4999.0 0
15 5000 2.49800491333 -4999.0 0
16 5000 2.58330798149 -4999.0 0
17 5000 3.02475595474 -4999.0 0
18 5000 2.75577187538 -4999.0 0
19 5000 2.61821103096 -4999.0 0
20 5000 2.69202899933 -4999.0 0
21 5000 2.55801701546 -4999.0 0
22 5000 2.52312803268 -4999.0 0
23 5000 2.6162211895 -4999.0 0
24 5000 2.60230302811 -4999.0 0
25 5000 2.68812203407 -4999.0 0
26 5000 2.81164503098 -4999.0 0
27 5000 2.71182799339 -4999.0 0
28 5000 2.86931705475 -4999.0 0
29 5000 2.64915800095 -4999.0 0
30 5000 3.03874206543 -4999.0 0
31 5000 2.67702913284 -4999.0 0
32 5000 2.6492869854 -4999.0 0
33 5000 2.48090195656 -4999.0 0
34 5000 2.50815010071 -4999.0 0
35 5000 2.91025710106 -4999.0 0
36 5000 2.71696090698 -4999.0 0
37 5000 2.7159819603 -4999.0 0
38 5000 2.80424618721 -4999.0 0
39 5000 2.51549196243 -4999.0 0
40 5000 2.42474484444 -4999.0 0
41 5000 2.5218629837 -4999.0 0
42 5000 2.6061861515 -4999.0 0
43 5000 2.72905182838 -4999.0 0
44 5000 2.53067612648 -4999.0 0
45 5000 2.5759510994 -4999.0 0
46 5000 2.53239393234 -4999.0 0
47 5000 2.66076898575 -4999.0 0
48 5000 2.52088689804 -4999.0 0
49 5000 2.70095205307 -4999.0 0
0 474 0.221261024475 -472.0 1
1 1014 0.472944021225 -1012.0 1
2 461 0.244848966599 -459.0 1
3 542 0.270085096359 -540.0 1
4 234 0.110569953918 -232.0 1
5 753 0.375370025635 -751.0 1
6 1050 0.514807939529 -1048.0 1
7 841 0.434340000153 -839.0 1
8 817 0.387671947479 -815.0 1
9 1368 0.637942075729 -1366.0 1
10 364 0.176249980927 -362.0 1
11 391 0.178468942642 -389.0 1
12 603 0.278121232986 -601.0 1
13 1198 0.566809892654 -1196.0 1
14 357 0.201858043671 -355.0 1
15 1112 0.549646139145 -1110.0 1
16 1826 0.868386983871 -1824.0 1
17 2470 1.25525999069 -2468.0 1
18 2717 1.31291890144 -2715.0 1
19 907 0.423147916794 -905.0 1
20 1498 0.686210155487 -1496.0 1
21 883 0.411139011383 -881.0 1
22 2002 0.961885929108 -2000.0 1
23 587 0.279302120209 -585.0 1
24 972 0.490724086761 -970.0 1
25 752 0.388202905655 -750.0 1
26 2076 1.07263708115 -2074.0 1
27 947 0.482949972153 -945.0 1
28 780 0.381330966949 -778.0 1
29 737 0.379979133606 -735.0 1
30 1112 0.614059209824 -1110.0 1
31 3894 2.15112900734 -3892.0 1
32 837 0.466842889786 -835.0 1
33 1268 0.701231002808 -1266.0 1
34 633 0.361305952072 -631.0 1
35 304 0.145664930344 -302.0 1
36 974 0.749212026596 -972.0 1
37 265 0.127233982086 -263.0 1
38 567 0.286005020142 -565.0 1
39 1233 0.614910125732 -1231.0 1
40 777 0.380265951157 -775.0 1
41 1843 1.01888108253 -1841.0 1
42 774 0.44356584549 -772.0 1
43 422 0.240681171417 -420.0 1
44 341 0.194252967834 -339.0 1
45 697 0.399698019028 -695.0 1
46 736 0.474180936813 -734.0 1
47 1860 0.988669157028 -1858.0 1
48 322 0.164486885071 -320.0 1
49 648 0.310652017593 -646.0 1
0 1083 0.498119831085 -1081.0 1
1 242 0.100574016571 -240.0 1
2 2105 0.976391077042 -2103.0 1
3 253 0.117447853088 -251.0 1
4 334 0.179502010345 -332.0 1
5 261 0.138899087906 -259.0 1
6 445 0.212974071503 -443.0 1
7 451 0.235084056854 -449.0 1
8 404 0.204717159271 -402.0 1
9 500 0.312113046646 -498.0 1
10 331 0.213783025742 -329.0 1
11 779 0.460171937943 -777.0 1
12 244 0.127341032028 -242.0 1
13 358 0.181241989136 -356.0 1
14 248 0.126731157303 -246.0 1
15 327 0.170955896378 -325.0 1
16 343 0.166583061218 -341.0 1
17 178 0.082780122757 -176.0 1
18 401 0.24259185791 -399.0 1
19 178 0.0848350524902 -176.0 1
20 294 0.160276174545 -292.0 1
21 357 0.178718090057 -355.0 1
22 265 0.146826028824 -263.0 1
23 468 0.273406982422 -466.0 1
24 456 0.252980947495 -454.0 1
25 181 0.092848777771 -179.0 1
26 392 0.220139980316 -390.0 1
27 527 0.346699953079 -525.0 1
28 239 0.127334833145 -237.0 1
29 428 0.253320217133 -426.0 1
30 292 0.153151988983 -290.0 1
31 365 0.197484970093 -363.0 1
32 971 0.538161993027 -969.0 1
33 954 0.609107017517 -952.0 1
34 334 0.188767910004 -332.0 1
35 306 0.174273014069 -304.0 1
36 605 0.357774019241 -603.0 1
37 628 0.435933828354 -626.0 1
38 287 0.178375959396 -285.0 1
39 435 0.275582075119 -433.0 1
40 401 0.263900995255 -399.0 1
41 460 0.285721063614 -458.0 1
42 313 0.189841032028 -311.0 1
43 261 0.142601013184 -259.0 1
44 225 0.132411956787 -223.0 1
45 391 0.20912194252 -389.0 1
46 543 0.279510974884 -541.0 1
47 259 0.168665885925 -257.0 1
48 217 0.141684055328 -215.0 1
49 527 0.380029201508 -525.0 1
0 1046 0.613816022873 -1044.0 1
1 517 0.3070499897 -515.0 1
2 327 0.186239957809 -325.0 1
3 383 0.215594053268 -381.0 1
4 1458 0.800827026367 -1456.0 1
5 437 0.236144065857 -435.0 1
6 399 0.245718002319 -397.0 1
7 469 0.276048898697 -467.0 1
8 889 0.50333404541 -887.0 1
9 560 0.352980852127 -558.0 1
10 1105 0.667932033539 -1103.0 1
11 3952 2.26045823097 -3950.0 1
12 855 0.467000007629 -853.0 1
13 327 0.177129030228 -325.0 1
14 701 0.410651922226 -699.0 1
15 2385 1.18799686432 -2383.0 1
16 298 0.150596141815 -296.0 1
17 1768 0.829246044159 -1766.0 1
18 293 0.137011051178 -291.0 1
19 1440 0.878404140472 -1438.0 1
20 250 0.11983704567 -248.0 1
21 2586 1.51614308357 -2584.0 1
22 1646 0.972727060318 -1644.0 1
23 923 0.527693033218 -921.0 1
24 564 0.352385997772 -562.0 1
25 393 0.227538108826 -391.0 1
26 1055 0.59398317337 -1053.0 1
27 2926 1.60064411163 -2924.0 1
28 545 0.481702804565 -543.0 1
29 988 0.473549127579 -986.0 1
30 630 0.332121133804 -628.0 1
31 1289 0.72007894516 -1287.0 1
32 422 0.210339069366 -420.0 1
33 2071 1.23952102661 -2069.0 1
34 715 0.416763067245 -713.0 1
35 2682 1.49740600586 -2680.0 1
36 419 0.241150856018 -417.0 1
37 752 0.430550813675 -750.0 1
38 1400 0.777428150177 -1398.0 1
39 3542 2.01669096947 -3540.0 1
40 4211 2.31416106224 -4209.0 1
41 1694 0.923062086105 -1692.0 1
42 396 0.226677894592 -394.0 1
43 2385 1.26066923141 -2383.0 1
44 367 0.184752941132 -365.0 1
45 419 0.206844091415 -417.0 1
46 290 0.147938013077 -288.0 1
47 474 0.259652137756 -472.0 1
48 278 0.140421867371 -276.0 1
49 530 0.276736021042 -528.0 1
0 1300 0.889497995377 -1298.0 1
1 541 0.248472929001 -539.0 1
2 476 0.217648983002 -474.0 1
3 217 0.0978488922119 -215.0 1
4 157 0.070699930191 -155.0 1
5 398 0.180742025375 -396.0 1
6 276 0.125991106033 -274.0 1
7 250 0.136224031448 -248.0 1
8 114 0.0654709339142 -112.0 1
9 126 0.0638301372528 -124.0 1
10 127 0.0664739608765 -125.0 1
11 149 0.0789089202881 -147.0 1
12 219 0.114445924759 -217.0 1
13 1131 0.611775159836 -1129.0 1
14 146 0.0835299491882 -144.0 1
15 383 0.245466947556 -381.0 1
16 2238 1.33270597458 -2236.0 1
17 139 0.100625038147 -137.0 1
18 290 0.203649997711 -288.0 1
19 136 0.0761198997498 -134.0 1
20 701 0.434703826904 -699.0 1
21 1129 0.628298997879 -1127.0 1
22 159 0.0883028507233 -157.0 1
23 135 0.0745770931244 -133.0 1
24 1924 1.07484602928 -1922.0 1
25 196 0.0964188575745 -194.0 1
26 110 0.0533139705658 -108.0 1
27 146 0.066220998764 -144.0 1
28 346 0.167025089264 -344.0 1
29 519 0.240926027298 -517.0 1
30 1418 0.654709100723 -1416.0 1
31 201 0.0969622135162 -199.0 1
32 363 0.176008939743 -361.0 1
33 1125 0.515836000443 -1123.0 1
34 1998 0.918567895889 -1996.0 1
35 165 0.121448993683 -163.0 1
36 826 0.45956492424 -824.0 1
37 116 0.0640490055084 -114.0 1
38 186 0.103021860123 -184.0 1
39 1633 0.907649993896 -1631.0 1
40 389 0.215270042419 -387.0 1
41 1153 0.592510938644 -1151.0 1
42 3235 1.58528280258 -3233.0 1
43 112 0.0566298961639 -110.0 1
44 103 0.0521488189697 -101.0 1
45 145 0.0735988616943 -143.0 1
46 112 0.0563280582428 -110.0 1
47 124 0.062803030014 -122.0 1
48 1906 1.02301287651 -1904.0 1
49 296 0.140071868896 -294.0 1
0 253 0.117968082428 -251.0 1
1 1305 0.620568990707 -1303.0 1
2 5000 2.62257099152 -4999.0 0
3 5000 2.47644305229 -4999.0 0
4 5000 2.77531194687 -4999.0 0
5 5000 2.63609194756 -4999.0 0
6 5000 2.66155409813 -4999.0 0
7 5000 2.64911794662 -4999.0 0
8 5000 2.39496397972 -4999.0 0
9 5000 2.60404801369 -4999.0 0
10 5000 2.67590403557 -4999.0 0
11 5000 2.6239490509 -4999.0 0
12 5000 2.66163110733 -4999.0 0
13 5000 2.65519499779 -4999.0 0
14 5000 2.77235198021 -4999.0 0
15 5000 2.71070408821 -4999.0 0
16 5000 2.51724410057 -4999.0 0
17 5000 2.78123998642 -4999.0 0
18 5000 2.72833800316 -4999.0 0
19 5000 2.54812383652 -4999.0 0
20 5000 2.999740839 -4999.0 0
21 5000 2.54865193367 -4999.0 0
22 5000 2.62702202797 -4999.0 0
23 5000 2.67884898186 -4999.0 0
24 5000 2.89709877968 -4999.0 0
25 5000 2.71326899529 -4999.0 0
26 5000 2.87470579147 -4999.0 0
27 5000 3.24413204193 -4999.0 0
28 5000 2.84860897064 -4999.0 0
29 5000 2.98182797432 -4999.0 0
30 5000 3.1545279026 -4999.0 0
31 5000 2.83885192871 -4999.0 0
32 5000 2.80826210976 -4999.0 0
33 5000 3.07156419754 -4999.0 0
34 5000 2.8650829792 -4999.0 0
35 5000 2.91055107117 -4999.0 0
36 5000 2.91253399849 -4999.0 0
37 5000 2.85894417763 -4999.0 0
38 5000 2.52464389801 -4999.0 0
39 5000 2.73625302315 -4999.0 0
40 5000 2.60781788826 -4999.0 0
41 5000 2.57374095917 -4999.0 0
42 5000 2.9675848484 -4999.0 0
43 5000 2.70992302895 -4999.0 0
44 5000 2.74643301964 -4999.0 0
45 5000 2.58533000946 -4999.0 0
46 5000 2.5476269722 -4999.0 0
47 5000 2.54807186127 -4999.0 0
48 5000 2.51843214035 -4999.0 0
49 5000 2.53673005104 -4999.0 0
0 2080 0.98477602005 -2078.0 1
1 202 0.101591825485 -200.0 1
2 153 0.0765171051025 -151.0 1
3 365 0.184913158417 -363.0 1
4 356 0.18087887764 -354.0 1
5 871 0.441308021545 -869.0 1
6 139 0.0692789554596 -137.0 1
7 417 0.206320047379 -415.0 1
8 470 0.282786130905 -468.0 1
9 832 0.450747966766 -830.0 1
10 181 0.0908451080322 -179.0 1
11 199 0.0996539592743 -197.0 1
12 601 0.303410053253 -599.0 1
13 867 0.432353019714 -865.0 1
14 1079 0.53290104866 -1077.0 1
15 415 0.199634075165 -413.0 1
16 177 0.081995010376 -175.0 1
17 175 0.0799779891968 -173.0 1
18 253 0.115592956543 -251.0 1
19 388 0.177577972412 -386.0 1
20 192 0.087840795517 -190.0 1
21 458 0.209992170334 -456.0 1
22 265 0.121328115463 -263.0 1
23 230 0.116297006607 -228.0 1
24 567 0.28203701973 -565.0 1
25 151 0.0654809474945 -149.0 1
26 325 0.154126167297 -323.0 1
27 369 0.180397033691 -367.0 1
28 2480 1.22244882584 -2478.0 1
29 582 0.292494058609 -580.0 1
30 979 0.464342832565 -977.0 1
31 194 0.0949099063873 -192.0 1
32 222 0.108147144318 -220.0 1
33 200 0.101217031479 -198.0 1
34 251 0.135926961899 -249.0 1
35 545 0.262372016907 -543.0 1
36 184 0.0866432189941 -182.0 1
37 509 0.241341114044 -507.0 1
38 1054 0.496863126755 -1052.0 1
39 640 0.304250955582 -638.0 1
40 315 0.147561073303 -313.0 1
41 659 0.348938941956 -657.0 1
42 159 0.0941400527954 -157.0 1
43 201 0.100882053375 -199.0 1
44 260 0.126183986664 -258.0 1
45 203 0.125281095505 -201.0 1
46 512 0.254236936569 -510.0 1
47 395 0.219899892807 -393.0 1
48 252 0.135155916214 -250.0 1
49 188 0.0906889438629 -186.0 1
0 438 0.204101085663 -436.0 1
1 1454 0.745105028152 -1452.0 1
2 226 0.120022058487 -224.0 1
3 199 0.105132818222 -197.0 1
4 167 0.0869660377502 -165.0 1
5 366 0.188586950302 -364.0 1
6 315 0.164711952209 -313.0 1
7 278 0.14667391777 -276.0 1
8 436 0.229333877563 -434.0 1
9 241 0.132157802582 -239.0 1
10 213 0.110701084137 -211.0 1
11 167 0.088634967804 -165.0 1
12 169 0.0881240367889 -167.0 1
13 141 0.0754508972168 -139.0 1
14 1328 0.678693056107 -1326.0 1
15 788 0.415843009949 -786.0 1
16 5000 2.38679599762 -4999.0 0
17 5000 2.64491796494 -4999.0 0
18 500 0.256597042084 -498.0 1
19 1334 0.65969991684 -1332.0 1
20 5000 2.53282809258 -4999.0 0
21 1481 0.699100017548 -1479.0 1
22 1132 0.509985923767 -1130.0 1
23 2605 1.37820291519 -2603.0 1
24 3462 1.78978300095 -3460.0 1
25 4455 2.27706313133 -4453.0 1
26 3026 1.62212896347 -3024.0 1
27 211 0.125782012939 -209.0 1
28 1510 0.878576040268 -1508.0 1
29 3580 2.06116199493 -3578.0 1
30 5000 2.72599816322 -4999.0 0
31 1812 0.976583003998 -1810.0 1
32 3261 1.75785303116 -3259.0 1
33 5000 2.64381217957 -4999.0 0
34 158 0.0807228088379 -156.0 1
35 517 0.275073051453 -515.0 1
36 2629 1.60085892677 -2627.0 1
37 1490 0.750681877136 -1488.0 1
38 1184 0.607923984528 -1182.0 1
39 286 0.170567989349 -284.0 1
40 2883 1.46905493736 -2881.0 1
41 830 0.451333045959 -828.0 1
42 5000 2.84278583527 -4999.0 0
43 586 0.292065858841 -584.0 1
44 5000 2.47807884216 -4999.0 0
45 401 0.245352983475 -399.0 1
46 182 0.0902760028839 -180.0 1
47 323 0.181746959686 -321.0 1
48 1449 0.726860046387 -1447.0 1
49 328 0.191534042358 -326.0 1
