trial, number of steps, runtime, accumulated reward, termination
0 12 0.00467109680176 9.0 1
1 12 0.0043740272522 9.0 1
2 13 0.00509095191956 10.0 1
3 9 0.00347590446472 6.0 1
4 11 0.00433993339539 8.0 1
5 12 0.00484013557434 9.0 1
6 12 0.00468587875366 9.0 1
7 11 0.00420808792114 8.0 1
8 9 0.00342106819153 6.0 1
9 11 0.00418615341187 8.0 1
10 9 0.00341200828552 6.0 1
11 8 0.00290012359619 5.0 1
12 8 0.00298094749451 5.0 1
13 9 0.00341105461121 6.0 1
14 11 0.00426411628723 8.0 1
15 11 0.00426888465881 8.0 1
16 12 0.00470590591431 9.0 1
17 12 0.00475716590881 9.0 1
18 13 0.00521993637085 10.0 1
19 12 0.00475597381592 9.0 1
20 11 0.00275707244873 8.0 1
21 11 0.00265502929688 8.0 1
22 8 0.00188994407654 5.0 1
23 9 0.00297212600708 6.0 1
24 11 0.0042200088501 8.0 1
25 12 0.00494885444641 9.0 1
26 12 0.00473594665527 9.0 1
27 12 0.0045428276062 9.0 1
28 12 0.00441098213196 9.0 1
29 12 0.00636696815491 9.0 1
30 12 0.00551891326904 9.0 1
31 13 0.00586009025574 10.0 1
32 10 0.00388312339783 7.0 1
33 10 0.00375080108643 7.0 1
34 13 0.00481605529785 10.0 1
35 8 0.00285983085632 5.0 1
36 10 0.00353598594666 7.0 1
37 12 0.00423383712769 9.0 1
38 8 0.00275111198425 5.0 1
39 9 0.00312280654907 6.0 1
40 11 0.00403618812561 8.0 1
41 11 0.0039689540863 8.0 1
42 8 0.00285792350769 5.0 1
43 11 0.00399088859558 8.0 1
44 11 0.00416302680969 8.0 1
45 10 0.00356578826904 7.0 1
46 8 0.00281310081482 5.0 1
47 10 0.00352096557617 7.0 1
48 9 0.00334715843201 6.0 1
49 10 0.00349402427673 7.0 1
0 9 0.00348901748657 6.0 1
1 12 0.00426387786865 9.0 1
2 11 0.00394511222839 8.0 1
3 11 0.00412106513977 8.0 1
4 10 0.00365495681763 7.0 1
5 9 0.00316596031189 6.0 1
6 12 0.00433897972107 9.0 1
7 10 0.00373888015747 7.0 1
8 13 0.00467705726624 10.0 1
9 8 0.00311613082886 5.0 1
10 8 0.0028669834137 5.0 1
11 9 0.00318193435669 6.0 1
12 12 0.00426721572876 9.0 1
13 8 0.00367712974548 5.0 1
14 10 0.00357699394226 7.0 1
15 11 0.0040111541748 8.0 1
16 10 0.00361299514771 7.0 1
17 9 0.00316500663757 6.0 1
18 10 0.00362491607666 7.0 1
19 10 0.00357508659363 7.0 1
20 9 0.00318694114685 6.0 1
21 11 0.00395202636719 8.0 1
22 11 0.0039849281311 8.0 1
23 10 0.00362801551819 7.0 1
24 9 0.00315594673157 6.0 1
25 10 0.00354290008545 7.0 1
26 11 0.0039050579071 8.0 1
27 12 0.0043420791626 9.0 1
28 8 0.00271987915039 5.0 1
29 9 0.0031590461731 6.0 1
30 13 0.00467610359192 10.0 1
31 10 0.00358080863953 7.0 1
32 11 0.00407814979553 8.0 1
33 9 0.00319910049438 6.0 1
34 10 0.00368595123291 7.0 1
35 10 0.00363993644714 7.0 1
36 11 0.00401878356934 8.0 1
37 8 0.00282502174377 5.0 1
38 11 0.00394201278687 8.0 1
39 9 0.00328803062439 6.0 1
40 8 0.0029411315918 5.0 1
41 11 0.00429916381836 8.0 1
42 11 0.00417494773865 8.0 1
43 10 0.00368404388428 7.0 1
44 9 0.00353193283081 6.0 1
45 11 0.00403499603271 8.0 1
46 9 0.00340914726257 6.0 1
47 9 0.0032742023468 6.0 1
48 10 0.00372314453125 7.0 1
49 9 0.00328898429871 6.0 1
0 8 0.00286984443665 5.0 1
1 8 0.0028088092804 5.0 1
2 9 0.00326418876648 6.0 1
3 8 0.00292301177979 5.0 1
4 10 0.00358390808105 7.0 1
5 9 0.0032000541687 6.0 1
6 8 0.00267601013184 5.0 1
7 9 0.00310397148132 6.0 1
8 10 0.00351595878601 7.0 1
9 9 0.00328993797302 6.0 1
10 11 0.00356698036194 8.0 1
11 10 0.00353717803955 7.0 1
12 9 0.00324606895447 6.0 1
13 11 0.00406312942505 8.0 1
14 12 0.0042610168457 9.0 1
15 9 0.00321912765503 6.0 1
16 10 0.00361084938049 7.0 1
17 8 0.00290703773499 5.0 1
18 9 0.00317001342773 6.0 1
19 9 0.00334787368774 6.0 1
20 8 0.0032320022583 5.0 1
21 11 0.00414800643921 8.0 1
22 8 0.00285196304321 5.0 1
23 12 0.00434517860413 9.0 1
24 10 0.00368404388428 7.0 1
25 9 0.00325298309326 6.0 1
26 8 0.00293302536011 5.0 1
27 9 0.00335001945496 6.0 1
28 9 0.00315308570862 6.0 1
29 12 0.00427603721619 9.0 1
30 11 0.00410890579224 8.0 1
31 11 0.00414705276489 8.0 1
32 13 0.00498199462891 10.0 1
33 13 0.00500082969666 10.0 1
34 9 0.0032320022583 6.0 1
35 9 0.00322508811951 6.0 1
36 11 0.00413489341736 8.0 1
37 11 0.00393891334534 8.0 1
38 12 0.0044641494751 9.0 1
39 11 0.00388884544373 8.0 1
40 11 0.00407290458679 8.0 1
41 8 0.00276708602905 5.0 1
42 10 0.00375413894653 7.0 1
43 8 0.00287079811096 5.0 1
44 9 0.00317192077637 6.0 1
45 11 0.00467801094055 8.0 1
46 12 0.00472784042358 9.0 1
47 8 0.00329494476318 5.0 1
48 8 0.00276684761047 5.0 1
49 8 0.0029239654541 5.0 1
0 12 0.0134129524231 9.0 1
1 11 0.00410413742065 8.0 1
2 9 0.00325608253479 6.0 1
3 10 0.0147001743317 7.0 1
4 11 0.00547409057617 8.0 1
5 12 0.0111820697784 9.0 1
6 12 0.00536489486694 9.0 1
7 13 0.00626111030579 10.0 1
8 8 0.00377798080444 5.0 1
9 13 0.00637602806091 10.0 1
10 10 0.00466394424438 7.0 1
11 11 0.00534582138062 8.0 1
12 9 0.00419497489929 6.0 1
13 12 0.00577807426453 9.0 1
14 11 0.00539112091064 8.0 1
15 12 0.00572800636292 9.0 1
16 12 0.0058479309082 9.0 1
17 13 0.00605201721191 10.0 1
18 16 0.00789499282837 13.0 1
19 11 0.00532507896423 8.0 1
20 8 0.00361490249634 5.0 1
21 11 0.00537395477295 8.0 1
22 9 0.00427508354187 6.0 1
23 11 0.005215883255 8.0 1
24 12 0.00596308708191 9.0 1
25 10 0.00458598136902 7.0 1
26 10 0.00481605529785 7.0 1
27 12 0.00577616691589 9.0 1
28 13 0.00635981559753 10.0 1
29 12 0.00576615333557 9.0 1
30 10 0.00435185432434 7.0 1
31 12 0.00589394569397 9.0 1
32 11 0.00533390045166 8.0 1
33 11 0.0053699016571 8.0 1
34 9 0.00427603721619 6.0 1
35 10 0.00473713874817 7.0 1
36 12 0.00589489936829 9.0 1
37 12 0.00575590133667 9.0 1
38 12 0.00579714775085 9.0 1
39 10 0.00461387634277 7.0 1
40 10 0.00514888763428 7.0 1
41 8 0.003741979599 5.0 1
42 11 0.00531697273254 8.0 1
43 11 0.0053288936615 8.0 1
44 9 0.00427484512329 6.0 1
45 10 0.00479698181152 7.0 1
46 9 0.00430917739868 6.0 1
47 11 0.00535702705383 8.0 1
48 12 0.00587701797485 9.0 1
49 10 0.00470399856567 7.0 1
0 12 0.00599598884583 9.0 1
1 12 0.00592303276062 9.0 1
2 9 0.00431394577026 6.0 1
3 13 0.00644898414612 10.0 1
4 11 0.00530815124512 8.0 1
5 12 0.00583815574646 9.0 1
6 11 0.00527596473694 8.0 1
7 10 0.00483703613281 7.0 1
8 11 0.0052649974823 8.0 1
9 13 0.0062940120697 10.0 1
10 10 0.00478601455688 7.0 1
11 9 0.00425815582275 6.0 1
12 9 0.00427293777466 6.0 1
13 8 0.0039529800415 5.0 1
14 8 0.00387096405029 5.0 1
15 10 0.00489687919617 7.0 1
16 8 0.00396609306335 5.0 1
17 13 0.00652384757996 10.0 1
18 10 0.00498604774475 7.0 1
19 14 0.00705409049988 11.0 1
20 11 0.00544404983521 8.0 1
21 11 0.00541496276855 8.0 1
22 9 0.00449204444885 6.0 1
23 8 0.00387692451477 5.0 1
24 8 0.00385808944702 5.0 1
25 9 0.00433397293091 6.0 1
26 10 0.00499081611633 7.0 1
27 13 0.00640392303467 10.0 1
28 9 0.00439190864563 6.0 1
29 12 0.00617814064026 9.0 1
30 9 0.00448107719421 6.0 1
31 9 0.00437498092651 6.0 1
32 10 0.00484013557434 7.0 1
33 13 0.00669503211975 10.0 1
34 9 0.00442314147949 6.0 1
35 9 0.00437378883362 6.0 1
36 8 0.00391721725464 5.0 1
37 9 0.00459504127502 6.0 1
38 11 0.00559496879578 8.0 1
39 9 0.00447416305542 6.0 1
40 10 0.0050790309906 7.0 1
41 12 0.0061240196228 9.0 1
42 10 0.00504302978516 7.0 1
43 9 0.00449395179749 6.0 1
44 10 0.00505900382996 7.0 1
45 10 0.00505805015564 7.0 1
46 9 0.00453686714172 6.0 1
47 13 0.00666308403015 10.0 1
48 11 0.00549101829529 8.0 1
49 8 0.00402784347534 5.0 1
0 10 0.00533294677734 7.0 1
1 12 0.00620412826538 9.0 1
2 9 0.0045268535614 6.0 1
3 9 0.00453090667725 6.0 1
4 11 0.00544190406799 8.0 1
5 8 0.00380706787109 5.0 1
6 10 0.00496101379395 7.0 1
7 12 0.00606298446655 9.0 1
8 11 0.00548791885376 8.0 1
9 13 0.00654292106628 10.0 1
10 10 0.00500798225403 7.0 1
11 11 0.00541377067566 8.0 1
12 11 0.00530695915222 8.0 1
13 11 0.00553178787231 8.0 1
14 10 0.00520491600037 7.0 1
15 10 0.00483393669128 7.0 1
16 10 0.00481390953064 7.0 1
17 10 0.00494790077209 7.0 1
18 9 0.00445699691772 6.0 1
19 9 0.00448298454285 6.0 1
20 11 0.00558304786682 8.0 1
21 11 0.00563097000122 8.0 1
22 10 0.00497508049011 7.0 1
23 11 0.00533413887024 8.0 1
24 11 0.00729513168335 8.0 1
25 10 0.00497698783875 7.0 1
26 11 0.00544190406799 8.0 1
27 9 0.00437903404236 6.0 1
28 11 0.00537896156311 8.0 1
29 12 0.00596404075623 9.0 1
30 9 0.00443601608276 6.0 1
31 11 0.00537490844727 8.0 1
32 10 0.00493216514587 7.0 1
33 12 0.00596117973328 9.0 1
34 12 0.00595688819885 9.0 1
35 9 0.00432586669922 6.0 1
36 12 0.00591421127319 9.0 1
37 10 0.00495314598083 7.0 1
38 12 0.00599408149719 9.0 1
39 9 0.00428318977356 6.0 1
40 10 0.00477814674377 7.0 1
41 10 0.00485110282898 7.0 1
42 13 0.00648999214172 10.0 1
43 11 0.00536894798279 8.0 1
44 9 0.00434803962708 6.0 1
45 12 0.00583100318909 9.0 1
46 12 0.00589919090271 9.0 1
47 12 0.00591802597046 9.0 1
48 9 0.00428199768066 6.0 1
49 12 0.00583410263062 9.0 1
0 9 0.00462985038757 6.0 1
1 10 0.00481295585632 7.0 1
2 11 0.00522589683533 8.0 1
3 11 0.00536608695984 8.0 1
4 11 0.00535702705383 8.0 1
5 10 0.00488114356995 7.0 1
6 10 0.00480914115906 7.0 1
7 10 0.00479984283447 7.0 1
8 10 0.00475287437439 7.0 1
9 10 0.00476408004761 7.0 1
10 11 0.00534987449646 8.0 1
11 10 0.00482392311096 7.0 1
12 8 0.0038628578186 5.0 1
13 8 0.00378108024597 5.0 1
14 11 0.00544786453247 8.0 1
15 10 0.00493001937866 7.0 1
16 11 0.00536298751831 8.0 1
17 11 0.00532984733582 8.0 1
18 12 0.00589799880981 9.0 1
19 11 0.00533199310303 8.0 1
20 11 0.0053608417511 8.0 1
21 13 0.00633406639099 10.0 1
22 12 0.00579500198364 9.0 1
23 11 0.00530815124512 8.0 1
24 10 0.00479698181152 7.0 1
25 10 0.0048508644104 7.0 1
26 8 0.00374102592468 5.0 1
27 10 0.00482392311096 7.0 1
28 12 0.00581502914429 9.0 1
29 11 0.00534605979919 8.0 1
30 9 0.00429201126099 6.0 1
31 11 0.00532293319702 8.0 1
32 12 0.00576686859131 9.0 1
33 9 0.00433206558228 6.0 1
34 10 0.0048611164093 7.0 1
35 13 0.00651478767395 10.0 1
36 12 0.00592994689941 9.0 1
37 9 0.00437188148499 6.0 1
38 9 0.00444388389587 6.0 1
39 10 0.00489091873169 7.0 1
40 8 0.00374579429626 5.0 1
41 8 0.00376391410828 5.0 1
42 8 0.00374817848206 5.0 1
43 12 0.00586915016174 9.0 1
44 12 0.00596499443054 9.0 1
45 9 0.00436210632324 6.0 1
46 12 0.00593996047974 9.0 1
47 12 0.00596308708191 9.0 1
48 11 0.00539803504944 8.0 1
49 13 0.0064640045166 10.0 1
0 12 0.00615811347961 9.0 1
1 9 0.00436496734619 6.0 1
2 10 0.00487613677979 7.0 1
3 12 0.00588297843933 9.0 1
4 8 0.00378012657166 5.0 1
5 9 0.00431513786316 6.0 1
6 9 0.00432991981506 6.0 1
7 9 0.00433897972107 6.0 1
8 12 0.00580191612244 9.0 1
9 11 0.00536894798279 8.0 1
10 11 0.00536513328552 8.0 1
11 9 0.00431299209595 6.0 1
12 8 0.00376009941101 5.0 1
13 12 0.00589299201965 9.0 1
14 11 0.00534009933472 8.0 1
15 9 0.00427603721619 6.0 1
16 12 0.00589609146118 9.0 1
17 13 0.00641202926636 10.0 1
18 10 0.00482416152954 7.0 1
19 13 0.00647783279419 10.0 1
20 11 0.00534391403198 8.0 1
21 12 0.00596404075623 9.0 1
22 10 0.00485706329346 7.0 1
23 10 0.00498795509338 7.0 1
24 11 0.00542402267456 8.0 1
25 13 0.00640988349915 10.0 1
26 9 0.0043408870697 6.0 1
27 9 0.00433897972107 6.0 1
28 12 0.00598001480103 9.0 1
29 11 0.00542092323303 8.0 1
30 10 0.00479698181152 7.0 1
31 9 0.00429391860962 6.0 1
32 8 0.00371694564819 5.0 1
33 12 0.00596809387207 9.0 1
34 12 0.00593113899231 9.0 1
35 13 0.0063910484314 10.0 1
36 10 0.00479197502136 7.0 1
37 12 0.0058650970459 9.0 1
38 10 0.00478100776672 7.0 1
39 8 0.00374102592468 5.0 1
40 11 0.00533008575439 8.0 1
41 12 0.00581789016724 9.0 1
42 10 0.00475907325745 7.0 1
43 10 0.00479102134705 7.0 1
44 10 0.0048451423645 7.0 1
45 12 0.00585508346558 9.0 1
46 8 0.0037100315094 5.0 1
47 8 0.00378108024597 5.0 1
48 12 0.00579285621643 9.0 1
49 11 0.0053551197052 8.0 1
0 9 0.00444293022156 6.0 1
1 10 0.00478506088257 7.0 1
2 10 0.004723072052 7.0 1
3 11 0.00534915924072 8.0 1
4 11 0.00530219078064 8.0 1
5 9 0.00421118736267 6.0 1
6 12 0.00576496124268 9.0 1
7 9 0.00437307357788 6.0 1
8 12 0.00588798522949 9.0 1
9 8 0.00379705429077 5.0 1
10 11 0.00531697273254 8.0 1
11 11 0.00534892082214 8.0 1
12 9 0.0042929649353 6.0 1
13 12 0.00576090812683 9.0 1
14 10 0.00473809242249 7.0 1
15 10 0.00482606887817 7.0 1
16 9 0.00431489944458 6.0 1
17 11 0.00538897514343 8.0 1
18 9 0.0043408870697 6.0 1
19 12 0.00587797164917 9.0 1
20 12 0.00590705871582 9.0 1
21 9 0.00424408912659 6.0 1
22 11 0.00528001785278 8.0 1
23 11 0.00534296035767 8.0 1
24 8 0.00382399559021 5.0 1
25 12 0.00586485862732 9.0 1
26 10 0.00480890274048 7.0 1
27 10 0.00480484962463 7.0 1
28 11 0.00536417961121 8.0 1
29 9 0.00427794456482 6.0 1
30 12 0.00577807426453 9.0 1
31 12 0.00582003593445 9.0 1
32 10 0.00474381446838 7.0 1
33 13 0.00637102127075 10.0 1
34 8 0.0037100315094 5.0 1
35 9 0.00427293777466 6.0 1
36 12 0.00596594810486 9.0 1
37 9 0.00425386428833 6.0 1
38 12 0.00582504272461 9.0 1
39 12 0.00589203834534 9.0 1
40 10 0.00481200218201 7.0 1
41 8 0.00379586219788 5.0 1
42 10 0.00479698181152 7.0 1
43 11 0.00522804260254 8.0 1
44 9 0.00420498847961 6.0 1
45 12 0.00578308105469 9.0 1
46 11 0.00534105300903 8.0 1
47 10 0.00472903251648 7.0 1
48 13 0.00642609596252 10.0 1
49 12 0.00588393211365 9.0 1
0 12 0.00603580474854 9.0 1
1 10 0.00477194786072 7.0 1
2 9 0.00436997413635 6.0 1
3 12 0.00588703155518 9.0 1
4 10 0.00483298301697 7.0 1
5 11 0.00536298751831 8.0 1
6 12 0.0058388710022 9.0 1
7 10 0.00483298301697 7.0 1
8 9 0.00422811508179 6.0 1
9 10 0.00483703613281 7.0 1
10 12 0.00591492652893 9.0 1
11 10 0.00483584403992 7.0 1
12 11 0.00528287887573 8.0 1
13 11 0.00533294677734 8.0 1
14 9 0.006098985672 6.0 1
15 11 0.00535893440247 8.0 1
16 11 0.00536394119263 8.0 1
17 8 0.00379681587219 5.0 1
18 9 0.00427889823914 6.0 1
19 11 0.00529217720032 8.0 1
20 11 0.00536012649536 8.0 1
21 9 0.00424003601074 6.0 1
22 11 0.00538802146912 8.0 1
23 9 0.00431990623474 6.0 1
24 10 0.004802942276 7.0 1
25 10 0.00482201576233 7.0 1
26 9 0.00430607795715 6.0 1
27 9 0.00430607795715 6.0 1
28 9 0.00439095497131 6.0 1
29 9 0.00433588027954 6.0 1
30 8 0.00380492210388 5.0 1
31 9 0.00433206558228 6.0 1
32 10 0.00483393669128 7.0 1
33 9 0.00433921813965 6.0 1
34 12 0.00583982467651 9.0 1
35 8 0.00376605987549 5.0 1
36 8 0.00378704071045 5.0 1
37 12 0.00594615936279 9.0 1
38 12 0.00587892532349 9.0 1
39 11 0.00530195236206 8.0 1
40 10 0.0048348903656 7.0 1
41 10 0.00479507446289 7.0 1
42 11 0.00526213645935 8.0 1
43 13 0.00640201568604 10.0 1
44 11 0.00542998313904 8.0 1
45 10 0.00490999221802 7.0 1
46 10 0.00481510162354 7.0 1
47 12 0.00586581230164 9.0 1
48 10 0.00478506088257 7.0 1
49 13 0.0063591003418 10.0 1
