trial, number of steps, runtime, accumulated reward, termination
0 5000 2.58863210678 -4999.0 0
1 5000 2.81530213356 -4999.0 0
2 5000 2.70315384865 -4999.0 0
3 5000 2.71821308136 -4999.0 0
4 5000 2.39988493919 -4999.0 0
5 5000 2.39490199089 -4999.0 0
6 5000 2.80128097534 -4999.0 0
7 5000 2.72365903854 -4999.0 0
8 5000 2.6954870224 -4999.0 0
9 5000 2.72773790359 -4999.0 0
10 5000 2.90795683861 -4999.0 0
11 5000 2.52581095695 -4999.0 0
12 5000 2.60192799568 -4999.0 0
13 5000 2.52053904533 -4999.0 0
14 5000 2.56740093231 -4999.0 0
15 5000 2.65062093735 -4999.0 0
16 5000 2.54738998413 -4999.0 0
17 5000 2.79373502731 -4999.0 0
18 5000 2.58478403091 -4999.0 0
19 5000 2.62949514389 -4999.0 0
20 5000 2.73732304573 -4999.0 0
21 5000 2.6388001442 -4999.0 0
22 5000 2.86841011047 -4999.0 0
23 5000 2.95509505272 -4999.0 0
24 5000 2.68303990364 -4999.0 0
25 5000 2.80025601387 -4999.0 0
26 5000 2.55015182495 -4999.0 0
27 5000 2.7042222023 -4999.0 0
28 5000 2.64936995506 -4999.0 0
29 5000 2.80519104004 -4999.0 0
30 5000 2.37911391258 -4999.0 0
31 5000 2.52375507355 -4999.0 0
32 5000 2.66373491287 -4999.0 0
33 5000 2.45068407059 -4999.0 0
34 5000 2.52204799652 -4999.0 0
35 5000 2.36852002144 -4999.0 0
36 5000 3.37154889107 -4999.0 0
37 5000 3.01320505142 -4999.0 0
38 5000 2.69819307327 -4999.0 0
39 5000 2.68748617172 -4999.0 0
40 5000 2.69659805298 -4999.0 0
41 5000 3.00490403175 -4999.0 0
42 5000 2.80073404312 -4999.0 0
43 5000 2.47976517677 -4999.0 0
44 5000 2.63837099075 -4999.0 0
45 5000 2.70477294922 -4999.0 0
46 5000 2.81709504128 -4999.0 0
47 5000 2.78170609474 -4999.0 0
48 5000 2.77189397812 -4999.0 0
49 5000 2.3781042099 -4999.0 0
0 5000 2.99254894257 -4999.0 0
1 5000 2.86176395416 -4999.0 0
2 5000 2.90995502472 -4999.0 0
3 5000 2.73822879791 -4999.0 0
4 5000 2.58537101746 -4999.0 0
5 5000 2.65895485878 -4999.0 0
6 5000 2.78623390198 -4999.0 0
7 5000 2.63909912109 -4999.0 0
8 5000 2.65412592888 -4999.0 0
9 5000 2.64202904701 -4999.0 0
10 5000 2.6225810051 -4999.0 0
11 5000 2.53376698494 -4999.0 0
12 5000 2.53248810768 -4999.0 0
13 5000 2.49195599556 -4999.0 0
14 5000 2.74207997322 -4999.0 0
15 5000 2.65618991852 -4999.0 0
16 5000 2.7012591362 -4999.0 0
17 5000 2.56665802002 -4999.0 0
18 5000 2.73706197739 -4999.0 0
19 5000 2.72941708565 -4999.0 0
20 5000 2.80845499039 -4999.0 0
21 5000 2.64568114281 -4999.0 0
22 5000 2.59586596489 -4999.0 0
23 5000 2.81082391739 -4999.0 0
24 5000 3.0028719902 -4999.0 0
25 5000 3.13270187378 -4999.0 0
26 5000 2.95891499519 -4999.0 0
27 5000 2.64027500153 -4999.0 0
28 5000 2.56386899948 -4999.0 0
29 5000 2.50936293602 -4999.0 0
30 5000 2.79083418846 -4999.0 0
31 5000 2.72606897354 -4999.0 0
32 5000 2.61286592484 -4999.0 0
33 5000 2.52116203308 -4999.0 0
34 5000 2.81755113602 -4999.0 0
35 5000 2.94625496864 -4999.0 0
36 5000 2.36750411987 -4999.0 0
37 5000 2.42739510536 -4999.0 0
38 5000 2.68363714218 -4999.0 0
39 5000 2.45872807503 -4999.0 0
40 5000 2.82306599617 -4999.0 0
41 5000 2.76837801933 -4999.0 0
42 5000 2.65487909317 -4999.0 0
43 5000 2.64837598801 -4999.0 0
44 5000 2.51636004448 -4999.0 0
45 5000 2.56237983704 -4999.0 0
46 5000 2.79329109192 -4999.0 0
47 5000 2.69342899323 -4999.0 0
48 5000 2.68748998642 -4999.0 0
49 5000 2.83117699623 -4999.0 0
0 5000 2.82220411301 -4999.0 0
1 5000 2.86478996277 -4999.0 0
2 5000 2.77575516701 -4999.0 0
3 5000 2.66288399696 -4999.0 0
4 5000 2.61474704742 -4999.0 0
5 5000 2.63474202156 -4999.0 0
6 5000 2.48038887978 -4999.0 0
7 5000 2.57697892189 -4999.0 0
8 5000 2.68302106857 -4999.0 0
9 5000 2.54976296425 -4999.0 0
10 5000 3.05757212639 -4999.0 0
11 5000 2.71979904175 -4999.0 0
12 5000 2.81915020943 -4999.0 0
13 5000 2.87322688103 -4999.0 0
14 5000 2.58232784271 -4999.0 0
15 5000 2.6672539711 -4999.0 0
16 5000 2.62364220619 -4999.0 0
17 5000 2.61369895935 -4999.0 0
18 5000 2.65260910988 -4999.0 0
19 5000 2.52288508415 -4999.0 0
20 5000 2.69898915291 -4999.0 0
21 5000 2.74039912224 -4999.0 0
22 5000 2.84718203545 -4999.0 0
23 5000 3.06856703758 -4999.0 0
24 5000 3.13124203682 -4999.0 0
25 5000 2.45448207855 -4999.0 0
26 5000 2.54743218422 -4999.0 0
27 5000 2.56758785248 -4999.0 0
28 5000 2.34239697456 -4999.0 0
29 5000 2.63183498383 -4999.0 0
30 5000 2.71435284615 -4999.0 0
31 5000 2.59771800041 -4999.0 0
32 5000 2.59890508652 -4999.0 0
33 5000 2.54399585724 -4999.0 0
34 5000 2.53951191902 -4999.0 0
35 5000 2.55362701416 -4999.0 0
36 5000 2.60427093506 -4999.0 0
37 5000 2.61261081696 -4999.0 0
38 5000 2.78184199333 -4999.0 0
39 5000 2.92624902725 -4999.0 0
40 5000 2.5389919281 -4999.0 0
41 5000 2.78384184837 -4999.0 0
42 5000 2.81015300751 -4999.0 0
43 5000 2.53050899506 -4999.0 0
44 5000 2.47959399223 -4999.0 0
45 5000 2.36511707306 -4999.0 0
46 5000 2.44808697701 -4999.0 0
47 5000 2.4100549221 -4999.0 0
48 5000 2.5043399334 -4999.0 0
49 5000 2.61207485199 -4999.0 0
0 5000 2.64536690712 -4999.0 0
1 5000 2.75242686272 -4999.0 0
2 5000 2.38384008408 -4999.0 0
3 5000 2.50819611549 -4999.0 0
4 5000 2.39353394508 -4999.0 0
5 5000 2.65948820114 -4999.0 0
6 5000 2.41856884956 -4999.0 0
7 5000 2.57327103615 -4999.0 0
8 5000 2.5272629261 -4999.0 0
9 5000 2.50090312958 -4999.0 0
10 5000 2.70801901817 -4999.0 0
11 5000 2.46718192101 -4999.0 0
12 5000 2.82177495956 -4999.0 0
13 5000 2.52679920197 -4999.0 0
14 5000 2.43613290787 -4999.0 0
15 5000 2.60174107552 -4999.0 0
16 5000 2.59705090523 -4999.0 0
17 5000 2.5760140419 -4999.0 0
18 5000 2.50036287308 -4999.0 0
19 5000 2.58456897736 -4999.0 0
20 5000 2.86248016357 -4999.0 0
21 5000 2.66737008095 -4999.0 0
22 5000 2.67082309723 -4999.0 0
23 5000 2.58338809013 -4999.0 0
24 5000 2.57100987434 -4999.0 0
25 5000 2.60286021233 -4999.0 0
26 5000 2.40886712074 -4999.0 0
27 5000 2.59749817848 -4999.0 0
28 5000 2.61632990837 -4999.0 0
29 5000 2.41143512726 -4999.0 0
30 5000 2.58878684044 -4999.0 0
31 5000 2.57062101364 -4999.0 0
32 5000 2.60776805878 -4999.0 0
33 5000 2.40049004555 -4999.0 0
34 5000 2.62205886841 -4999.0 0
35 5000 2.76393485069 -4999.0 0
36 5000 2.61228990555 -4999.0 0
37 5000 2.8983540535 -4999.0 0
38 5000 2.48667693138 -4999.0 0
39 5000 2.49196505547 -4999.0 0
40 5000 2.50002598763 -4999.0 0
41 5000 3.29705190659 -4999.0 0
42 5000 3.12995386124 -4999.0 0
43 5000 3.21325397491 -4999.0 0
44 5000 3.01599502563 -4999.0 0
45 5000 3.15331912041 -4999.0 0
46 5000 3.33970212936 -4999.0 0
47 5000 2.78975486755 -4999.0 0
48 5000 2.4964120388 -4999.0 0
49 5000 2.51919198036 -4999.0 0
0 5000 2.59942007065 -4999.0 0
1 5000 2.73606300354 -4999.0 0
2 5000 2.52279400826 -4999.0 0
3 5000 2.53678488731 -4999.0 0
4 5000 2.46178889275 -4999.0 0
5 5000 2.64978504181 -4999.0 0
6 5000 2.50357604027 -4999.0 0
7 5000 2.49437212944 -4999.0 0
8 5000 2.63987994194 -4999.0 0
9 5000 2.50379300117 -4999.0 0
10 5000 2.69311308861 -4999.0 0
11 5000 2.43387198448 -4999.0 0
12 5000 2.52556490898 -4999.0 0
13 5000 2.35803699493 -4999.0 0
14 5000 2.72766017914 -4999.0 0
15 5000 2.90403199196 -4999.0 0
16 5000 2.92238306999 -4999.0 0
17 5000 2.59917092323 -4999.0 0
18 5000 2.61096191406 -4999.0 0
19 5000 2.56091094017 -4999.0 0
20 5000 2.43099403381 -4999.0 0
21 5000 2.5248670578 -4999.0 0
22 5000 2.5229818821 -4999.0 0
23 5000 2.67173695564 -4999.0 0
24 5000 2.69315314293 -4999.0 0
25 5000 2.68585205078 -4999.0 0
26 5000 2.69080901146 -4999.0 0
27 5000 2.69989991188 -4999.0 0
28 5000 2.83612084389 -4999.0 0
29 5000 2.58288788795 -4999.0 0
30 5000 2.62314009666 -4999.0 0
31 5000 2.73568105698 -4999.0 0
32 5000 2.72437286377 -4999.0 0
33 5000 2.74717998505 -4999.0 0
34 5000 2.74458503723 -4999.0 0
35 5000 2.73704314232 -4999.0 0
36 5000 2.71549606323 -4999.0 0
37 5000 2.71996879578 -4999.0 0
38 5000 2.76243495941 -4999.0 0
39 5000 2.83609199524 -4999.0 0
40 5000 3.16581702232 -4999.0 0
41 5000 2.8058218956 -4999.0 0
42 5000 2.72990298271 -4999.0 0
43 5000 2.65359997749 -4999.0 0
44 5000 2.74304485321 -4999.0 0
45 5000 2.53834795952 -4999.0 0
46 5000 2.53303003311 -4999.0 0
47 5000 2.4114382267 -4999.0 0
48 5000 2.83452606201 -4999.0 0
49 5000 2.60592603683 -4999.0 0
0 5000 2.85369205475 -4999.0 0
1 5000 2.84285712242 -4999.0 0
2 5000 2.37830805779 -4999.0 0
3 5000 2.52686882019 -4999.0 0
4 5000 2.51971197128 -4999.0 0
5 5000 2.65686798096 -4999.0 0
6 5000 2.49753499031 -4999.0 0
7 5000 2.57811188698 -4999.0 0
8 5000 2.77885198593 -4999.0 0
9 5000 2.6554620266 -4999.0 0
10 5000 2.66982007027 -4999.0 0
11 5000 2.53063392639 -4999.0 0
12 5000 2.71523594856 -4999.0 0
13 5000 2.68104600906 -4999.0 0
14 5000 2.72541880608 -4999.0 0
15 5000 2.48479294777 -4999.0 0
16 5000 2.55721902847 -4999.0 0
17 5000 2.46711492538 -4999.0 0
18 5000 2.39923906326 -4999.0 0
19 5000 3.43904304504 -4999.0 0
20 5000 2.75448203087 -4999.0 0
21 5000 2.62973189354 -4999.0 0
22 5000 2.70922803879 -4999.0 0
23 5000 2.78249907494 -4999.0 0
24 5000 2.63167214394 -4999.0 0
25 5000 2.80145597458 -4999.0 0
26 5000 2.52004218102 -4999.0 0
27 5000 2.46510314941 -4999.0 0
28 5000 2.67841005325 -4999.0 0
29 5000 2.54920196533 -4999.0 0
30 5000 2.73090982437 -4999.0 0
31 5000 3.03372812271 -4999.0 0
32 5000 3.30439305305 -4999.0 0
33 5000 3.26087498665 -4999.0 0
34 5000 3.48933792114 -4999.0 0
35 5000 3.29695701599 -4999.0 0
36 5000 2.98432302475 -4999.0 0
37 5000 3.42762207985 -4999.0 0
38 5000 3.32016301155 -4999.0 0
39 5000 2.99266314507 -4999.0 0
40 5000 2.50700807571 -4999.0 0
41 5000 2.62475085258 -4999.0 0
42 5000 2.71789193153 -4999.0 0
43 5000 2.4404399395 -4999.0 0
44 5000 2.51369905472 -4999.0 0
45 5000 2.59740710258 -4999.0 0
46 5000 2.88168096542 -4999.0 0
47 5000 2.60073685646 -4999.0 0
48 5000 2.67356300354 -4999.0 0
49 5000 2.53271102905 -4999.0 0
0 821 0.419375896454 -819.0 1
1 2105 1.17184686661 -2103.0 1
2 2450 1.43509507179 -2448.0 1
3 3042 1.7331829071 -3040.0 1
4 2045 1.16130399704 -2043.0 1
5 2065 1.13241791725 -2063.0 1
6 2481 1.33171701431 -2479.0 1
7 3101 1.54716801643 -3099.0 1
8 2396 1.18252706528 -2394.0 1
9 1851 0.856867074966 -1849.0 1
10 2523 1.36601185799 -2521.0 1
11 3525 1.7995390892 -3523.0 1
12 3104 1.98514890671 -3102.0 1
13 2618 1.27042603493 -2616.0 1
14 1747 0.860897064209 -1745.0 1
15 1086 0.508884906769 -1084.0 1
16 2678 1.37510895729 -2676.0 1
17 1914 1.00233888626 -1912.0 1
18 1296 0.665175914764 -1294.0 1
19 4031 2.02519702911 -4029.0 1
20 2151 1.14474606514 -2149.0 1
21 1558 0.767876148224 -1556.0 1
22 2674 1.35188007355 -2672.0 1
23 1483 0.805166006088 -1481.0 1
24 4756 2.53484892845 -4754.0 1
25 4680 2.39592599869 -4678.0 1
26 3052 1.8922598362 -3050.0 1
27 4577 2.49454092979 -4575.0 1
28 3046 1.5523891449 -3044.0 1
29 1745 0.901223182678 -1743.0 1
30 3077 1.5552918911 -3075.0 1
31 5000 2.86189603806 -4999.0 0
32 2036 0.947813987732 -2034.0 1
33 2059 0.95040512085 -2057.0 1
34 3008 1.74649405479 -3006.0 1
35 2720 1.3831038475 -2718.0 1
36 2780 1.43679499626 -2778.0 1
37 4707 2.4043610096 -4705.0 1
38 2457 1.25160813332 -2455.0 1
39 1592 0.802952051163 -1590.0 1
40 2191 1.19673299789 -2189.0 1
41 2547 1.41677618027 -2545.0 1
42 2097 1.10884809494 -2095.0 1
43 2421 1.5288028717 -2419.0 1
44 1244 0.586997032166 -1242.0 1
45 4067 2.23775601387 -4065.0 1
46 1541 0.796064853668 -1539.0 1
47 1384 0.658879041672 -1382.0 1
48 2250 1.13006496429 -2248.0 1
49 4773 2.43134498596 -4771.0 1
0 5000 2.51661896706 -4999.0 0
1 5000 3.0356490612 -4999.0 0
2 5000 3.02115511894 -4999.0 0
3 5000 2.54317188263 -4999.0 0
4 5000 2.96212291718 -4999.0 0
5 5000 3.0593290329 -4999.0 0
6 5000 2.6721739769 -4999.0 0
7 5000 2.43090009689 -4999.0 0
8 5000 3.09350013733 -4999.0 0
9 5000 2.74364805222 -4999.0 0
10 5000 2.58901715279 -4999.0 0
11 5000 2.63832402229 -4999.0 0
12 5000 2.56448411942 -4999.0 0
13 5000 2.59105181694 -4999.0 0
14 5000 2.58226299286 -4999.0 0
15 5000 2.6552670002 -4999.0 0
16 5000 2.61162996292 -4999.0 0
17 5000 2.79462003708 -4999.0 0
18 5000 2.55086398125 -4999.0 0
19 5000 2.64430189133 -4999.0 0
20 5000 2.54233002663 -4999.0 0
21 5000 2.51324295998 -4999.0 0
22 5000 2.62578678131 -4999.0 0
23 5000 2.51965689659 -4999.0 0
24 5000 2.73457384109 -4999.0 0
25 5000 2.64186501503 -4999.0 0
26 5000 2.56734609604 -4999.0 0
27 5000 2.63569498062 -4999.0 0
28 5000 2.56513285637 -4999.0 0
29 5000 2.45816111565 -4999.0 0
30 5000 2.5063598156 -4999.0 0
31 5000 2.68037104607 -4999.0 0
32 5000 2.90555286407 -4999.0 0
33 5000 2.74216389656 -4999.0 0
34 5000 2.61696314812 -4999.0 0
35 5000 2.41952681541 -4999.0 0
36 5000 2.41549420357 -4999.0 0
37 5000 2.60047602654 -4999.0 0
38 5000 2.70666503906 -4999.0 0
39 5000 2.54964399338 -4999.0 0
40 5000 3.00769209862 -4999.0 0
41 5000 2.61224794388 -4999.0 0
42 5000 2.49098992348 -4999.0 0
43 5000 2.56610584259 -4999.0 0
44 5000 2.51538205147 -4999.0 0
45 5000 2.59513902664 -4999.0 0
46 5000 2.63695406914 -4999.0 0
47 5000 2.87256598473 -4999.0 0
48 5000 2.65061903 -4999.0 0
49 5000 2.63146805763 -4999.0 0
0 5000 2.82105612755 -4999.0 0
1 5000 2.62759518623 -4999.0 0
2 5000 2.80966496468 -4999.0 0
3 5000 2.73550581932 -4999.0 0
4 5000 2.71778202057 -4999.0 0
5 5000 2.39225506783 -4999.0 0
6 5000 2.49273705482 -4999.0 0
7 5000 2.79900503159 -4999.0 0
8 5000 2.45283985138 -4999.0 0
9 5000 2.60820221901 -4999.0 0
10 5000 2.69384503365 -4999.0 0
11 5000 2.65966010094 -4999.0 0
12 5000 2.99717092514 -4999.0 0
13 5000 2.79574203491 -4999.0 0
14 5000 2.66007590294 -4999.0 0
15 5000 2.57580804825 -4999.0 0
16 5000 2.56222295761 -4999.0 0
17 5000 2.4967110157 -4999.0 0
18 5000 2.68305397034 -4999.0 0
19 5000 2.49689888954 -4999.0 0
20 5000 2.76384401321 -4999.0 0
21 5000 2.60021686554 -4999.0 0
22 5000 2.53803396225 -4999.0 0
23 5000 2.87703585625 -4999.0 0
24 5000 2.62706184387 -4999.0 0
25 5000 2.67072987556 -4999.0 0
26 5000 2.66671180725 -4999.0 0
27 5000 2.62827992439 -4999.0 0
28 5000 2.61622095108 -4999.0 0
29 5000 2.35652422905 -4999.0 0
30 5000 2.40214705467 -4999.0 0
31 5000 2.7832198143 -4999.0 0
32 5000 2.4652159214 -4999.0 0
33 5000 2.38120388985 -4999.0 0
34 5000 2.56354808807 -4999.0 0
35 5000 2.94863700867 -4999.0 0
36 5000 2.56977415085 -4999.0 0
37 5000 2.45602703094 -4999.0 0
38 5000 2.61487007141 -4999.0 0
39 5000 2.70326709747 -4999.0 0
40 5000 2.45125317574 -4999.0 0
41 5000 2.5814230442 -4999.0 0
42 5000 2.51887893677 -4999.0 0
43 5000 2.55523490906 -4999.0 0
44 5000 2.82970786095 -4999.0 0
45 5000 2.91098093987 -4999.0 0
46 5000 2.77103900909 -4999.0 0
47 5000 2.55937004089 -4999.0 0
48 5000 2.6023709774 -4999.0 0
49 5000 2.57651114464 -4999.0 0
0 5000 2.54966211319 -4999.0 0
1 5000 2.86084008217 -4999.0 0
2 5000 2.78823113441 -4999.0 0
3 5000 2.46519088745 -4999.0 0
4 5000 2.92835903168 -4999.0 0
5 5000 2.95614314079 -4999.0 0
6 5000 2.66557478905 -4999.0 0
7 5000 2.61227679253 -4999.0 0
8 5000 2.79278206825 -4999.0 0
9 5000 2.68315601349 -4999.0 0
10 5000 2.43256402016 -4999.0 0
11 5000 2.49297714233 -4999.0 0
12 5000 2.61500692368 -4999.0 0
13 5000 2.68940496445 -4999.0 0
14 5000 2.81973099709 -4999.0 0
15 5000 2.90522408485 -4999.0 0
16 5000 2.86277198792 -4999.0 0
17 5000 2.66928505898 -4999.0 0
18 5000 2.6600561142 -4999.0 0
19 5000 2.67138504982 -4999.0 0
20 5000 2.6824259758 -4999.0 0
21 5000 2.77028989792 -4999.0 0
22 5000 2.72885584831 -4999.0 0
23 5000 3.30285596848 -4999.0 0
24 5000 3.25075507164 -4999.0 0
25 5000 3.22922110558 -4999.0 0
26 5000 3.88164305687 -4999.0 0
27 5000 2.94503998756 -4999.0 0
28 5000 2.61779904366 -4999.0 0
29 5000 2.6279258728 -4999.0 0
30 5000 2.60289120674 -4999.0 0
31 5000 2.66346716881 -4999.0 0
32 5000 2.67041993141 -4999.0 0
33 5000 2.69921183586 -4999.0 0
34 5000 2.69123983383 -4999.0 0
35 5000 2.65260982513 -4999.0 0
36 5000 2.68702411652 -4999.0 0
37 5000 2.6889359951 -4999.0 0
38 5000 2.60720896721 -4999.0 0
39 5000 2.62902617455 -4999.0 0
40 5000 2.68790602684 -4999.0 0
41 5000 2.71633696556 -4999.0 0
42 5000 2.70260214806 -4999.0 0
43 5000 2.69473099709 -4999.0 0
44 5000 2.64502692223 -4999.0 0
45 5000 2.8074798584 -4999.0 0
46 5000 2.72029399872 -4999.0 0
47 5000 2.60341501236 -4999.0 0
48 5000 2.6569750309 -4999.0 0
49 5000 2.6371319294 -4999.0 0
