trial, number of steps, runtime, accumulated reward, termination
0 5000 2.71674203873 -4999.0 0
1 5000 2.64968514442 -4999.0 0
2 5000 3.05575108528 -4999.0 0
3 5000 2.85016989708 -4999.0 0
4 5000 2.68384194374 -4999.0 0
5 5000 2.62537384033 -4999.0 0
6 5000 2.58310198784 -4999.0 0
7 5000 2.68496203423 -4999.0 0
8 5000 2.67451000214 -4999.0 0
9 5000 2.71303510666 -4999.0 0
10 5000 3.03817200661 -4999.0 0
11 5000 2.86669206619 -4999.0 0
12 5000 2.77758002281 -4999.0 0
13 5000 2.43776917458 -4999.0 0
14 5000 2.66354084015 -4999.0 0
15 5000 2.60115003586 -4999.0 0
16 5000 2.78650593758 -4999.0 0
17 5000 2.57213902473 -4999.0 0
18 5000 2.52063679695 -4999.0 0
19 5000 2.58999204636 -4999.0 0
20 5000 2.62059187889 -4999.0 0
21 5000 2.51099610329 -4999.0 0
22 5000 2.75237107277 -4999.0 0
23 5000 2.58490490913 -4999.0 0
24 5000 2.62271904945 -4999.0 0
25 5000 2.82068395615 -4999.0 0
26 5000 2.78775405884 -4999.0 0
27 5000 2.68997502327 -4999.0 0
28 5000 2.88881897926 -4999.0 0
29 5000 3.38987112045 -4999.0 0
30 5000 3.41510105133 -4999.0 0
31 5000 3.17623901367 -4999.0 0
32 5000 3.2477619648 -4999.0 0
33 5000 3.25139117241 -4999.0 0
34 5000 3.26479411125 -4999.0 0
35 5000 3.29192090034 -4999.0 0
36 5000 3.25181007385 -4999.0 0
37 5000 3.26278090477 -4999.0 0
38 5000 3.13959503174 -4999.0 0
39 5000 3.20570015907 -4999.0 0
40 5000 2.70747208595 -4999.0 0
41 5000 2.62465786934 -4999.0 0
42 5000 2.85436987877 -4999.0 0
43 5000 2.67832398415 -4999.0 0
44 5000 2.69233894348 -4999.0 0
45 5000 2.77619600296 -4999.0 0
46 5000 2.66864800453 -4999.0 0
47 5000 2.60183596611 -4999.0 0
48 5000 2.82982301712 -4999.0 0
49 5000 2.61116290092 -4999.0 0
0 5000 2.73136591911 -4999.0 0
1 5000 2.66306900978 -4999.0 0
2 5000 2.57472681999 -4999.0 0
3 5000 2.8519320488 -4999.0 0
4 5000 2.70942497253 -4999.0 0
5 5000 2.60027194023 -4999.0 0
6 5000 2.43372797966 -4999.0 0
7 5000 2.22553086281 -4999.0 0
8 5000 2.79129099846 -4999.0 0
9 5000 2.40080499649 -4999.0 0
10 5000 2.47931289673 -4999.0 0
11 5000 2.44663405418 -4999.0 0
12 5000 2.49816989899 -4999.0 0
13 5000 2.43240785599 -4999.0 0
14 5000 2.24697899818 -4999.0 0
15 5000 2.53486609459 -4999.0 0
16 5000 2.52962589264 -4999.0 0
17 5000 2.57130098343 -4999.0 0
18 5000 2.6870470047 -4999.0 0
19 5000 2.82056713104 -4999.0 0
20 5000 2.81321907043 -4999.0 0
21 5000 2.73741006851 -4999.0 0
22 5000 2.85568499565 -4999.0 0
23 5000 2.71151804924 -4999.0 0
24 5000 2.65984797478 -4999.0 0
25 5000 2.76960682869 -4999.0 0
26 5000 2.79303097725 -4999.0 0
27 5000 2.73648786545 -4999.0 0
28 5000 3.01238489151 -4999.0 0
29 5000 2.70128297806 -4999.0 0
30 5000 2.86455392838 -4999.0 0
31 5000 2.56688404083 -4999.0 0
32 5000 2.27407097816 -4999.0 0
33 5000 2.33406114578 -4999.0 0
34 5000 2.41982603073 -4999.0 0
35 5000 2.52107191086 -4999.0 0
36 5000 2.86042308807 -4999.0 0
37 5000 2.60186696053 -4999.0 0
38 5000 2.67393302917 -4999.0 0
39 5000 2.71285414696 -4999.0 0
40 5000 2.88036394119 -4999.0 0
41 5000 2.43664717674 -4999.0 0
42 5000 2.69814395905 -4999.0 0
43 5000 2.70396709442 -4999.0 0
44 5000 2.70609498024 -4999.0 0
45 5000 2.6093378067 -4999.0 0
46 5000 2.86870098114 -4999.0 0
47 5000 2.80054306984 -4999.0 0
48 5000 3.09867882729 -4999.0 0
49 5000 2.59450697899 -4999.0 0
0 5000 2.65463685989 -4999.0 0
1 5000 2.52488994598 -4999.0 0
2 5000 2.61257886887 -4999.0 0
3 5000 2.88154292107 -4999.0 0
4 5000 3.00122690201 -4999.0 0
5 5000 2.50684309006 -4999.0 0
6 5000 2.74477601051 -4999.0 0
7 5000 2.73099398613 -4999.0 0
8 5000 2.79110407829 -4999.0 0
9 5000 2.77304887772 -4999.0 0
10 5000 2.72847104073 -4999.0 0
11 5000 2.74152517319 -4999.0 0
12 5000 3.12440896034 -4999.0 0
13 5000 3.41985678673 -4999.0 0
14 5000 3.09205317497 -4999.0 0
15 5000 2.86592006683 -4999.0 0
16 5000 2.87940788269 -4999.0 0
17 5000 2.56114602089 -4999.0 0
18 5000 2.52823996544 -4999.0 0
19 5000 2.75586605072 -4999.0 0
20 5000 3.14550209045 -4999.0 0
21 5000 2.60242009163 -4999.0 0
22 5000 2.72118902206 -4999.0 0
23 5000 2.51177620888 -4999.0 0
24 5000 2.70437288284 -4999.0 0
25 5000 2.58715701103 -4999.0 0
26 5000 2.89500498772 -4999.0 0
27 5000 3.49580717087 -4999.0 0
28 5000 3.389991045 -4999.0 0
29 5000 3.53192090988 -4999.0 0
30 5000 2.65928506851 -4999.0 0
31 5000 2.55670189857 -4999.0 0
32 5000 2.51514792442 -4999.0 0
33 5000 2.78769302368 -4999.0 0
34 5000 2.56548404694 -4999.0 0
35 5000 2.69810295105 -4999.0 0
36 5000 2.76835489273 -4999.0 0
37 5000 2.91067385674 -4999.0 0
38 5000 2.77549099922 -4999.0 0
39 5000 2.82866096497 -4999.0 0
40 5000 2.75051999092 -4999.0 0
41 5000 2.84139895439 -4999.0 0
42 5000 3.07220101357 -4999.0 0
43 5000 2.66858100891 -4999.0 0
44 5000 2.65840315819 -4999.0 0
45 5000 2.74085283279 -4999.0 0
46 5000 2.49522089958 -4999.0 0
47 5000 2.52098202705 -4999.0 0
48 5000 2.48032212257 -4999.0 0
49 5000 2.660779953 -4999.0 0
0 5000 2.7814719677 -4999.0 0
1 5000 2.84433984756 -4999.0 0
2 5000 2.71329188347 -4999.0 0
3 5000 2.65367388725 -4999.0 0
4 5000 2.61429905891 -4999.0 0
5 5000 2.70107507706 -4999.0 0
6 5000 2.70951890945 -4999.0 0
7 5000 2.74436903 -4999.0 0
8 5000 2.98495292664 -4999.0 0
9 5000 2.28180503845 -4999.0 0
10 5000 2.49908995628 -4999.0 0
11 5000 2.21008706093 -4999.0 0
12 5000 2.69855093956 -4999.0 0
13 5000 2.68079018593 -4999.0 0
14 5000 2.60647392273 -4999.0 0
15 5000 2.46837806702 -4999.0 0
16 5000 3.01176905632 -4999.0 0
17 5000 2.30845689774 -4999.0 0
18 5000 2.31052207947 -4999.0 0
19 5000 2.36155200005 -4999.0 0
20 5000 2.44180393219 -4999.0 0
21 5000 2.47696089745 -4999.0 0
22 5000 2.2336139679 -4999.0 0
23 5000 2.16893410683 -4999.0 0
24 5000 3.14817500114 -4999.0 0
25 5000 2.32900691032 -4999.0 0
26 5000 2.3264632225 -4999.0 0
27 5000 3.71130490303 -4999.0 0
28 5000 3.85503816605 -4999.0 0
29 5000 3.82547497749 -4999.0 0
30 5000 2.71128511429 -4999.0 0
31 5000 2.64677190781 -4999.0 0
32 5000 2.65311193466 -4999.0 0
33 5000 2.57291698456 -4999.0 0
34 5000 2.60188913345 -4999.0 0
35 5000 2.67606401443 -4999.0 0
36 5000 2.52836513519 -4999.0 0
37 5000 2.61483502388 -4999.0 0
38 5000 2.61128783226 -4999.0 0
39 5000 2.61226701736 -4999.0 0
40 5000 2.55148410797 -4999.0 0
41 5000 2.54561400414 -4999.0 0
42 5000 2.86342000961 -4999.0 0
43 5000 2.37778186798 -4999.0 0
44 5000 2.27143502235 -4999.0 0
45 5000 2.46282887459 -4999.0 0
46 5000 2.35015892982 -4999.0 0
47 5000 2.70985388756 -4999.0 0
48 5000 2.45192193985 -4999.0 0
49 5000 2.51571321487 -4999.0 0
0 5000 2.26159000397 -4999.0 0
1 5000 2.45399308205 -4999.0 0
2 5000 2.30483603477 -4999.0 0
3 5000 2.70093107224 -4999.0 0
4 5000 3.10253596306 -4999.0 0
5 5000 3.08847308159 -4999.0 0
6 5000 3.09251594543 -4999.0 0
7 5000 3.10287809372 -4999.0 0
8 5000 3.04328608513 -4999.0 0
9 5000 2.89899206161 -4999.0 0
10 5000 2.43857622147 -4999.0 0
11 5000 2.30851697922 -4999.0 0
12 5000 2.78541612625 -4999.0 0
13 5000 2.84528779984 -4999.0 0
14 5000 2.69888186455 -4999.0 0
15 5000 2.84387016296 -4999.0 0
16 5000 2.75757598877 -4999.0 0
17 5000 2.81710290909 -4999.0 0
18 5000 2.70416784286 -4999.0 0
19 5000 2.71924686432 -4999.0 0
20 5000 2.25696206093 -4999.0 0
21 5000 2.4533162117 -4999.0 0
22 5000 2.47875595093 -4999.0 0
23 5000 2.27118182182 -4999.0 0
24 5000 2.24954009056 -4999.0 0
25 5000 2.40616989136 -4999.0 0
26 5000 2.29427504539 -4999.0 0
27 5000 2.37636113167 -4999.0 0
28 5000 2.44476509094 -4999.0 0
29 5000 2.39399003983 -4999.0 0
30 5000 2.56315016747 -4999.0 0
31 5000 2.52685308456 -4999.0 0
32 5000 2.58332800865 -4999.0 0
33 5000 2.42865204811 -4999.0 0
34 5000 2.57633304596 -4999.0 0
35 5000 2.62984204292 -4999.0 0
36 5000 2.27445197105 -4999.0 0
37 5000 2.29897212982 -4999.0 0
38 5000 2.26122498512 -4999.0 0
39 5000 2.21542000771 -4999.0 0
40 5000 2.64156508446 -4999.0 0
41 5000 2.52166199684 -4999.0 0
42 5000 2.24692797661 -4999.0 0
43 5000 2.72761678696 -4999.0 0
44 5000 2.5732550621 -4999.0 0
45 5000 2.73120093346 -4999.0 0
46 5000 2.78685116768 -4999.0 0
47 5000 2.81234097481 -4999.0 0
48 5000 2.64171409607 -4999.0 0
49 5000 2.57516598701 -4999.0 0
0 5000 2.60376405716 -4999.0 0
1 5000 2.61225819588 -4999.0 0
2 5000 2.59076404572 -4999.0 0
3 5000 2.42626309395 -4999.0 0
4 5000 2.62056589127 -4999.0 0
5 5000 2.67624092102 -4999.0 0
6 5000 2.77091217041 -4999.0 0
7 5000 2.75957107544 -4999.0 0
8 5000 2.79444003105 -4999.0 0
9 5000 2.55312919617 -4999.0 0
10 5000 2.80859398842 -4999.0 0
11 5000 2.66159701347 -4999.0 0
12 5000 2.480260849 -4999.0 0
13 5000 2.58305001259 -4999.0 0
14 5000 2.47206807137 -4999.0 0
15 5000 3.44744181633 -4999.0 0
16 5000 3.67778611183 -4999.0 0
17 5000 2.43672299385 -4999.0 0
18 5000 2.49331402779 -4999.0 0
19 5000 2.70657420158 -4999.0 0
20 5000 2.81961894035 -4999.0 0
21 5000 2.9824681282 -4999.0 0
22 5000 2.69790410995 -4999.0 0
23 5000 2.60384202003 -4999.0 0
24 5000 2.78217506409 -4999.0 0
25 5000 2.84389615059 -4999.0 0
26 5000 2.86789512634 -4999.0 0
27 5000 2.70979905128 -4999.0 0
28 5000 2.76351213455 -4999.0 0
29 5000 2.50085282326 -4999.0 0
30 5000 2.52886605263 -4999.0 0
31 5000 2.46351003647 -4999.0 0
32 5000 2.86111307144 -4999.0 0
33 5000 2.78007388115 -4999.0 0
34 5000 2.77185297012 -4999.0 0
35 5000 2.77378582954 -4999.0 0
36 5000 2.77841305733 -4999.0 0
37 5000 2.9130589962 -4999.0 0
38 5000 2.64501404762 -4999.0 0
39 5000 2.74125885963 -4999.0 0
40 5000 2.73349690437 -4999.0 0
41 5000 2.77455496788 -4999.0 0
42 5000 2.77429914474 -4999.0 0
43 5000 2.7787001133 -4999.0 0
44 5000 2.80740690231 -4999.0 0
45 5000 2.55528187752 -4999.0 0
46 5000 2.62196111679 -4999.0 0
47 5000 2.67860102654 -4999.0 0
48 5000 2.42054009438 -4999.0 0
49 5000 2.41040301323 -4999.0 0
0 5000 2.45124006271 -4999.0 0
1 5000 2.67627382278 -4999.0 0
2 5000 2.74851703644 -4999.0 0
3 5000 3.13518118858 -4999.0 0
4 5000 3.25491094589 -4999.0 0
5 5000 3.23355484009 -4999.0 0
6 5000 3.12574410439 -4999.0 0
7 5000 2.96757411957 -4999.0 0
8 5000 2.63429188728 -4999.0 0
9 5000 2.76228380203 -4999.0 0
10 5000 2.71428203583 -4999.0 0
11 5000 2.74419593811 -4999.0 0
12 5000 2.71246695518 -4999.0 0
13 5000 2.67457604408 -4999.0 0
14 5000 2.61700701714 -4999.0 0
15 5000 3.03051495552 -4999.0 0
16 5000 2.44796204567 -4999.0 0
17 5000 2.59287595749 -4999.0 0
18 5000 2.60737800598 -4999.0 0
19 5000 3.14279294014 -4999.0 0
20 5000 2.66185998917 -4999.0 0
21 5000 2.81921887398 -4999.0 0
22 5000 2.93494200706 -4999.0 0
23 5000 2.61637806892 -4999.0 0
24 5000 2.68862915039 -4999.0 0
25 5000 3.01429605484 -4999.0 0
26 5000 3.02334785461 -4999.0 0
27 5000 2.81680107117 -4999.0 0
28 5000 2.63229203224 -4999.0 0
29 5000 2.6314702034 -4999.0 0
30 5000 2.63870096207 -4999.0 0
31 5000 2.51902079582 -4999.0 0
32 5000 2.9826002121 -4999.0 0
33 5000 2.70685815811 -4999.0 0
34 5000 2.5579931736 -4999.0 0
35 5000 2.56221604347 -4999.0 0
36 5000 2.82904696465 -4999.0 0
37 5000 2.39845395088 -4999.0 0
38 5000 3.24808216095 -4999.0 0
39 5000 2.92832684517 -4999.0 0
40 5000 2.76314091682 -4999.0 0
41 5000 2.80745792389 -4999.0 0
42 5000 2.75783586502 -4999.0 0
43 5000 2.78730297089 -4999.0 0
44 5000 2.67074108124 -4999.0 0
45 5000 2.98108792305 -4999.0 0
46 5000 2.56192708015 -4999.0 0
47 5000 2.59813022614 -4999.0 0
48 5000 2.63910198212 -4999.0 0
49 5000 2.64532279968 -4999.0 0
0 5000 2.70543003082 -4999.0 0
1 5000 2.90638518333 -4999.0 0
2 5000 3.06636309624 -4999.0 0
3 5000 2.69719290733 -4999.0 0
4 5000 2.66512513161 -4999.0 0
5 5000 2.84686779976 -4999.0 0
6 5000 2.7965221405 -4999.0 0
7 5000 2.566437006 -4999.0 0
8 5000 3.08731102943 -4999.0 0
9 5000 2.66747093201 -4999.0 0
10 5000 2.70394086838 -4999.0 0
11 5000 3.10670685768 -4999.0 0
12 5000 2.9742641449 -4999.0 0
13 5000 2.7047560215 -4999.0 0
14 5000 2.872620821 -4999.0 0
15 5000 2.80185890198 -4999.0 0
16 5000 2.82540202141 -4999.0 0
17 5000 2.89383816719 -4999.0 0
18 5000 2.86806488037 -4999.0 0
19 5000 2.95652914047 -4999.0 0
20 5000 2.78121495247 -4999.0 0
21 5000 2.64830803871 -4999.0 0
22 5000 3.17705702782 -4999.0 0
23 5000 2.84840202332 -4999.0 0
24 5000 2.56437397003 -4999.0 0
25 5000 2.52985095978 -4999.0 0
26 5000 2.9204750061 -4999.0 0
27 5000 2.87465405464 -4999.0 0
28 5000 2.82907795906 -4999.0 0
29 5000 2.74929904938 -4999.0 0
30 5000 2.71605205536 -4999.0 0
31 5000 2.69257688522 -4999.0 0
32 5000 2.76913905144 -4999.0 0
33 5000 2.97895216942 -4999.0 0
34 5000 2.80562591553 -4999.0 0
35 5000 2.99711799622 -4999.0 0
36 5000 2.73972201347 -4999.0 0
37 5000 2.78857588768 -4999.0 0
38 5000 2.89030909538 -4999.0 0
39 5000 2.77888393402 -4999.0 0
40 5000 2.84691405296 -4999.0 0
41 5000 2.89620780945 -4999.0 0
42 5000 2.7744371891 -4999.0 0
43 5000 2.83970999718 -4999.0 0
44 5000 2.61381292343 -4999.0 0
45 5000 2.97993898392 -4999.0 0
46 5000 2.85451292992 -4999.0 0
47 5000 2.75341892242 -4999.0 0
48 5000 2.85030007362 -4999.0 0
49 5000 2.66882801056 -4999.0 0
0 5000 2.69995498657 -4999.0 0
1 5000 3.28564715385 -4999.0 0
2 5000 3.20115399361 -4999.0 0
3 5000 2.78169894218 -4999.0 0
4 5000 2.61411905289 -4999.0 0
5 5000 2.63628005981 -4999.0 0
6 5000 2.71279096603 -4999.0 0
7 5000 2.75637292862 -4999.0 0
8 5000 2.66661787033 -4999.0 0
9 5000 2.65646600723 -4999.0 0
10 5000 2.74845409393 -4999.0 0
11 5000 2.71866297722 -4999.0 0
12 5000 2.82956314087 -4999.0 0
13 5000 2.78237819672 -4999.0 0
14 5000 2.89525008202 -4999.0 0
15 5000 2.87529301643 -4999.0 0
16 5000 2.66959500313 -4999.0 0
17 5000 2.821860075 -4999.0 0
18 5000 2.69315600395 -4999.0 0
19 5000 2.72724604607 -4999.0 0
20 5000 3.235008955 -4999.0 0
21 5000 2.91638898849 -4999.0 0
22 5000 2.75616598129 -4999.0 0
23 5000 2.7359521389 -4999.0 0
24 5000 2.70793581009 -4999.0 0
25 5000 2.78045201302 -4999.0 0
26 5000 2.81841301918 -4999.0 0
27 5000 2.78614020348 -4999.0 0
28 5000 2.87011384964 -4999.0 0
29 5000 2.92509794235 -4999.0 0
30 5000 2.76669692993 -4999.0 0
31 5000 2.81396484375 -4999.0 0
32 5000 2.76389813423 -4999.0 0
33 5000 2.8046438694 -4999.0 0
34 5000 2.77832698822 -4999.0 0
35 5000 2.78982496262 -4999.0 0
36 5000 2.71099209785 -4999.0 0
37 5000 2.85139489174 -4999.0 0
38 5000 2.83737111092 -4999.0 0
39 5000 2.70750713348 -4999.0 0
40 5000 2.85153889656 -4999.0 0
41 5000 2.76843094826 -4999.0 0
42 5000 2.80908799171 -4999.0 0
43 5000 2.74430203438 -4999.0 0
44 5000 2.89864778519 -4999.0 0
45 5000 2.90320205688 -4999.0 0
46 5000 2.87922215462 -4999.0 0
47 5000 2.8297150135 -4999.0 0
48 5000 2.66481590271 -4999.0 0
49 5000 2.49748301506 -4999.0 0
0 5000 3.10570406914 -4999.0 0
1 5000 3.06301403046 -4999.0 0
2 5000 2.76366686821 -4999.0 0
3 5000 2.83596086502 -4999.0 0
4 5000 2.77701807022 -4999.0 0
5 5000 2.69104981422 -4999.0 0
6 5000 2.68164896965 -4999.0 0
7 5000 2.63122797012 -4999.0 0
8 5000 2.74132418633 -4999.0 0
9 5000 2.67129588127 -4999.0 0
10 5000 2.65225481987 -4999.0 0
11 5000 2.57006692886 -4999.0 0
12 5000 2.61856603622 -4999.0 0
13 5000 2.64649295807 -4999.0 0
14 5000 3.25522899628 -4999.0 0
15 5000 3.049710989 -4999.0 0
16 5000 2.60838699341 -4999.0 0
17 5000 2.73233509064 -4999.0 0
18 5000 2.85965490341 -4999.0 0
19 5000 2.85451078415 -4999.0 0
20 5000 2.86882090569 -4999.0 0
21 5000 2.88105082512 -4999.0 0
22 5000 2.88487100601 -4999.0 0
23 5000 2.91196584702 -4999.0 0
24 5000 2.92193412781 -4999.0 0
25 5000 2.92103791237 -4999.0 0
26 5000 2.92066311836 -4999.0 0
27 5000 2.79297995567 -4999.0 0
28 5000 2.87785696983 -4999.0 0
29 5000 2.72902798653 -4999.0 0
30 5000 2.87738013268 -4999.0 0
31 5000 2.87881803513 -4999.0 0
32 5000 2.78614282608 -4999.0 0
33 5000 2.94019985199 -4999.0 0
34 5000 3.02060699463 -4999.0 0
35 5000 3.33974099159 -4999.0 0
36 5000 2.8314909935 -4999.0 0
37 5000 2.84576296806 -4999.0 0
38 5000 2.94789886475 -4999.0 0
39 5000 2.61712002754 -4999.0 0
40 5000 2.88668012619 -4999.0 0
41 5000 2.76163005829 -4999.0 0
42 5000 2.68255090714 -4999.0 0
43 5000 2.85614180565 -4999.0 0
44 5000 2.75568008423 -4999.0 0
45 5000 2.76339292526 -4999.0 0
46 5000 2.82787394524 -4999.0 0
47 5000 2.78243398666 -4999.0 0
48 5000 2.72721099854 -4999.0 0
49 5000 2.90037488937 -4999.0 0
