trial, number of steps, runtime, accumulated reward, termination
0 11 0.00471305847168 8.0 1
1 10 0.00403523445129 7.0 1
2 10 0.00400400161743 7.0 1
3 18 0.00744295120239 15.0 1
4 11 0.00439310073853 8.0 1
5 9 0.00349307060242 6.0 1
6 11 0.00442099571228 8.0 1
7 12 0.00483393669128 9.0 1
8 10 0.00400590896606 7.0 1
9 15 0.00617384910583 12.0 1
10 8 0.00307703018188 5.0 1
11 12 0.00482392311096 9.0 1
12 14 0.00567197799683 11.0 1
13 9 0.00345802307129 6.0 1
14 12 0.0047459602356 9.0 1
15 14 0.00554585456848 11.0 1
16 14 0.00557208061218 11.0 1
17 13 0.00509285926819 10.0 1
18 10 0.00391316413879 7.0 1
19 10 0.00392413139343 7.0 1
20 13 0.00550293922424 10.0 1
21 10 0.00401782989502 7.0 1
22 10 0.00394582748413 7.0 1
23 19 0.00755882263184 16.0 1
24 14 0.0054829120636 11.0 1
25 19 0.00747084617615 16.0 1
26 10 0.00378704071045 7.0 1
27 14 0.00528192520142 11.0 1
28 9 0.00333714485168 6.0 1
29 14 0.00563478469849 11.0 1
30 15 0.00599408149719 12.0 1
31 8 0.00296807289124 5.0 1
32 11 0.00412607192993 8.0 1
33 9 0.00335597991943 6.0 1
34 13 0.00518393516541 10.0 1
35 10 0.00377893447876 7.0 1
36 12 0.00315403938293 9.0 1
37 10 0.0023500919342 7.0 1
38 10 0.00234484672546 7.0 1
39 9 0.00210404396057 6.0 1
40 9 0.00213384628296 6.0 1
41 8 0.00242614746094 5.0 1
42 11 0.00414800643921 8.0 1
43 13 0.00498485565186 10.0 1
44 14 0.00501608848572 11.0 1
45 9 0.00311589241028 6.0 1
46 12 0.00433588027954 9.0 1
47 15 0.00631809234619 12.0 1
48 -1 0.0 0.0 0
49 -1 0.0 0.0 0
0 16 0.00587296485901 13.0 1
1 12 0.00431299209595 9.0 1
2 11 0.00392198562622 8.0 1
3 10 0.0035240650177 7.0 1
4 11 0.00393414497375 8.0 1
5 15 0.00532412528992 12.0 1
6 18 0.00779104232788 15.0 1
7 15 0.00562500953674 12.0 1
8 8 0.00278115272522 5.0 1
9 12 0.00422501564026 9.0 1
10 12 0.00424790382385 9.0 1
11 10 0.00346899032593 7.0 1
12 12 0.00421500205994 9.0 1
13 11 0.0038731098175 8.0 1
14 11 0.00384211540222 8.0 1
15 11 0.00385904312134 8.0 1
16 13 0.00469493865967 10.0 1
17 10 0.00349593162537 7.0 1
18 11 0.00389099121094 8.0 1
19 10 0.00347113609314 7.0 1
20 16 0.005863904953 13.0 1
21 10 0.00347089767456 7.0 1
22 10 0.00347113609314 7.0 1
23 11 0.00392198562622 8.0 1
24 9 0.00312685966492 6.0 1
25 18 0.00654602050781 15.0 1
26 10 0.00346803665161 7.0 1
27 13 0.0046591758728 10.0 1
28 10 0.00350284576416 7.0 1
29 12 0.00426816940308 9.0 1
30 8 0.00272607803345 5.0 1
31 12 0.00431799888611 9.0 1
32 14 0.00502896308899 11.0 1
33 15 0.00539517402649 12.0 1
34 9 0.00313496589661 6.0 1
35 10 0.00346612930298 7.0 1
36 13 0.00460290908813 10.0 1
37 13 0.00464105606079 10.0 1
38 13 0.00468707084656 10.0 1
39 13 0.0046648979187 10.0 1
40 9 0.00314497947693 6.0 1
41 19 0.00699400901794 16.0 1
42 14 0.00503897666931 11.0 1
43 13 0.00467896461487 10.0 1
44 10 0.00351905822754 7.0 1
45 11 0.00382018089294 8.0 1
46 13 0.0046329498291 10.0 1
47 14 0.00502610206604 11.0 1
48 11 0.00390410423279 8.0 1
49 11 0.00414800643921 8.0 1
0 14 0.00510311126709 11.0 1
1 8 0.00285315513611 5.0 1
2 9 0.00340294837952 6.0 1
3 13 0.00490593910217 10.0 1
4 12 0.00414609909058 9.0 1
5 10 0.00365900993347 7.0 1
6 10 0.0036358833313 7.0 1
7 13 0.00498795509338 10.0 1
8 15 0.00568580627441 12.0 1
9 11 0.00413203239441 8.0 1
10 9 0.00332593917847 6.0 1
11 12 0.00460910797119 9.0 1
12 17 0.00648903846741 14.0 1
13 16 0.00597596168518 13.0 1
14 20 0.00764799118042 17.0 1
15 12 0.00429391860962 9.0 1
16 10 0.00372099876404 7.0 1
17 12 0.0045018196106 9.0 1
18 13 0.0048520565033 10.0 1
19 19 0.00700783729553 16.0 1
20 16 0.00605201721191 13.0 1
21 22 0.00803804397583 19.0 1
22 9 0.00324201583862 6.0 1
23 12 0.00444793701172 9.0 1
24 11 0.0040180683136 8.0 1
25 10 0.00362420082092 7.0 1
26 8 0.00285196304321 5.0 1
27 10 0.00365400314331 7.0 1
28 10 0.00358295440674 7.0 1
29 9 0.00329899787903 6.0 1
30 13 0.00473999977112 10.0 1
31 11 0.00406718254089 8.0 1
32 15 0.00564694404602 12.0 1
33 13 0.0048520565033 10.0 1
34 9 0.00324702262878 6.0 1
35 15 0.0055148601532 12.0 1
36 8 0.00285077095032 5.0 1
37 9 0.00319504737854 6.0 1
38 9 0.00322103500366 6.0 1
39 12 0.00419282913208 9.0 1
40 11 0.00410294532776 8.0 1
41 12 0.00442099571228 9.0 1
42 10 0.00363206863403 7.0 1
43 9 0.00328803062439 6.0 1
44 12 0.00446200370789 9.0 1
45 9 0.00322008132935 6.0 1
46 13 0.00489211082458 10.0 1
47 -1 0.0 0.0 0
48 -1 0.0 0.0 0
49 -1 0.0 0.0 0
0 15 0.00578808784485 12.0 1
1 11 0.00402903556824 8.0 1
2 9 0.00326180458069 6.0 1
3 19 0.0072979927063 16.0 1
4 8 0.00282692909241 5.0 1
5 9 0.00324106216431 6.0 1
6 13 0.00489616394043 10.0 1
7 12 0.00445604324341 9.0 1
8 10 0.00370478630066 7.0 1
9 10 0.00367903709412 7.0 1
10 11 0.00404214859009 8.0 1
11 10 0.00362801551819 7.0 1
12 9 0.00359177589417 6.0 1
13 12 0.00439810752869 9.0 1
14 15 0.00462102890015 12.0 1
15 10 0.00237488746643 7.0 1
16 9 0.002112865448 6.0 1
17 13 0.00445795059204 10.0 1
18 8 0.00303602218628 5.0 1
19 17 0.00809788703918 14.0 1
20 10 0.00387215614319 7.0 1
21 11 0.00429177284241 8.0 1
22 12 0.00461006164551 9.0 1
23 13 0.00505208969116 10.0 1
24 11 0.00419497489929 8.0 1
25 10 0.00380516052246 7.0 1
26 10 0.00379300117493 7.0 1
27 11 0.003830909729 8.0 1
28 10 0.00341987609863 7.0 1
29 16 0.00570607185364 13.0 1
30 11 0.003830909729 8.0 1
31 13 0.00455212593079 10.0 1
32 10 0.00343298912048 7.0 1
33 11 0.00379300117493 8.0 1
34 13 0.00452995300293 10.0 1
35 12 0.00418710708618 9.0 1
36 11 0.00394320487976 8.0 1
37 18 0.00689506530762 15.0 1
38 10 0.00339293479919 7.0 1
39 10 0.00361204147339 7.0 1
40 9 0.00332188606262 6.0 1
41 10 0.00349903106689 7.0 1
42 14 0.00562500953674 11.0 1
43 12 0.0041868686676 9.0 1
44 19 0.00659203529358 16.0 1
45 13 0.00465106964111 10.0 1
46 13 0.00423717498779 10.0 1
47 10 0.00305390357971 7.0 1
48 11 0.00422310829163 8.0 1
49 11 0.0043351650238 8.0 1
0 15 0.0059859752655 12.0 1
1 8 0.0029559135437 5.0 1
2 20 0.00782608985901 17.0 1
3 17 0.00637483596802 14.0 1
4 14 0.00510597229004 11.0 1
5 11 0.004319190979 8.0 1
6 12 0.00442504882812 9.0 1
7 11 0.00403308868408 8.0 1
8 10 0.00369215011597 7.0 1
9 13 0.00487613677979 10.0 1
10 10 0.00367403030396 7.0 1
11 11 0.00417613983154 8.0 1
12 15 0.0058319568634 12.0 1
13 9 0.00312495231628 6.0 1
14 9 0.00311589241028 6.0 1
15 10 0.00352811813354 7.0 1
16 20 0.00726294517517 17.0 1
17 9 0.00303506851196 6.0 1
18 13 0.00462603569031 10.0 1
19 9 0.00309300422668 6.0 1
20 12 0.00432896614075 9.0 1
21 11 0.00385904312134 8.0 1
22 11 0.00388813018799 8.0 1
23 10 0.00345993041992 7.0 1
24 19 0.00682806968689 16.0 1
25 11 0.00381898880005 8.0 1
26 15 0.00536608695984 12.0 1
27 10 0.00342988967896 7.0 1
28 10 0.00342702865601 7.0 1
29 10 0.00374817848206 7.0 1
30 12 0.00429105758667 9.0 1
31 9 0.00307703018188 6.0 1
32 12 0.0042929649353 9.0 1
33 10 0.00363492965698 7.0 1
34 10 0.0035080909729 7.0 1
35 15 0.00571298599243 12.0 1
36 16 0.00949478149414 13.0 1
37 8 0.0044469833374 5.0 1
38 10 0.00505185127258 7.0 1
39 13 0.00488519668579 10.0 1
40 16 0.00624489784241 13.0 1
41 9 0.00309205055237 6.0 1
42 12 0.00438904762268 9.0 1
43 12 0.00445985794067 9.0 1
44 13 0.00475716590881 10.0 1
45 12 0.00460410118103 9.0 1
46 13 0.00466418266296 10.0 1
47 9 0.00314402580261 6.0 1
48 -1 0.0 0.0 0
49 -1 0.0 0.0 0
0 14 0.00528717041016 11.0 1
1 13 0.00461792945862 10.0 1
2 10 0.00342488288879 7.0 1
3 9 0.00310707092285 6.0 1
4 16 0.0057909488678 13.0 1
5 10 0.00348401069641 7.0 1
6 10 0.00339698791504 7.0 1
7 9 0.00308108329773 6.0 1
8 10 0.00344300270081 7.0 1
9 11 0.00382804870605 8.0 1
10 12 0.00417900085449 9.0 1
11 16 0.00594186782837 13.0 1
12 11 0.00401711463928 8.0 1
13 15 0.00561499595642 12.0 1
14 8 0.00271010398865 5.0 1
15 11 0.00383114814758 8.0 1
16 10 0.00355386734009 7.0 1
17 9 0.00307297706604 6.0 1
18 17 0.00628018379211 14.0 1
19 10 0.00357794761658 7.0 1
20 8 0.0026957988739 5.0 1
21 9 0.00315809249878 6.0 1
22 13 0.0048201084137 10.0 1
23 11 0.00414299964905 8.0 1
24 10 0.00343799591064 7.0 1
25 10 0.00372219085693 7.0 1
26 13 0.00462818145752 10.0 1
27 11 0.00397396087646 8.0 1
28 11 0.00393414497375 8.0 1
29 10 0.00355386734009 7.0 1
30 16 0.00598216056824 13.0 1
31 10 0.00357103347778 7.0 1
32 13 0.00529813766479 10.0 1
33 13 0.00526809692383 10.0 1
34 13 0.00464200973511 10.0 1
35 11 0.00379991531372 8.0 1
36 26 0.0106699466705 23.0 1
37 11 0.00387191772461 8.0 1
38 11 0.00381898880005 8.0 1
39 10 0.00346088409424 7.0 1
40 12 0.00458908081055 9.0 1
41 12 0.0041720867157 9.0 1
42 10 0.00344586372375 7.0 1
43 11 0.00378608703613 8.0 1
44 15 0.00528311729431 12.0 1
45 9 0.00304985046387 6.0 1
46 11 0.00379204750061 8.0 1
47 14 0.00534009933472 11.0 1
48 13 0.00525784492493 10.0 1
49 16 0.00564002990723 13.0 1
0 9 0.00353693962097 6.0 1
1 12 0.00418877601624 9.0 1
2 12 0.00412082672119 9.0 1
3 15 0.00526094436646 12.0 1
4 13 0.00453495979309 10.0 1
5 31 0.0115728378296 28.0 1
6 12 0.00470304489136 9.0 1
7 10 0.00352382659912 7.0 1
8 11 0.00381207466125 8.0 1
9 15 0.00531315803528 12.0 1
10 9 0.00304889678955 6.0 1
11 11 0.0042769908905 8.0 1
12 11 0.00381207466125 8.0 1
13 9 0.00302410125732 6.0 1
14 18 0.00642418861389 15.0 1
15 11 0.00379800796509 8.0 1
16 13 0.00453305244446 10.0 1
17 13 0.00489497184753 10.0 1
18 8 0.00278306007385 5.0 1
19 13 0.00456714630127 10.0 1
20 14 0.00491094589233 11.0 1
21 10 0.00342512130737 7.0 1
22 11 0.00390005111694 8.0 1
23 15 0.00554990768433 12.0 1
24 8 0.00267505645752 5.0 1
25 8 0.00266599655151 5.0 1
26 12 0.00414896011353 9.0 1
27 10 0.00334596633911 7.0 1
28 11 0.00379610061646 8.0 1
29 11 0.00404405593872 8.0 1
30 13 0.00478196144104 10.0 1
31 9 0.00305604934692 6.0 1
32 13 0.00451898574829 10.0 1
33 8 0.0026741027832 5.0 1
34 11 0.00389194488525 8.0 1
35 24 0.00898909568787 21.0 1
36 13 0.00454092025757 10.0 1
37 9 0.00319480895996 6.0 1
38 10 0.00348997116089 7.0 1
39 10 0.00342106819153 7.0 1
40 12 0.00443816184998 9.0 1
41 13 0.004714012146 10.0 1
42 8 0.00266194343567 5.0 1
43 10 0.00342202186584 7.0 1
44 14 0.00489687919617 11.0 1
45 15 0.00562596321106 12.0 1
46 8 0.00267004966736 5.0 1
47 9 0.00308609008789 6.0 1
48 -1 0.0 0.0 0
49 -1 0.0 0.0 0
0 12 0.00429081916809 9.0 1
1 12 0.00418901443481 9.0 1
2 12 0.00436902046204 9.0 1
3 12 0.00450205802917 9.0 1
4 16 0.00610899925232 13.0 1
5 10 0.00348091125488 7.0 1
6 10 0.00340986251831 7.0 1
7 13 0.00453305244446 10.0 1
8 14 0.00491094589233 11.0 1
9 12 0.00418019294739 9.0 1
10 9 0.00612306594849 6.0 1
11 12 0.00416493415833 9.0 1
12 15 0.00530600547791 12.0 1
13 14 0.00537014007568 11.0 1
14 12 0.00418496131897 9.0 1
15 16 0.00584292411804 13.0 1
16 9 0.00300717353821 6.0 1
17 13 0.00459909439087 10.0 1
18 9 0.00316596031189 6.0 1
19 13 0.0045268535614 10.0 1
20 9 0.00305700302124 6.0 1
21 13 0.00456190109253 10.0 1
22 9 0.00306797027588 6.0 1
23 11 0.00381898880005 8.0 1
24 13 0.00451517105103 10.0 1
25 12 0.0041720867157 9.0 1
26 13 0.00474691390991 10.0 1
27 16 0.00570702552795 13.0 1
28 11 0.00396800041199 8.0 1
29 11 0.00372791290283 8.0 1
30 12 0.00421690940857 9.0 1
31 11 0.00423192977905 8.0 1
32 13 0.00455498695374 10.0 1
33 14 0.00510501861572 11.0 1
34 13 0.00454306602478 10.0 1
35 10 0.00364518165588 7.0 1
36 9 0.00306081771851 6.0 1
37 9 0.00305795669556 6.0 1
38 11 0.0037899017334 8.0 1
39 10 0.00348496437073 7.0 1
40 11 0.00380682945251 8.0 1
41 14 0.0062620639801 11.0 1
42 40 0.0160708427429 37.0 1
43 16 0.00587582588196 13.0 1
44 11 0.00401496887207 8.0 1
45 -1 0.0 0.0 0
46 -1 0.0 0.0 0
47 -1 0.0 0.0 0
48 -1 0.0 0.0 0
49 -1 0.0 0.0 0
0 15 0.00751113891602 12.0 1
1 9 0.00305700302124 6.0 1
2 14 0.00523805618286 11.0 1
3 16 0.00608587265015 13.0 1
4 11 0.00425791740417 8.0 1
5 19 0.00731492042542 16.0 1
6 12 0.0045690536499 9.0 1
7 10 0.00343203544617 7.0 1
8 14 0.00538206100464 11.0 1
9 11 0.00424599647522 8.0 1
10 12 0.00440692901611 9.0 1
11 12 0.00450992584229 9.0 1
12 10 0.00371289253235 7.0 1
13 12 0.00418186187744 9.0 1
14 17 0.00640797615051 14.0 1
15 13 0.00453591346741 10.0 1
16 11 0.00378704071045 8.0 1
17 15 0.00533890724182 12.0 1
18 13 0.00457692146301 10.0 1
19 16 0.00599098205566 13.0 1
20 9 0.00316786766052 6.0 1
21 19 0.00714492797852 16.0 1
22 9 0.00306701660156 6.0 1
23 19 0.00694799423218 16.0 1
24 12 0.0043740272522 9.0 1
25 12 0.00416493415833 9.0 1
26 9 0.00304698944092 6.0 1
27 21 0.00757908821106 18.0 1
28 10 0.00346183776855 7.0 1
29 13 0.00506997108459 10.0 1
30 13 0.00493121147156 10.0 1
31 12 0.00414705276489 9.0 1
32 10 0.00388407707214 7.0 1
33 16 0.00663900375366 13.0 1
34 8 0.00312805175781 5.0 1
35 9 0.0035982131958 6.0 1
36 12 0.00494790077209 9.0 1
37 19 0.00802111625671 16.0 1
38 9 0.00370717048645 6.0 1
39 11 0.00458908081055 8.0 1
40 35 0.0153231620789 32.0 1
41 -1 0.0 0.0 0
42 -1 0.0 0.0 0
43 -1 0.0 0.0 0
44 -1 0.0 0.0 0
45 -1 0.0 0.0 0
46 -1 0.0 0.0 0
47 -1 0.0 0.0 0
48 -1 0.0 0.0 0
49 -1 0.0 0.0 0
0 11 0.00468802452087 8.0 1
1 9 0.00360107421875 6.0 1
2 19 0.00806403160095 16.0 1
3 12 0.00492906570435 9.0 1
4 11 0.0048360824585 8.0 1
5 10 0.00421500205994 7.0 1
6 23 0.00994992256165 20.0 1
7 11 0.00453591346741 8.0 1
8 11 0.00467395782471 8.0 1
9 13 0.00567007064819 10.0 1
10 10 0.00424408912659 7.0 1
11 10 0.00440502166748 7.0 1
12 12 0.00500082969666 9.0 1
13 11 0.00513887405396 8.0 1
14 11 0.00461888313293 8.0 1
15 9 0.00366902351379 6.0 1
16 12 0.00550508499146 9.0 1
17 16 0.00685882568359 13.0 1
18 12 0.00523805618286 9.0 1
19 9 0.00359892845154 6.0 1
20 15 0.00707101821899 12.0 1
21 10 0.00420808792114 7.0 1
22 12 0.00500702857971 9.0 1
23 12 0.00504899024963 9.0 1
24 10 0.00407814979553 7.0 1
25 10 0.00409197807312 7.0 1
26 12 0.00502896308899 9.0 1
27 12 0.00496006011963 9.0 1
28 14 0.00506496429443 11.0 1
29 13 0.00505399703979 10.0 1
30 8 0.00316596031189 5.0 1
31 11 0.00460910797119 8.0 1
32 11 0.00460815429688 8.0 1
33 12 0.00535607337952 9.0 1
34 11 0.00462198257446 8.0 1
35 8 0.00324511528015 5.0 1
36 9 0.00366187095642 6.0 1
37 9 0.00369215011597 6.0 1
38 10 0.004154920578 7.0 1
39 10 0.00415205955505 7.0 1
40 13 0.00545907020569 10.0 1
41 9 0.00367903709412 6.0 1
42 13 0.00568699836731 10.0 1
43 13 0.00547695159912 10.0 1
44 9 0.00361895561218 6.0 1
45 18 0.00776195526123 15.0 1
46 11 0.00458097457886 8.0 1
47 9 0.00372195243835 6.0 1
48 24 0.0100038051605 21.0 1
49 14 0.00555014610291 11.0 1
