trial, number of steps, runtime, accumulated reward, termination
0 100 0.0561580657959 97.0 1
1 73 0.0299110412598 70.0 1
2 83 0.0387020111084 80.0 1
3 57 0.0235669612885 54.0 1
4 520 0.217361927032 517.0 1
5 45 0.0178689956665 42.0 1
6 5000 2.39379787445 4999.0 0
7 537 0.330360889435 534.0 1
8 91 0.0376589298248 88.0 1
9 5000 2.17564702034 4999.0 0
10 5000 2.38218808174 4999.0 0
11 14 0.00661087036133 11.0 1
12 18 0.00835990905762 15.0 1
13 10 0.00420188903809 7.0 1
14 5000 2.14557504654 4999.0 0
15 5000 2.24280381203 4999.0 0
16 45 0.0185871124268 42.0 1
17 11 0.00438499450684 8.0 1
18 5000 2.2119038105 4999.0 0
19 5000 2.34840106964 4999.0 0
20 5000 2.29181814194 4999.0 0
21 5000 2.47890996933 4999.0 0
22 5000 2.20140194893 4999.0 0
23 5000 2.55109286308 4999.0 0
24 5000 2.32717490196 4999.0 0
25 5000 2.3899230957 4999.0 0
26 5000 2.62551498413 4999.0 0
27 5000 2.39950299263 4999.0 0
28 5000 2.32684803009 4999.0 0
29 5000 2.23129177094 4999.0 0
30 5000 2.07309889793 4999.0 0
31 5000 2.11420702934 4999.0 0
32 5000 2.10262179375 4999.0 0
33 5000 2.22065782547 4999.0 0
34 5000 2.3008081913 4999.0 0
35 5000 2.46019601822 4999.0 0
36 5000 2.45223093033 4999.0 0
37 5000 2.06209206581 4999.0 0
38 5000 2.33250594139 4999.0 0
39 5000 2.53339219093 4999.0 0
40 5000 2.30164790154 4999.0 0
41 5000 2.33711695671 4999.0 0
42 5000 2.26619505882 4999.0 0
43 5000 2.19179105759 4999.0 0
44 5000 2.16583800316 4999.0 0
45 5000 3.32287216187 4999.0 0
46 5000 2.56095695496 4999.0 0
47 5000 2.31161999702 4999.0 0
48 5000 2.49409198761 4999.0 0
49 5000 2.38536095619 4999.0 0
0 106 0.046982049942 103.0 1
1 13 0.00498390197754 10.0 1
2 66 0.0303530693054 63.0 1
3 41 0.0224759578705 38.0 1
4 13 0.00495600700378 10.0 1
5 122 0.0532319545746 119.0 1
6 1878 0.803405046463 1875.0 1
7 16 0.00724697113037 13.0 1
8 8 0.00324892997742 5.0 1
9 9 0.00362300872803 6.0 1
10 10 0.00399589538574 7.0 1
11 5000 2.14738702774 4999.0 0
12 32 0.0140459537506 29.0 1
13 27 0.0118300914764 24.0 1
14 5000 2.41945886612 4999.0 0
15 28 0.0129730701447 25.0 1
16 12 0.00597786903381 9.0 1
17 8 0.0036141872406 5.0 1
18 9 0.00423502922058 6.0 1
19 11 0.00491809844971 8.0 1
20 205 0.107027053833 202.0 1
21 879 0.447649002075 876.0 1
22 5000 2.44830608368 4999.0 0
23 3558 1.65078186989 3555.0 1
24 9 0.0039050579071 6.0 1
25 10 0.00447297096252 7.0 1
26 9 0.00381994247437 6.0 1
27 10 0.0043420791626 7.0 1
28 27 0.0126001834869 24.0 1
29 11 0.00485610961914 8.0 1
30 9 0.00384902954102 6.0 1
31 83 0.039314031601 80.0 1
32 10 0.00448608398438 7.0 1
33 9 0.00396394729614 6.0 1
34 10 0.00429892539978 7.0 1
35 9 0.00403499603271 6.0 1
36 124 0.0583400726318 121.0 1
37 172 0.0803420543671 169.0 1
38 8 0.00513815879822 5.0 1
39 264 0.124119997025 261.0 1
40 1088 0.497969150543 1085.0 1
41 8 0.00321006774902 5.0 1
42 32 0.0141580104828 29.0 1
43 8 0.00326704978943 5.0 1
44 17 0.00733995437622 14.0 1
45 8 0.00321102142334 5.0 1
46 9 0.00372314453125 6.0 1
47 8 0.00323581695557 5.0 1
48 8 0.0032799243927 5.0 1
49 763 0.353386878967 760.0 1
0 54 0.0256948471069 51.0 1
1 78 0.0368130207062 75.0 1
2 26 0.0119090080261 23.0 1
3 60 0.028256893158 57.0 1
4 90 0.0432968139648 87.0 1
5 90 0.0421540737152 87.0 1
6 11 0.0047619342804 8.0 1
7 12 0.00518488883972 9.0 1
8 47 0.0219609737396 44.0 1
9 284 0.133953809738 281.0 1
10 12 0.00517296791077 9.0 1
11 5000 2.36410617828 4999.0 0
12 5000 2.1724820137 4999.0 0
13 5000 2.5010869503 4999.0 0
14 26 0.010684967041 23.0 1
15 73 0.031867980957 70.0 1
16 43 0.0212411880493 40.0 1
17 242 0.112779140472 239.0 1
18 5000 2.18742585182 4999.0 0
19 34 0.0139050483704 31.0 1
20 20 0.00794196128845 17.0 1
21 153 0.0652179718018 150.0 1
22 15 0.00591516494751 12.0 1
23 9 0.00345516204834 6.0 1
24 13 0.00448703765869 10.0 1
25 117 0.0500600337982 114.0 1
26 8 0.00298190116882 5.0 1
27 9 0.00338292121887 6.0 1
28 9 0.00359392166138 6.0 1
29 184 0.0801060199738 181.0 1
30 8 0.00318694114685 5.0 1
31 9 0.00363183021545 6.0 1
32 15 0.00620198249817 12.0 1
33 9 0.00366497039795 6.0 1
34 8 0.00315499305725 5.0 1
35 166 0.0691559314728 163.0 1
36 121 0.0460429191589 118.0 1
37 9 0.0028440952301 6.0 1
38 9 0.00366687774658 6.0 1
39 8 0.00319600105286 5.0 1
40 5000 2.22390794754 4999.0 0
41 55 0.0413689613342 52.0 1
42 9 0.0127418041229 6.0 1
43 10 0.00847005844116 7.0 1
44 27 0.0247399806976 24.0 1
45 14 0.0112321376801 11.0 1
46 10 0.00961589813232 7.0 1
47 9 0.00698590278625 6.0 1
48 15 0.00778079032898 12.0 1
49 68 0.062075138092 65.0 1
0 123 0.102277040482 120.0 1
1 14 0.00546884536743 11.0 1
2 100 0.0427539348602 97.0 1
3 110 0.0504779815674 107.0 1
4 14 0.00660705566406 11.0 1
5 5000 2.31724905968 4999.0 0
6 16 0.00714206695557 13.0 1
7 28 0.0127398967743 25.0 1
8 14 0.0062141418457 11.0 1
9 2037 0.971393823624 2034.0 1
10 5000 2.32625985146 4999.0 0
11 5000 2.29932999611 4999.0 0
12 8 0.00291419029236 5.0 1
13 5000 2.20849704742 4999.0 0
14 5000 2.16886281967 4999.0 0
15 5000 1.9505610466 4999.0 0
16 5000 2.21917104721 4999.0 0
17 5000 2.34087491035 4999.0 0
18 5000 2.15346503258 4999.0 0
19 5000 2.24749898911 4999.0 0
20 5000 2.24342799187 4999.0 0
21 5000 2.42650985718 4999.0 0
22 5000 2.20697402954 4999.0 0
23 5000 2.2120320797 4999.0 0
24 5000 2.18236589432 4999.0 0
25 5000 2.26586389542 4999.0 0
26 5000 2.19366693497 4999.0 0
27 5000 2.37030816078 4999.0 0
28 5000 2.50423312187 4999.0 0
29 5000 2.31403398514 4999.0 0
30 5000 2.37074708939 4999.0 0
31 5000 2.39142918587 4999.0 0
32 5000 2.44710302353 4999.0 0
33 5000 2.33590197563 4999.0 0
34 5000 2.61917304993 4999.0 0
35 5000 2.57377505302 4999.0 0
36 5000 2.41852998734 4999.0 0
37 5000 2.2291560173 4999.0 0
38 5000 2.28756308556 4999.0 0
39 5000 2.22558903694 4999.0 0
40 5000 2.31763887405 4999.0 0
41 5000 2.30516195297 4999.0 0
42 5000 2.38729381561 4999.0 0
43 5000 2.46982312202 4999.0 0
44 5000 2.17209196091 4999.0 0
45 5000 2.39248895645 4999.0 0
46 5000 2.45331907272 4999.0 0
47 5000 2.07799005508 4999.0 0
48 5000 2.75091695786 4999.0 0
49 5000 2.08763813972 4999.0 0
0 127 0.0537159442902 124.0 1
1 16 0.00648188591003 13.0 1
2 173 0.0731270313263 170.0 1
3 8 0.00289678573608 5.0 1
4 10 0.00378513336182 7.0 1
5 94 0.0388748645782 91.0 1
6 120 0.0490720272064 117.0 1
7 679 0.281409025192 676.0 1
8 9 0.00329208374023 6.0 1
9 8 0.00289607048035 5.0 1
10 18 0.00697994232178 15.0 1
11 9 0.00332999229431 6.0 1
12 14 0.00542497634888 11.0 1
13 9 0.0037579536438 6.0 1
14 21 0.00835514068604 18.0 1
15 9 0.00333595275879 6.0 1
16 20 0.00814199447632 17.0 1
17 11 0.0043420791626 8.0 1
18 15 0.00598287582397 12.0 1
19 8 0.00314497947693 5.0 1
20 10 0.0039529800415 7.0 1
21 9 0.00345492362976 6.0 1
22 8 0.0030620098114 5.0 1
23 10 0.00385904312134 7.0 1
24 8 0.00298595428467 5.0 1
25 8 0.00299191474915 5.0 1
26 9 0.00352811813354 6.0 1
27 8 0.00307416915894 5.0 1
28 11 0.004967212677 8.0 1
29 16 0.0068838596344 13.0 1
30 8 0.00325298309326 5.0 1
31 8 0.00324702262878 5.0 1
32 9 0.00367212295532 6.0 1
33 15 0.00624108314514 12.0 1
34 8 0.00296092033386 5.0 1
35 8 0.00272297859192 5.0 1
36 10 0.00348711013794 7.0 1
37 8 0.00300192832947 5.0 1
38 9 0.00359702110291 6.0 1
39 9 0.00338101387024 6.0 1
40 8 0.00297594070435 5.0 1
41 10 0.0033118724823 7.0 1
42 8 0.00240683555603 5.0 1
43 8 0.00266695022583 5.0 1
44 16 0.00468301773071 13.0 1
45 8 0.0032000541687 5.0 1
46 9 0.0032958984375 6.0 1
47 14 0.00524616241455 11.0 1
48 8 0.00267100334167 5.0 1
49 9 0.0033221244812 6.0 1
0 76 0.0289070606232 73.0 1
1 43 0.0179069042206 40.0 1
2 87 0.0372309684753 84.0 1
3 44 0.0183210372925 41.0 1
4 15 0.00485610961914 12.0 1
5 43 0.018383026123 40.0 1
6 165 0.066351890564 162.0 1
7 5000 2.26999211311 4999.0 0
8 29 0.0153682231903 26.0 1
9 9 0.00441598892212 6.0 1
10 29 0.0152649879456 26.0 1
11 5000 2.75494384766 4999.0 0
12 14 0.00740909576416 11.0 1
13 8 0.00396919250488 5.0 1
14 14 0.00736689567566 11.0 1
15 9 0.00455713272095 6.0 1
16 9 0.00454592704773 6.0 1
17 52 0.028489112854 49.0 1
18 95 0.0520949363708 92.0 1
19 45 0.0243201255798 42.0 1
20 64 0.0343701839447 61.0 1
21 22 0.0117061138153 19.0 1
22 19 0.0101411342621 16.0 1
23 12 0.00616383552551 9.0 1
24 221 0.120603084564 218.0 1
25 218 0.125332117081 215.0 1
26 117 0.063597202301 114.0 1
27 10 0.00497794151306 7.0 1
28 9 0.00439500808716 6.0 1
29 225 0.121925115585 222.0 1
30 208 0.112830877304 205.0 1
31 233 0.126135110855 230.0 1
32 201 0.109452009201 198.0 1
33 186 0.100682973862 183.0 1
34 8 0.00395703315735 5.0 1
35 183 0.10013794899 180.0 1
36 9 0.00446605682373 6.0 1
37 160 0.0878338813782 157.0 1
38 180 0.0995290279388 177.0 1
39 8 0.00388193130493 5.0 1
40 196 0.107627868652 193.0 1
41 9 0.0044310092926 6.0 1
42 187 0.103588104248 184.0 1
43 241 0.131935119629 238.0 1
44 13 0.00659084320068 10.0 1
45 8 0.00385403633118 5.0 1
46 10 0.00503706932068 7.0 1
47 12 0.00609016418457 9.0 1
48 1152 0.654140949249 1149.0 1
49 10 0.00373196601868 7.0 1
0 98 0.0447731018066 95.0 1
1 79 0.0437068939209 76.0 1
2 81 0.0445940494537 78.0 1
3 58 0.031674861908 55.0 1
4 482 0.269227027893 479.0 1
5 5000 2.33915400505 4999.0 0
6 5000 2.599848032 4999.0 0
7 5000 2.50758385658 4999.0 0
8 5000 2.36767601967 4999.0 0
9 5000 2.10416722298 4999.0 0
10 5000 2.16521406174 4999.0 0
11 5000 2.49241995811 4999.0 0
12 5000 2.78591394424 4999.0 0
13 5000 2.83431601524 4999.0 0
14 5000 2.23317885399 4999.0 0
15 5000 1.92748212814 4999.0 0
16 5000 2.60072898865 4999.0 0
17 5000 2.35976314545 4999.0 0
18 5000 2.19693589211 4999.0 0
19 5000 2.32057094574 4999.0 0
20 5000 2.27314901352 4999.0 0
21 5000 2.10421395302 4999.0 0
22 5000 2.0813138485 4999.0 0
23 5000 2.21117305756 4999.0 0
24 5000 2.03217601776 4999.0 0
25 5000 2.1325969696 4999.0 0
26 5000 2.36799001694 4999.0 0
27 5000 2.16579318047 4999.0 0
28 5000 2.44790101051 4999.0 0
29 5000 2.55920481682 4999.0 0
30 5000 2.5311820507 4999.0 0
31 5000 2.50768208504 4999.0 0
32 5000 2.5404920578 4999.0 0
33 5000 2.53275990486 4999.0 0
34 5000 2.51877903938 4999.0 0
35 5000 2.53760790825 4999.0 0
36 5000 2.51676893234 4999.0 0
37 5000 2.51419186592 4999.0 0
38 5000 2.45664000511 4999.0 0
39 5000 2.41869115829 4999.0 0
40 5000 2.47003006935 4999.0 0
41 5000 2.60797691345 4999.0 0
42 5000 2.38365602493 4999.0 0
43 5000 2.38370394707 4999.0 0
44 5000 2.70126104355 4999.0 0
45 5000 2.91916108131 4999.0 0
46 5000 2.70738220215 4999.0 0
47 5000 2.7197201252 4999.0 0
48 5000 2.7044570446 4999.0 0
49 5000 2.68884086609 4999.0 0
0 70 0.0393600463867 67.0 1
1 13 0.0068838596344 10.0 1
2 37 0.0205948352814 34.0 1
3 12 0.00626492500305 9.0 1
4 12 0.00620198249817 9.0 1
5 95 0.0533490180969 92.0 1
6 14 0.00736308097839 11.0 1
7 139 0.077929019928 136.0 1
8 137 0.0770130157471 134.0 1
9 14 0.00743412971497 11.0 1
10 177 0.100383996964 174.0 1
11 43 0.0238449573517 40.0 1
12 164 0.0925228595734 161.0 1
13 172 0.0870471000671 169.0 1
14 1405 0.643898963928 1402.0 1
15 130 0.0567419528961 127.0 1
16 196 0.0847699642181 193.0 1
17 178 0.0770909786224 175.0 1
18 117 0.0488901138306 114.0 1
19 174 0.0735569000244 171.0 1
20 13 0.00485515594482 10.0 1
21 163 0.0710079669952 160.0 1
22 211 0.0949409008026 208.0 1
23 14 0.00578308105469 11.0 1
24 5000 2.16033196449 4999.0 0
25 14 0.00526309013367 11.0 1
26 3614 1.56215000153 3611.0 1
27 5000 2.31589603424 4999.0 0
28 5000 2.14344215393 4999.0 0
29 1863 0.788219928741 1860.0 1
30 5000 2.07965278625 4999.0 0
31 5000 2.04368782043 4999.0 0
32 5000 2.34333896637 4999.0 0
33 5000 2.22044920921 4999.0 0
34 28 0.0109801292419 25.0 1
35 8 0.00287795066833 5.0 1
36 12 0.00442481040955 9.0 1
37 13 0.00489592552185 10.0 1
38 9 0.00328898429871 6.0 1
39 18 0.00681591033936 15.0 1
40 91 0.0366590023041 88.0 1
41 3482 1.46524381638 3479.0 1
42 5000 2.04334211349 4999.0 0
43 5000 2.05697107315 4999.0 0
44 5000 2.24199414253 4999.0 0
45 59 0.0280358791351 56.0 1
46 10 0.00434684753418 7.0 1
47 18 0.00814008712769 15.0 1
48 8 0.00349378585815 5.0 1
49 5000 2.1116130352 4999.0 0
0 87 0.0347940921783 84.0 1
1 30 0.0120689868927 27.0 1
2 14 0.00527906417847 11.0 1
3 81 0.0322830677032 78.0 1
4 33 0.0129299163818 30.0 1
5 73 0.0293219089508 70.0 1
6 68 0.0276288986206 65.0 1
7 30 0.0119729042053 27.0 1
8 105 0.0418291091919 102.0 1
9 15 0.0056791305542 12.0 1
10 11 0.00409507751465 8.0 1
11 132 0.0531408786774 129.0 1
12 198 0.0796909332275 195.0 1
13 125 0.0501539707184 122.0 1
14 161 0.0647099018097 158.0 1
15 5000 2.33095693588 4999.0 0
16 1463 0.70893406868 1460.0 1
17 73 0.0350248813629 70.0 1
18 175 0.0848710536957 172.0 1
19 170 0.0818200111389 167.0 1
20 175 0.0858838558197 172.0 1
21 172 0.0859770774841 169.0 1
22 182 0.0885360240936 179.0 1
23 5000 2.39298605919 4999.0 0
24 5000 2.03473591805 4999.0 0
25 5000 2.2856938839 4999.0 0
26 5000 2.44778203964 4999.0 0
27 5000 2.38189911842 4999.0 0
28 5000 2.28880906105 4999.0 0
29 5000 2.53342080116 4999.0 0
30 5000 2.13828015327 4999.0 0
31 5000 2.18272089958 4999.0 0
32 239 0.101356983185 236.0 1
33 211 0.0870730876923 208.0 1
34 199 0.0823059082031 196.0 1
35 328 0.140388011932 325.0 1
36 5000 2.04895186424 4999.0 0
37 184 0.0739939212799 181.0 1
38 5000 2.07587099075 4999.0 0
39 5000 2.16866087914 4999.0 0
40 5000 2.28782296181 4999.0 0
41 5000 2.6503880024 4999.0 0
42 5000 2.69276189804 4999.0 0
43 5000 2.68391394615 4999.0 0
44 5000 2.68074893951 4999.0 0
45 5000 2.63271284103 4999.0 0
46 5000 2.48453903198 4999.0 0
47 5000 2.69617700577 4999.0 0
48 5000 2.54662585258 4999.0 0
49 5000 2.3337829113 4999.0 0
0 11 0.00492191314697 8.0 1
1 12 0.00523591041565 9.0 1
2 9 0.00385808944702 6.0 1
3 11 0.00475406646729 8.0 1
4 9 0.0038640499115 6.0 1
5 11 0.00477981567383 8.0 1
6 9 0.00386309623718 6.0 1
7 8 0.00336909294128 5.0 1
8 9 0.00382399559021 6.0 1
9 12 0.00524997711182 9.0 1
10 10 0.00426912307739 7.0 1
11 11 0.00481390953064 8.0 1
12 11 0.00474214553833 8.0 1
13 11 0.00472283363342 8.0 1
14 10 0.00431299209595 7.0 1
15 12 0.00521683692932 9.0 1
16 9 0.00386309623718 6.0 1
17 13 0.00568699836731 10.0 1
18 10 0.00428104400635 7.0 1
19 13 0.00565886497498 10.0 1
20 14 0.00609493255615 11.0 1
21 10 0.00425791740417 7.0 1
22 10 0.00432300567627 7.0 1
23 8 0.00339198112488 5.0 1
24 12 0.00519895553589 9.0 1
25 8 0.00341105461121 5.0 1
26 10 0.00432705879211 7.0 1
27 8 0.00342297554016 5.0 1
28 8 0.00343608856201 5.0 1
29 11 0.00489902496338 8.0 1
30 12 0.00534915924072 9.0 1
31 11 0.00488018989563 8.0 1
32 12 0.00528597831726 9.0 1
33 11 0.00484108924866 8.0 1
34 11 0.00480818748474 8.0 1
35 16 0.00721907615662 13.0 1
36 132 0.0616979598999 129.0 1
37 43 0.0199491977692 40.0 1
38 82 0.03835105896 79.0 1
39 43 0.0199060440063 40.0 1
40 172 0.0798308849335 169.0 1
41 14 0.00619006156921 11.0 1
42 5000 2.25548505783 4999.0 0
43 5000 2.04089093208 4999.0 0
44 29 0.0112268924713 26.0 1
45 48 0.0189960002899 45.0 1
46 14 0.00530791282654 11.0 1
47 5000 2.53544187546 4999.0 0
48 5000 2.18238806725 4999.0 0
49 46 0.0221080780029 43.0 1
