trial, number of steps, runtime, accumulated reward, termination
0 12 0.00467300415039 9.0 1
1 9 0.00343608856201 6.0 1
2 12 0.00433206558228 9.0 1
3 10 0.00356101989746 7.0 1
4 9 0.00316095352173 6.0 1
5 10 0.00481796264648 7.0 1
6 9 0.00320506095886 6.0 1
7 10 0.00356793403625 7.0 1
8 13 0.00470399856567 10.0 1
9 8 0.00278091430664 5.0 1
10 9 0.00320291519165 6.0 1
11 9 0.00323915481567 6.0 1
12 10 0.00376510620117 7.0 1
13 11 0.00394082069397 8.0 1
14 10 0.0035080909729 7.0 1
15 9 0.00319385528564 6.0 1
16 10 0.00348305702209 7.0 1
17 14 0.00526881217957 11.0 1
18 106 0.045089006424 103.0 1
19 10 0.00514006614685 7.0 1
20 11 0.00389409065247 8.0 1
21 9 0.00312399864197 6.0 1
22 9 0.00479602813721 6.0 1
23 10 0.00374293327332 7.0 1
24 11 0.0039439201355 8.0 1
25 10 0.00350284576416 7.0 1
26 12 0.00449204444885 9.0 1
27 9 0.00314497947693 6.0 1
28 9 0.00313711166382 6.0 1
29 8 0.00279712677002 5.0 1
30 11 0.00392699241638 8.0 1
31 9 0.00313782691956 6.0 1
32 10 0.00365114212036 7.0 1
33 12 0.00457715988159 9.0 1
34 9 0.00315403938293 6.0 1
35 12 0.00436091423035 9.0 1
36 13 0.00594806671143 10.0 1
37 10 0.00348901748657 7.0 1
38 9 0.00313401222229 6.0 1
39 13 0.00467085838318 10.0 1
40 11 0.00398683547974 8.0 1
41 224 0.0870959758759 221.0 1
42 11 0.00388407707214 8.0 1
43 11 0.00393795967102 8.0 1
44 19 0.00721406936646 16.0 1
45 66 0.0251889228821 63.0 1
46 9 0.00318694114685 6.0 1
47 11 0.00391888618469 8.0 1
48 10 0.0035080909729 7.0 1
49 11 0.00390195846558 8.0 1
0 14 0.00544190406799 11.0 1
1 579 0.220277070999 576.0 1
2 8 0.0029730796814 5.0 1
3 26 0.0103321075439 23.0 1
4 181 0.0730049610138 178.0 1
5 43 0.0169460773468 40.0 1
6 12 0.00438785552979 9.0 1
7 13 0.0053870677948 10.0 1
8 78 0.031378030777 75.0 1
9 77 0.0385420322418 74.0 1
10 10 0.00390291213989 7.0 1
11 11 0.00416016578674 8.0 1
12 8 0.00293707847595 5.0 1
13 10 0.00373506546021 7.0 1
14 8 0.00285506248474 5.0 1
15 8 0.00276184082031 5.0 1
16 10 0.00399279594421 7.0 1
17 9 0.0038058757782 6.0 1
18 9 0.00344300270081 6.0 1
19 11 0.00396299362183 8.0 1
20 9 0.0031578540802 6.0 1
21 10 0.00369906425476 7.0 1
22 12 0.00470399856567 9.0 1
23 11 0.00439190864563 8.0 1
24 10 0.00431513786316 7.0 1
25 12 0.00478386878967 9.0 1
26 11 0.00433707237244 8.0 1
27 11 0.00434398651123 8.0 1
28 12 0.00473999977112 9.0 1
29 8 0.00298094749451 5.0 1
30 9 0.00338196754456 6.0 1
31 8 0.00299620628357 5.0 1
32 11 0.00435590744019 8.0 1
33 12 0.00438809394836 9.0 1
34 10 0.00372695922852 7.0 1
35 11 0.00397491455078 8.0 1
36 9 0.00277900695801 6.0 1
37 11 0.00412201881409 8.0 1
38 9 0.00340819358826 6.0 1
39 8 0.00294804573059 5.0 1
40 10 0.00882506370544 7.0 1
41 11 0.00514006614685 8.0 1
42 11 0.00493001937866 8.0 1
43 12 0.00559711456299 9.0 1
44 9 0.00409698486328 6.0 1
45 15 0.00680112838745 12.0 1
46 10 0.00440812110901 7.0 1
47 8 0.00350117683411 5.0 1
48 9 0.0039758682251 6.0 1
49 11 0.00493693351746 8.0 1
0 22 0.0105681419373 19.0 1
1 8 0.00353813171387 5.0 1
2 13 0.00607705116272 10.0 1
3 12 0.0055890083313 9.0 1
4 8 0.00363492965698 5.0 1
5 8 0.00366187095642 5.0 1
6 10 0.00466990470886 7.0 1
7 39 0.0188999176025 36.0 1
8 12 0.00533890724182 9.0 1
9 10 0.00444912910461 7.0 1
10 32 0.0151109695435 29.0 1
11 11 0.0048770904541 8.0 1
12 9 0.00407099723816 6.0 1
13 34 0.0158951282501 31.0 1
14 11 0.00479507446289 8.0 1
15 23 0.0105459690094 20.0 1
16 11 0.00483703613281 8.0 1
17 11 0.00479888916016 8.0 1
18 11 0.00488901138306 8.0 1
19 10 0.00443005561829 7.0 1
20 9 0.00393009185791 6.0 1
21 10 0.00430202484131 7.0 1
22 10 0.00428795814514 7.0 1
23 9 0.00386810302734 6.0 1
24 9 0.00390410423279 6.0 1
25 9 0.00395083427429 6.0 1
26 10 0.00438022613525 7.0 1
27 8 0.00453996658325 5.0 1
28 10 0.00438284873962 7.0 1
29 11 0.00497102737427 8.0 1
30 10 0.00444602966309 7.0 1
31 12 0.00538802146912 9.0 1
32 9 0.00392484664917 6.0 1
33 11 0.00489401817322 8.0 1
34 9 0.00390315055847 6.0 1
35 10 0.00437879562378 7.0 1
36 11 0.00480580329895 8.0 1
37 9 0.00390791893005 6.0 1
38 13 0.00592017173767 10.0 1
39 8 0.00336289405823 5.0 1
40 9 0.00380110740662 6.0 1
41 11 0.00473785400391 8.0 1
42 11 0.00483393669128 8.0 1
43 11 0.00497889518738 8.0 1
44 11 0.00480794906616 8.0 1
45 12 0.00544714927673 9.0 1
46 11 0.00492000579834 8.0 1
47 10 0.0043740272522 7.0 1
48 10 0.00434398651123 7.0 1
49 12 0.00542688369751 9.0 1
0 11 0.00540018081665 8.0 1
1 10 0.00437378883362 7.0 1
2 12 0.00519919395447 9.0 1
3 9 0.00385499000549 6.0 1
4 12 0.00506591796875 9.0 1
5 8 0.00346207618713 5.0 1
6 14 0.00625586509705 11.0 1
7 14 0.00629186630249 11.0 1
8 91 0.0434200763702 88.0 1
9 23 0.0107278823853 20.0 1
10 413 0.19705581665 410.0 1
11 9 0.00382781028748 6.0 1
12 10 0.0044219493866 7.0 1
13 9 0.00393319129944 6.0 1
14 10 0.00432682037354 7.0 1
15 10 0.00435590744019 7.0 1
16 10 0.00435996055603 7.0 1
17 9 0.00394892692566 6.0 1
18 9 0.00393509864807 6.0 1
19 13 0.00582695007324 10.0 1
20 11 0.00489711761475 8.0 1
21 10 0.00438904762268 7.0 1
22 8 0.00339102745056 5.0 1
23 9 0.0038788318634 6.0 1
24 8 0.00348305702209 5.0 1
25 10 0.00443387031555 7.0 1
26 11 0.00478291511536 8.0 1
27 10 0.00483083724976 7.0 1
28 8 0.00341987609863 5.0 1
29 9 0.00389099121094 6.0 1
30 9 0.003986120224 6.0 1
31 11 0.00493502616882 8.0 1
32 10 0.00434899330139 7.0 1
33 11 0.00502514839172 8.0 1
34 9 0.00388383865356 6.0 1
35 11 0.00496697425842 8.0 1
36 10 0.00436091423035 7.0 1
37 8 0.00345897674561 5.0 1
38 9 0.00396990776062 6.0 1
39 11 0.00488018989563 8.0 1
40 8 0.00348591804504 5.0 1
41 11 0.00479984283447 8.0 1
42 9 0.00394511222839 6.0 1
43 9 0.0038959980011 6.0 1
44 10 0.00457000732422 7.0 1
45 9 0.00394701957703 6.0 1
46 10 0.00440001487732 7.0 1
47 12 0.00532579421997 9.0 1
48 9 0.00396394729614 6.0 1
49 9 0.00390100479126 6.0 1
0 11 0.00507211685181 8.0 1
1 11 0.00490403175354 8.0 1
2 10 0.00429916381836 7.0 1
3 13 0.00586009025574 10.0 1
4 11 0.00488805770874 8.0 1
5 8 0.00352382659912 5.0 1
6 12 0.00534009933472 9.0 1
7 10 0.00450301170349 7.0 1
8 13 0.00586485862732 10.0 1
9 13 0.00594186782837 10.0 1
10 8 0.00339794158936 5.0 1
11 18 0.00822401046753 15.0 1
12 14 0.0063271522522 11.0 1
13 117 0.0568740367889 114.0 1
14 208 0.101799964905 205.0 1
15 43 0.019523859024 40.0 1
16 37 0.016420841217 34.0 1
17 8 0.00308895111084 5.0 1
18 22 0.00924491882324 19.0 1
19 45 0.0197689533234 42.0 1
20 36 0.0161800384521 33.0 1
21 11 0.00436997413635 8.0 1
22 198 0.0906381607056 195.0 1
23 11 0.00484800338745 8.0 1
24 9 0.00392913818359 6.0 1
25 8 0.00347399711609 5.0 1
26 9 0.00391006469727 6.0 1
27 8 0.00353288650513 5.0 1
28 10 0.00439190864563 7.0 1
29 9 0.00395917892456 6.0 1
30 8 0.00342297554016 5.0 1
31 11 0.00483918190002 8.0 1
32 11 0.00501894950867 8.0 1
33 9 0.00395798683167 6.0 1
34 10 0.00443291664124 7.0 1
35 9 0.00388717651367 6.0 1
36 9 0.00392389297485 6.0 1
37 9 0.00393199920654 6.0 1
38 9 0.0039689540863 6.0 1
39 11 0.00487899780273 8.0 1
40 8 0.00352692604065 5.0 1
41 9 0.00394296646118 6.0 1
42 9 0.00395083427429 6.0 1
43 9 0.00396800041199 6.0 1
44 10 0.00434398651123 7.0 1
45 9 0.00388288497925 6.0 1
46 9 0.00399899482727 6.0 1
47 10 0.00455904006958 7.0 1
48 9 0.00392699241638 6.0 1
49 9 0.00389003753662 6.0 1
0 12 0.00558495521545 9.0 1
1 144 0.0716547966003 141.0 1
2 35 0.0165870189667 32.0 1
3 247 0.118952035904 244.0 1
4 12 0.00539517402649 9.0 1
5 263 0.125121116638 260.0 1
6 18 0.00813293457031 15.0 1
7 14 0.00626587867737 11.0 1
8 13 0.00578904151917 10.0 1
9 13 0.00578808784485 10.0 1
10 11 0.00484991073608 8.0 1
11 8 0.00340390205383 5.0 1
12 8 0.00343990325928 5.0 1
13 8 0.00344395637512 5.0 1
14 9 0.0038640499115 6.0 1
15 12 0.00527286529541 9.0 1
16 11 0.00483107566833 8.0 1
17 9 0.00389003753662 6.0 1
18 10 0.00437808036804 7.0 1
19 10 0.0043740272522 7.0 1
20 9 0.0038959980011 6.0 1
21 9 0.00398111343384 6.0 1
22 8 0.00341296195984 5.0 1
23 9 0.00387001037598 6.0 1
24 11 0.00490689277649 8.0 1
25 8 0.00336980819702 5.0 1
26 8 0.00345087051392 5.0 1
27 8 0.00344610214233 5.0 1
28 9 0.00390601158142 6.0 1
29 9 0.00390791893005 6.0 1
30 8 0.00342488288879 5.0 1
31 9 0.00389194488525 6.0 1
32 11 0.00476884841919 8.0 1
33 10 0.004469871521 7.0 1
34 10 0.00435996055603 7.0 1
35 10 0.00437903404236 7.0 1
36 11 0.00486207008362 8.0 1
37 11 0.00482702255249 8.0 1
38 9 0.00389099121094 6.0 1
39 10 0.00435709953308 7.0 1
40 10 0.00427198410034 7.0 1
41 9 0.00386595726013 6.0 1
42 9 0.00391602516174 6.0 1
43 9 0.00393009185791 6.0 1
44 9 0.0038800239563 6.0 1
45 9 0.00388097763062 6.0 1
46 9 0.00386309623718 6.0 1
47 9 0.00381088256836 6.0 1
48 10 0.00431895256042 7.0 1
49 10 0.00434803962708 7.0 1
0 10 0.00441789627075 7.0 1
1 12 0.00529003143311 9.0 1
2 9 0.00383305549622 6.0 1
3 12 0.00524401664734 9.0 1
4 9 0.00389099121094 6.0 1
5 8 0.00344800949097 5.0 1
6 8 0.00324416160583 5.0 1
7 9 0.00383710861206 6.0 1
8 10 0.00433802604675 7.0 1
9 11 0.00484180450439 8.0 1
10 9 0.00383806228638 6.0 1
11 13 0.00565481185913 10.0 1
12 12 0.00539302825928 9.0 1
13 12 0.00529193878174 9.0 1
14 8 0.00340914726257 5.0 1
15 626 0.297697067261 623.0 1
16 9 0.00389504432678 6.0 1
17 8 0.00338196754456 5.0 1
18 8 0.00334692001343 5.0 1
19 11 0.00472092628479 8.0 1
20 9 0.0039279460907 6.0 1
21 9 0.00385999679565 6.0 1
22 10 0.0043671131134 7.0 1
23 10 0.00433492660522 7.0 1
24 9 0.0039050579071 6.0 1
25 9 0.00391507148743 6.0 1
26 8 0.00342488288879 5.0 1
27 8 0.00339603424072 5.0 1
28 9 0.00386118888855 6.0 1
29 11 0.00485587120056 8.0 1
30 9 0.00449204444885 6.0 1
31 9 0.00391697883606 6.0 1
32 8 0.00355100631714 5.0 1
33 8 0.00344491004944 5.0 1
34 9 0.00396919250488 6.0 1
35 9 0.00388407707214 6.0 1
36 9 0.0038731098175 6.0 1
37 10 0.00433993339539 7.0 1
38 9 0.00399899482727 6.0 1
39 9 0.00388789176941 6.0 1
40 11 0.00494003295898 8.0 1
41 9 0.00394296646118 6.0 1
42 10 0.004399061203 7.0 1
43 9 0.0038800239563 6.0 1
44 8 0.0034019947052 5.0 1
45 8 0.00343608856201 5.0 1
46 8 0.00354099273682 5.0 1
47 11 0.00485706329346 8.0 1
48 9 0.00396490097046 6.0 1
49 8 0.00347900390625 5.0 1
0 8 0.00358009338379 5.0 1
1 65 0.0305891036987 62.0 1
2 16 0.00713801383972 13.0 1
3 9 0.00384187698364 6.0 1
4 8 0.00343894958496 5.0 1
5 9 0.00392699241638 6.0 1
6 12 0.00531601905823 9.0 1
7 8 0.00332307815552 5.0 1
8 11 0.00474405288696 8.0 1
9 8 0.00336313247681 5.0 1
10 11 0.00490283966064 8.0 1
11 11 0.00496196746826 8.0 1
12 10 0.00441408157349 7.0 1
13 9 0.00388193130493 6.0 1
14 12 0.00528502464294 9.0 1
15 9 0.00391483306885 6.0 1
16 9 0.00388598442078 6.0 1
17 12 0.00531101226807 9.0 1
18 10 0.00434899330139 7.0 1
19 10 0.00427484512329 7.0 1
20 12 0.00533103942871 9.0 1
21 11 0.00489592552185 8.0 1
22 12 0.00528812408447 9.0 1
23 12 0.00526714324951 9.0 1
24 11 0.00478601455688 8.0 1
25 12 0.00529217720032 9.0 1
26 9 0.00391411781311 6.0 1
27 9 0.00401711463928 6.0 1
28 10 0.00454187393188 7.0 1
29 8 0.00351405143738 5.0 1
30 9 0.00389099121094 6.0 1
31 11 0.00480508804321 8.0 1
32 9 0.00390100479126 6.0 1
33 10 0.00435209274292 7.0 1
34 11 0.00477290153503 8.0 1
35 9 0.00389790534973 6.0 1
36 9 0.00388598442078 6.0 1
37 12 0.00525498390198 9.0 1
38 10 0.00442504882812 7.0 1
39 10 0.00433492660522 7.0 1
40 11 0.00490498542786 8.0 1
41 10 0.0046660900116 7.0 1
42 10 0.00446796417236 7.0 1
43 11 0.00485801696777 8.0 1
44 12 0.00528693199158 9.0 1
45 8 0.00344800949097 5.0 1
46 10 0.0044469833374 7.0 1
47 9 0.00387597084045 6.0 1
48 11 0.00492095947266 8.0 1
49 12 0.00533103942871 9.0 1
0 11 0.00506401062012 8.0 1
1 10 0.004390001297 7.0 1
2 11 0.00491118431091 8.0 1
3 11 0.00494194030762 8.0 1
4 10 0.00452780723572 7.0 1
5 8 0.00343799591064 5.0 1
6 12 0.0053699016571 9.0 1
7 10 0.00442290306091 7.0 1
8 9 0.00393891334534 6.0 1
9 11 0.00489902496338 8.0 1
10 13 0.00584197044373 10.0 1
11 9 0.00389409065247 6.0 1
12 17 0.00778412818909 14.0 1
13 11 0.00495219230652 8.0 1
14 11 0.00508904457092 8.0 1
15 13 0.00592112541199 10.0 1
16 214 0.103008985519 211.0 1
17 34 0.0159311294556 31.0 1
18 12 0.00539088249207 9.0 1
19 14 0.00641083717346 11.0 1
20 13 0.00582599639893 10.0 1
21 13 0.00589203834534 10.0 1
22 15 0.00689220428467 12.0 1
23 16 0.00724005699158 13.0 1
24 14 0.0062530040741 11.0 1
25 158 0.0789358615875 155.0 1
26 12 0.00566101074219 9.0 1
27 12 0.00547480583191 9.0 1
28 8 0.00352311134338 5.0 1
29 9 0.00398087501526 6.0 1
30 9 0.00394105911255 6.0 1
31 12 0.0054190158844 9.0 1
32 9 0.00391912460327 6.0 1
33 8 0.00344276428223 5.0 1
34 9 0.00395107269287 6.0 1
35 14 0.00624895095825 11.0 1
36 10 0.00437498092651 7.0 1
37 14 0.00640892982483 11.0 1
38 8 0.00348496437073 5.0 1
39 9 0.00393581390381 6.0 1
40 16 0.00731897354126 13.0 1
41 8 0.00342297554016 5.0 1
42 10 0.00446105003357 7.0 1
43 8 0.00342011451721 5.0 1
44 10 0.00444388389587 7.0 1
45 8 0.00345802307129 5.0 1
46 12 0.0053539276123 9.0 1
47 9 0.00390982627869 6.0 1
48 8 0.00345087051392 5.0 1
49 8 0.00347900390625 5.0 1
0 10 0.00465703010559 7.0 1
1 9 0.00396299362183 6.0 1
2 10 0.00445294380188 7.0 1
3 12 0.00531792640686 9.0 1
4 11 0.00484299659729 8.0 1
5 26 0.0122258663177 23.0 1
6 19 0.0088050365448 16.0 1
7 11 0.00488209724426 8.0 1
8 10 0.00440883636475 7.0 1
9 11 0.00499987602234 8.0 1
10 14 0.00629901885986 11.0 1
11 11 0.00507497787476 8.0 1
12 13 0.00579786300659 10.0 1
13 10 0.00437092781067 7.0 1
14 9 0.00393390655518 6.0 1
15 10 0.00439310073853 7.0 1
16 8 0.00357580184937 5.0 1
17 12 0.0053858757019 9.0 1
18 8 0.00340104103088 5.0 1
19 8 0.00344204902649 5.0 1
20 9 0.00388193130493 6.0 1
21 160 0.0763559341431 157.0 1
22 25 0.0115938186646 22.0 1
23 9 0.00384211540222 6.0 1
24 10 0.00429916381836 7.0 1
25 12 0.00533604621887 9.0 1
26 9 0.00393080711365 6.0 1
27 10 0.00436902046204 7.0 1
28 10 0.00436496734619 7.0 1
29 9 0.00397109985352 6.0 1
30 11 0.00480484962463 8.0 1
31 9 0.0039598941803 6.0 1
32 9 0.0039050579071 6.0 1
33 13 0.00582599639893 10.0 1
34 11 0.00489091873169 8.0 1
35 10 0.00440287590027 7.0 1
36 11 0.00493812561035 8.0 1
37 8 0.00342106819153 5.0 1
38 13 0.00588011741638 10.0 1
39 9 0.00390815734863 6.0 1
40 12 0.00534105300903 9.0 1
41 12 0.00545811653137 9.0 1
42 15 0.00688886642456 12.0 1
43 10 0.00453519821167 7.0 1
44 10 0.00437593460083 7.0 1
45 9 0.00394415855408 6.0 1
46 8 0.00345301628113 5.0 1
47 8 0.00342106819153 5.0 1
48 11 0.00480389595032 8.0 1
49 11 0.0048201084137 8.0 1
