trial, number of steps, runtime, accumulated reward, termination
0 13 0.0056459903717 10.0 1
1 13 0.00554490089417 10.0 1
2 13 0.00535202026367 10.0 1
3 12 0.0050311088562 9.0 1
4 10 0.00419306755066 7.0 1
5 9 0.00371408462524 6.0 1
6 10 0.00408887863159 7.0 1
7 11 0.00458097457886 8.0 1
8 10 0.00396108627319 7.0 1
9 12 0.0048999786377 9.0 1
10 9 0.00365710258484 6.0 1
11 11 0.00451302528381 8.0 1
12 11 0.00962686538696 8.0 1
13 12 0.00536894798279 9.0 1
14 8 0.00343608856201 5.0 1
15 9 0.00406694412231 6.0 1
16 11 0.00481700897217 8.0 1
17 8 0.00348997116089 5.0 1
18 11 0.00484681129456 8.0 1
19 8 0.00343298912048 5.0 1
20 11 0.00478291511536 8.0 1
21 10 0.00440216064453 7.0 1
22 12 0.00520300865173 9.0 1
23 12 0.00541210174561 9.0 1
24 10 0.00431489944458 7.0 1
25 11 0.00481200218201 8.0 1
26 11 0.00480890274048 8.0 1
27 10 0.00431680679321 7.0 1
28 8 0.00339293479919 5.0 1
29 12 0.0052490234375 9.0 1
30 12 0.0052649974823 9.0 1
31 9 0.00386691093445 6.0 1
32 12 0.00527286529541 9.0 1
33 8 0.00340294837952 5.0 1
34 12 0.00523805618286 9.0 1
35 11 0.00476789474487 8.0 1
36 10 0.00429606437683 7.0 1
37 12 0.00523614883423 9.0 1
38 10 0.00425410270691 7.0 1
39 9 0.0038161277771 6.0 1
40 10 0.00430393218994 7.0 1
41 8 0.00334215164185 5.0 1
42 8 0.00341105461121 5.0 1
43 12 0.00532102584839 9.0 1
44 10 0.004399061203 7.0 1
45 11 0.00475692749023 8.0 1
46 12 0.00525093078613 9.0 1
47 9 0.0037829875946 6.0 1
48 12 0.00524091720581 9.0 1
49 11 0.00791096687317 8.0 1
0 12 0.00557994842529 9.0 1
1 12 0.00529003143311 9.0 1
2 13 0.00577092170715 10.0 1
3 9 0.00393676757812 6.0 1
4 9 0.00390291213989 6.0 1
5 12 0.00521802902222 9.0 1
6 11 0.00493311882019 8.0 1
7 11 0.00479888916016 8.0 1
8 11 0.0049421787262 8.0 1
9 9 0.00410294532776 6.0 1
10 11 0.0047869682312 8.0 1
11 13 0.0057110786438 10.0 1
12 12 0.00523805618286 9.0 1
13 9 0.00384378433228 6.0 1
14 13 0.00574088096619 10.0 1
15 11 0.0048360824585 8.0 1
16 10 0.00431799888611 7.0 1
17 11 0.00474309921265 8.0 1
18 10 0.00429487228394 7.0 1
19 13 0.00574803352356 10.0 1
20 12 0.00525403022766 9.0 1
21 8 0.00345802307129 5.0 1
22 12 0.00536608695984 9.0 1
23 8 0.00338506698608 5.0 1
24 11 0.00475001335144 8.0 1
25 11 0.00478792190552 8.0 1
26 8 0.00339794158936 5.0 1
27 9 0.0038788318634 6.0 1
28 14 0.00615096092224 11.0 1
29 12 0.00528597831726 9.0 1
30 9 0.00376796722412 6.0 1
31 11 0.00485515594482 8.0 1
32 9 0.00379920005798 6.0 1
33 13 0.00573897361755 10.0 1
34 10 0.00432801246643 7.0 1
35 10 0.00428915023804 7.0 1
36 10 0.00433206558228 7.0 1
37 11 0.00475215911865 8.0 1
38 10 0.00434303283691 7.0 1
39 9 0.00384998321533 6.0 1
40 8 0.00344491004944 5.0 1
41 9 0.00380396842957 6.0 1
42 10 0.00426292419434 7.0 1
43 9 0.00380396842957 6.0 1
44 12 0.00529003143311 9.0 1
45 9 0.0039210319519 6.0 1
46 12 0.00529980659485 9.0 1
47 10 0.00433206558228 7.0 1
48 11 0.00481486320496 8.0 1
49 12 0.00527000427246 9.0 1
0 13 0.00587606430054 10.0 1
1 13 0.00574994087219 10.0 1
2 13 0.00570893287659 10.0 1
3 13 0.0056848526001 10.0 1
4 12 0.00520014762878 9.0 1
5 13 0.00568699836731 10.0 1
6 36 0.0165450572968 33.0 1
7 12 0.00523614883423 9.0 1
8 13 0.00566005706787 10.0 1
9 12 0.00523900985718 9.0 1
10 12 0.00529384613037 9.0 1
11 83 0.0386250019073 80.0 1
12 56 0.0256028175354 53.0 1
13 14 0.00608992576599 11.0 1
14 37 0.0168740749359 34.0 1
15 62 0.0284111499786 59.0 1
16 62 0.0312168598175 59.0 1
17 75 0.0440499782562 72.0 1
18 84 0.0389568805695 81.0 1
19 138 0.0641658306122 135.0 1
20 13 0.00569796562195 10.0 1
21 13 0.00568103790283 10.0 1
22 43 0.0198030471802 40.0 1
23 13 0.00571203231812 10.0 1
24 13 0.00572204589844 10.0 1
25 14 0.00627994537354 11.0 1
26 48 0.0220601558685 45.0 1
27 122 0.0570249557495 119.0 1
28 70 0.0330820083618 67.0 1
29 13 0.00572609901428 10.0 1
30 102 0.0478370189667 99.0 1
31 128 0.0602149963379 125.0 1
32 68 0.0321409702301 65.0 1
33 13 0.005854845047 10.0 1
34 103 0.0488398075104 100.0 1
35 112 0.0547409057617 109.0 1
36 13 0.00592994689941 10.0 1
37 14 0.00624489784241 11.0 1
38 12 0.00530600547791 9.0 1
39 12 0.00529789924622 9.0 1
40 180 0.0855760574341 177.0 1
41 13 0.00584387779236 10.0 1
42 61 0.0289180278778 58.0 1
43 42 0.0202808380127 39.0 1
44 15 0.00699019432068 12.0 1
45 148 0.0702538490295 145.0 1
46 94 0.0441679954529 91.0 1
47 94 0.0437850952148 91.0 1
48 97 0.045382976532 94.0 1
49 40 0.0185651779175 37.0 1
0 12 0.00531196594238 9.0 1
1 9 0.00380611419678 6.0 1
2 8 0.00336718559265 5.0 1
3 11 0.00471186637878 8.0 1
4 8 0.00338792800903 5.0 1
5 12 0.00524806976318 9.0 1
6 10 0.00434398651123 7.0 1
7 10 0.004319190979 7.0 1
8 12 0.00522494316101 9.0 1
9 11 0.00484490394592 8.0 1
10 10 0.00426316261292 7.0 1
11 13 0.00577116012573 10.0 1
12 8 0.00333118438721 5.0 1
13 10 0.00426387786865 7.0 1
14 11 0.00478100776672 8.0 1
15 12 0.00521302223206 9.0 1
16 12 0.00513911247253 9.0 1
17 8 0.00335288047791 5.0 1
18 10 0.00427889823914 7.0 1
19 11 0.00472187995911 8.0 1
20 12 0.00537800788879 9.0 1
21 10 0.00423908233643 7.0 1
22 13 0.00580096244812 10.0 1
23 9 0.00383114814758 6.0 1
24 12 0.00522804260254 9.0 1
25 9 0.00385785102844 6.0 1
26 11 0.00474500656128 8.0 1
27 12 0.00515604019165 9.0 1
28 9 0.00387096405029 6.0 1
29 12 0.00527906417847 9.0 1
30 11 0.00485897064209 8.0 1
31 11 0.00487804412842 8.0 1
32 9 0.00384998321533 6.0 1
33 8 0.00331902503967 5.0 1
34 10 0.00424885749817 7.0 1
35 11 0.00478386878967 8.0 1
36 11 0.00476384162903 8.0 1
37 10 0.00429487228394 7.0 1
38 13 0.00572204589844 10.0 1
39 8 0.00333309173584 5.0 1
40 11 0.00471520423889 8.0 1
41 12 0.00525498390198 9.0 1
42 10 0.00440096855164 7.0 1
43 11 0.0047619342804 8.0 1
44 12 0.00518202781677 9.0 1
45 11 0.00468015670776 8.0 1
46 11 0.0048828125 8.0 1
47 9 0.0039279460907 6.0 1
48 11 0.00469183921814 8.0 1
49 10 0.00423908233643 7.0 1
0 8 0.00355505943298 5.0 1
1 9 0.00382494926453 6.0 1
2 9 0.00382399559021 6.0 1
3 11 0.00480699539185 8.0 1
4 10 0.0042839050293 7.0 1
5 9 0.00386691093445 6.0 1
6 9 0.00378704071045 6.0 1
7 9 0.00377488136292 6.0 1
8 10 0.00421214103699 7.0 1
9 9 0.00381898880005 6.0 1
10 9 0.00392889976501 6.0 1
11 10 0.00430703163147 7.0 1
12 10 0.00432991981506 7.0 1
13 10 0.00430917739868 7.0 1
14 9 0.00377702713013 6.0 1
15 9 0.00388598442078 6.0 1
16 10 0.00428581237793 7.0 1
17 8 0.00335192680359 5.0 1
18 10 0.00423693656921 7.0 1
19 9 0.003751039505 6.0 1
20 8 0.00336503982544 5.0 1
21 10 0.00425887107849 7.0 1
22 9 0.00384092330933 6.0 1
23 10 0.00428295135498 7.0 1
24 11 0.00468993186951 8.0 1
25 9 0.00383496284485 6.0 1
26 8 0.00332903862 5.0 1
27 10 0.00428104400635 7.0 1
28 9 0.00386881828308 6.0 1
29 11 0.00471782684326 8.0 1
30 10 0.00430107116699 7.0 1
31 10 0.00428819656372 7.0 1
32 8 0.00341010093689 5.0 1
33 11 0.00465512275696 8.0 1
34 9 0.00379109382629 6.0 1
35 10 0.00428009033203 7.0 1
36 9 0.00386190414429 6.0 1
37 10 0.00432801246643 7.0 1
38 11 0.00477600097656 8.0 1
39 10 0.00431609153748 7.0 1
40 8 0.00350213050842 5.0 1
41 9 0.00387406349182 6.0 1
42 9 0.00391006469727 6.0 1
43 10 0.0043261051178 7.0 1
44 9 0.00385785102844 6.0 1
45 9 0.00385999679565 6.0 1
46 9 0.00382018089294 6.0 1
47 9 0.00381016731262 6.0 1
48 10 0.00466918945312 7.0 1
49 9 0.00382018089294 6.0 1
0 8 0.00357007980347 5.0 1
1 10 0.0043351650238 7.0 1
2 11 0.00483798980713 8.0 1
3 9 0.00380897521973 6.0 1
4 11 0.00481605529785 8.0 1
5 11 0.00475311279297 8.0 1
6 10 0.00417399406433 7.0 1
7 11 0.00472688674927 8.0 1
8 9 0.00378704071045 6.0 1
9 10 0.00430607795715 7.0 1
10 11 0.00470304489136 8.0 1
11 9 0.00376796722412 6.0 1
12 12 0.00521683692932 9.0 1
13 8 0.00341296195984 5.0 1
14 9 0.00377798080444 6.0 1
15 8 0.00332307815552 5.0 1
16 11 0.00474500656128 8.0 1
17 12 0.00521993637085 9.0 1
18 9 0.00382280349731 6.0 1
19 8 0.00331902503967 5.0 1
20 10 0.00425910949707 7.0 1
21 9 0.00382804870605 6.0 1
22 9 0.00382018089294 6.0 1
23 11 0.00471997261047 8.0 1
24 10 0.00431704521179 7.0 1
25 10 0.004310131073 7.0 1
26 12 0.00529193878174 9.0 1
27 9 0.00381398200989 6.0 1
28 9 0.00382399559021 6.0 1
29 12 0.0070960521698 9.0 1
30 10 0.00444507598877 7.0 1
31 10 0.0043351650238 7.0 1
32 9 0.0038800239563 6.0 1
33 11 0.00480508804321 8.0 1
34 12 0.00523400306702 9.0 1
35 12 0.00527501106262 9.0 1
36 13 0.0058319568634 10.0 1
37 12 0.00527405738831 9.0 1
38 11 0.00483417510986 8.0 1
39 10 0.00438594818115 7.0 1
40 9 0.00387406349182 6.0 1
41 12 0.00531911849976 9.0 1
42 8 0.00346994400024 5.0 1
43 12 0.00531411170959 9.0 1
44 11 0.00485587120056 8.0 1
45 11 0.00482201576233 8.0 1
46 8 0.00338697433472 5.0 1
47 10 0.00432205200195 7.0 1
48 9 0.00385808944702 6.0 1
49 9 0.00387907028198 6.0 1
0 8 0.00359797477722 5.0 1
1 9 0.00396108627319 6.0 1
2 9 0.00390911102295 6.0 1
3 9 0.00394082069397 6.0 1
4 10 0.00438117980957 7.0 1
5 11 0.00493788719177 8.0 1
6 11 0.00482892990112 8.0 1
7 11 0.00480914115906 8.0 1
8 9 0.00393009185791 6.0 1
9 10 0.00436186790466 7.0 1
10 9 0.00387096405029 6.0 1
11 9 0.00385499000549 6.0 1
12 10 0.00440001487732 7.0 1
13 11 0.00479817390442 8.0 1
14 11 0.00479698181152 8.0 1
15 11 0.00479483604431 8.0 1
16 13 0.0057590007782 10.0 1
17 11 0.00481605529785 8.0 1
18 8 0.00342893600464 5.0 1
19 9 0.0039050579071 6.0 1
20 10 0.00433802604675 7.0 1
21 10 0.00430393218994 7.0 1
22 9 0.00391697883606 6.0 1
23 11 0.00481820106506 8.0 1
24 11 0.00485897064209 8.0 1
25 10 0.00431108474731 7.0 1
26 11 0.00476908683777 8.0 1
27 11 0.00470781326294 8.0 1
28 12 0.00517702102661 9.0 1
29 11 0.00477313995361 8.0 1
30 8 0.00336217880249 5.0 1
31 10 0.00436997413635 7.0 1
32 8 0.00336194038391 5.0 1
33 11 0.00479197502136 8.0 1
34 11 0.00476694107056 8.0 1
35 13 0.00571513175964 10.0 1
36 12 0.00517892837524 9.0 1
37 12 0.00528287887573 9.0 1
38 10 0.0043830871582 7.0 1
39 11 0.00476908683777 8.0 1
40 10 0.00430798530579 7.0 1
41 10 0.00428915023804 7.0 1
42 11 0.00477290153503 8.0 1
43 12 0.0052227973938 9.0 1
44 10 0.00433087348938 7.0 1
45 11 0.00477480888367 8.0 1
46 13 0.00574493408203 10.0 1
47 11 0.00482296943665 8.0 1
48 9 0.00383400917053 6.0 1
49 10 0.00433206558228 7.0 1
0 12 0.0054030418396 9.0 1
1 9 0.00397992134094 6.0 1
2 8 0.00346302986145 5.0 1
3 10 0.00430202484131 7.0 1
4 12 0.0052649974823 9.0 1
5 11 0.00481915473938 8.0 1
6 11 0.00476479530334 8.0 1
7 12 0.00530505180359 9.0 1
8 9 0.00388503074646 6.0 1
9 10 0.00424599647522 7.0 1
10 10 0.00436806678772 7.0 1
11 10 0.00429821014404 7.0 1
12 11 0.00480389595032 8.0 1
13 11 0.00485396385193 8.0 1
14 10 0.00438594818115 7.0 1
15 11 0.00479412078857 8.0 1
16 14 0.00611996650696 11.0 1
17 10 0.00433993339539 7.0 1
18 10 0.00432109832764 7.0 1
19 11 0.00476288795471 8.0 1
20 13 0.00566387176514 10.0 1
21 11 0.00470399856567 8.0 1
22 11 0.004802942276 8.0 1
23 10 0.00430512428284 7.0 1
24 10 0.00429320335388 7.0 1
25 10 0.00423812866211 7.0 1
26 12 0.00520014762878 9.0 1
27 10 0.00428915023804 7.0 1
28 11 0.0047779083252 8.0 1
29 11 0.00474190711975 8.0 1
30 9 0.00384593009949 6.0 1
31 13 0.00567698478699 10.0 1
32 10 0.00429391860962 7.0 1
33 9 0.00379395484924 6.0 1
34 10 0.00426888465881 7.0 1
35 13 0.0060510635376 10.0 1
36 11 0.00470614433289 8.0 1
37 10 0.00424885749817 7.0 1
38 11 0.00474810600281 8.0 1
39 11 0.00475287437439 8.0 1
40 10 0.00426888465881 7.0 1
41 13 0.00562787055969 10.0 1
42 9 0.00393319129944 6.0 1
43 12 0.00535607337952 9.0 1
44 9 0.00387716293335 6.0 1
45 11 0.00474405288696 8.0 1
46 11 0.00480794906616 8.0 1
47 9 0.00387501716614 6.0 1
48 11 0.00470900535583 8.0 1
49 12 0.00517106056213 9.0 1
0 9 0.00399899482727 6.0 1
1 9 0.00391483306885 6.0 1
2 8 0.00338697433472 5.0 1
3 9 0.00381588935852 6.0 1
4 10 0.004390001297 7.0 1
5 9 0.00387787818909 6.0 1
6 9 0.00386500358582 6.0 1
7 8 0.00340104103088 5.0 1
8 11 0.00476813316345 8.0 1
9 10 0.00440812110901 7.0 1
10 9 0.0038890838623 6.0 1
11 9 0.00393199920654 6.0 1
12 8 0.00343108177185 5.0 1
13 9 0.00395607948303 6.0 1
14 9 0.00396919250488 6.0 1
15 10 0.0043511390686 7.0 1
16 11 0.00476598739624 8.0 1
17 8 0.00334095954895 5.0 1
18 8 0.00334501266479 5.0 1
19 12 0.00529003143311 9.0 1
20 9 0.00384998321533 6.0 1
21 12 0.00510501861572 9.0 1
22 10 0.00427317619324 7.0 1
23 11 0.00478720664978 8.0 1
24 9 0.0038890838623 6.0 1
25 12 0.00521302223206 9.0 1
26 8 0.00345277786255 5.0 1
27 13 0.00572299957275 10.0 1
28 11 0.00484204292297 8.0 1
29 12 0.00522494316101 9.0 1
30 9 0.00388884544373 6.0 1
31 11 0.00489592552185 8.0 1
32 13 0.00589799880981 10.0 1
33 10 0.0044629573822 7.0 1
34 11 0.00497603416443 8.0 1
35 13 0.00580191612244 10.0 1
36 11 0.00487017631531 8.0 1
37 10 0.00428986549377 7.0 1
38 9 0.00389695167542 6.0 1
39 11 0.00479507446289 8.0 1
40 13 0.00571489334106 10.0 1
41 8 0.00346994400024 5.0 1
42 12 0.00527000427246 9.0 1
43 11 0.00473403930664 8.0 1
44 8 0.00339913368225 5.0 1
45 11 0.00490522384644 8.0 1
46 10 0.00430989265442 7.0 1
47 9 0.00390911102295 6.0 1
48 12 0.00527501106262 9.0 1
49 8 0.00340104103088 5.0 1
0 13 0.00597882270813 10.0 1
1 9 0.00389194488525 6.0 1
2 11 0.00481700897217 8.0 1
3 9 0.00393390655518 6.0 1
4 11 0.00481200218201 8.0 1
5 9 0.00389194488525 6.0 1
6 10 0.00430202484131 7.0 1
7 9 0.00384092330933 6.0 1
8 8 0.00331497192383 5.0 1
9 10 0.0043089389801 7.0 1
10 10 0.00431799888611 7.0 1
11 10 0.00439190864563 7.0 1
12 9 0.00384497642517 6.0 1
13 12 0.00532793998718 9.0 1
14 12 0.00530099868774 9.0 1
15 12 0.00531601905823 9.0 1
16 10 0.00435900688171 7.0 1
17 9 0.00387287139893 6.0 1
18 10 0.00433301925659 7.0 1
19 13 0.00565600395203 10.0 1
20 9 0.00383591651917 6.0 1
21 13 0.00568103790283 10.0 1
22 9 0.00390195846558 6.0 1
23 13 0.00584697723389 10.0 1
24 11 0.00475001335144 8.0 1
25 11 0.00480890274048 8.0 1
26 10 0.00431394577026 7.0 1
27 9 0.00387191772461 6.0 1
28 10 0.00429701805115 7.0 1
29 12 0.00517916679382 9.0 1
30 9 0.00384998321533 6.0 1
31 8 0.00340604782104 5.0 1
32 9 0.00382399559021 6.0 1
33 9 0.00372505187988 6.0 1
34 12 0.00520515441895 9.0 1
35 10 0.00442886352539 7.0 1
36 8 0.00343990325928 5.0 1
37 9 0.00393009185791 6.0 1
38 13 0.0058319568634 10.0 1
39 9 0.00384593009949 6.0 1
40 11 0.00473308563232 8.0 1
41 8 0.00334596633911 5.0 1
42 8 0.00343298912048 5.0 1
43 10 0.00432085990906 7.0 1
44 11 0.00473284721375 8.0 1
45 11 0.00659203529358 8.0 1
46 10 0.00440192222595 7.0 1
47 9 0.00387716293335 6.0 1
48 13 0.00576186180115 10.0 1
49 11 0.00481700897217 8.0 1
