trial, number of steps, runtime, accumulated reward, termination
0 11 0.00445199012756 8.0 1
1 12 0.00450110435486 9.0 1
2 11 0.00411701202393 8.0 1
3 11 0.00910401344299 8.0 1
4 12 0.0357048511505 9.0 1
5 12 0.00457787513733 9.0 1
6 11 0.00514793395996 8.0 1
7 13 0.00490498542786 10.0 1
8 14 0.030063867569 11.0 1
9 105 0.0671880245209 102.0 1
10 13 0.00571799278259 10.0 1
11 98 0.0453820228577 95.0 1
12 14 0.00619411468506 11.0 1
13 49 0.0224280357361 46.0 1
14 138 0.0639879703522 135.0 1
15 137 0.0664439201355 134.0 1
16 169 0.0790438652039 166.0 1
17 5000 2.23998403549 4999.0 0
18 5000 2.19527983665 4999.0 0
19 5000 2.19462800026 4999.0 0
20 5000 2.14243388176 4999.0 0
21 5000 2.41372799873 4999.0 0
22 5000 2.44792819023 4999.0 0
23 5000 2.4442460537 4999.0 0
24 5000 2.27104282379 4999.0 0
25 5000 2.49376916885 4999.0 0
26 5000 2.57428407669 4999.0 0
27 5000 2.31796908379 4999.0 0
28 5000 2.56567001343 4999.0 0
29 5000 2.74200487137 4999.0 0
30 5000 2.41282701492 4999.0 0
31 5000 2.44260215759 4999.0 0
32 5000 2.24271678925 4999.0 0
33 5000 2.16878914833 4999.0 0
34 5000 2.18699216843 4999.0 0
35 5000 2.5102918148 4999.0 0
36 5000 2.16346907616 4999.0 0
37 5000 2.12532711029 4999.0 0
38 5000 2.29079294205 4999.0 0
39 5000 2.34889411926 4999.0 0
40 5000 2.35885310173 4999.0 0
41 5000 2.35076379776 4999.0 0
42 5000 2.30681085587 4999.0 0
43 5000 2.16754293442 4999.0 0
44 5000 2.24735498428 4999.0 0
45 5000 2.22334909439 4999.0 0
46 5000 2.14132905006 4999.0 0
47 5000 2.21067094803 4999.0 0
48 5000 2.18893384933 4999.0 0
49 5000 2.22285103798 4999.0 0
0 9 0.00682902336121 6.0 1
1 12 0.00498294830322 9.0 1
2 9 0.0059220790863 6.0 1
3 12 0.00505113601685 9.0 1
4 11 0.00469398498535 8.0 1
5 12 0.00796794891357 9.0 1
6 12 0.00675582885742 9.0 1
7 13 0.0055820941925 10.0 1
8 9 0.00514507293701 6.0 1
9 13 0.00502300262451 10.0 1
10 11 0.00837111473083 8.0 1
11 9 0.00391483306885 6.0 1
12 12 0.00506997108459 9.0 1
13 8 0.0033221244812 5.0 1
14 8 0.00938391685486 5.0 1
15 10 0.0064480304718 7.0 1
16 11 0.00463485717773 8.0 1
17 13 0.00734710693359 10.0 1
18 13 0.00556302070618 10.0 1
19 9 0.025801897049 6.0 1
20 13 0.00580286979675 10.0 1
21 9 0.00373291969299 6.0 1
22 12 0.0135858058929 9.0 1
23 11 0.00466799736023 8.0 1
24 13 0.00557017326355 10.0 1
25 14 0.0237200260162 11.0 1
26 10 0.00369715690613 7.0 1
27 13 0.0081889629364 10.0 1
28 8 0.00294804573059 5.0 1
29 12 0.0111148357391 9.0 1
30 14 0.00821995735168 11.0 1
31 10 0.00422692298889 7.0 1
32 13 0.0055980682373 10.0 1
33 14 0.00600719451904 11.0 1
34 13 0.00965094566345 10.0 1
35 10 0.00406813621521 7.0 1
36 10 0.00413298606873 7.0 1
37 14 0.00883889198303 11.0 1
38 13 0.00743293762207 10.0 1
39 14 0.00600409507751 11.0 1
40 11 0.0112099647522 8.0 1
41 14 0.00604796409607 11.0 1
42 12 0.00371313095093 9.0 1
43 13 0.0041401386261 10.0 1
44 9 0.0032651424408 6.0 1
45 11 0.00350499153137 8.0 1
46 10 0.00434899330139 7.0 1
47 11 0.00467109680176 8.0 1
48 13 0.00576186180115 10.0 1
49 10 0.00421214103699 7.0 1
0 62 0.0296401977539 59.0 1
1 118 0.0564749240875 115.0 1
2 87 0.0414209365845 84.0 1
3 136 0.0642399787903 133.0 1
4 61 0.0285820960999 58.0 1
5 102 0.0480110645294 99.0 1
6 5000 2.32355713844 4999.0 0
7 32 0.014496088028 29.0 1
8 39 0.0177919864655 36.0 1
9 5000 2.3480591774 4999.0 0
10 5000 2.48465394974 4999.0 0
11 5000 2.72914218903 4999.0 0
12 5000 2.49699616432 4999.0 0
13 5000 2.30963802338 4999.0 0
14 5000 2.20690321922 4999.0 0
15 5000 2.45775604248 4999.0 0
16 5000 2.29876303673 4999.0 0
17 5000 2.18838906288 4999.0 0
18 5000 2.43029499054 4999.0 0
19 5000 2.70349407196 4999.0 0
20 5000 2.19624090195 4999.0 0
21 5000 2.39186000824 4999.0 0
22 5000 2.60829401016 4999.0 0
23 5000 2.29911494255 4999.0 0
24 5000 2.29486012459 4999.0 0
25 5000 2.26292395592 4999.0 0
26 5000 2.45158910751 4999.0 0
27 5000 2.22811794281 4999.0 0
28 5000 2.22490906715 4999.0 0
29 5000 2.22183513641 4999.0 0
30 5000 2.16391515732 4999.0 0
31 5000 2.2254691124 4999.0 0
32 5000 2.23304605484 4999.0 0
33 5000 2.1804330349 4999.0 0
34 5000 2.41340494156 4999.0 0
35 5000 2.30144691467 4999.0 0
36 5000 2.28927898407 4999.0 0
37 5000 2.13746905327 4999.0 0
38 5000 2.2787668705 4999.0 0
39 5000 2.2088971138 4999.0 0
40 5000 2.39540505409 4999.0 0
41 5000 2.15047907829 4999.0 0
42 5000 2.1309800148 4999.0 0
43 5000 2.7258310318 4999.0 0
44 5000 2.55284190178 4999.0 0
45 5000 2.18728208542 4999.0 0
46 5000 2.09136295319 4999.0 0
47 5000 2.16426301003 4999.0 0
48 5000 2.16774916649 4999.0 0
49 5000 2.34614682198 4999.0 0
0 9 0.00389409065247 6.0 1
1 12 0.00512003898621 9.0 1
2 8 0.00318598747253 5.0 1
3 12 0.00498604774475 9.0 1
4 12 0.00494909286499 9.0 1
5 13 0.00520706176758 10.0 1
6 10 0.00396990776062 7.0 1
7 10 0.00408601760864 7.0 1
8 12 0.00480794906616 9.0 1
9 9 0.00362300872803 6.0 1
10 10 0.00295305252075 7.0 1
11 12 0.00500798225403 9.0 1
12 11 0.00418400764465 8.0 1
13 12 0.00455808639526 9.0 1
14 11 0.00329494476318 8.0 1
15 12 0.00466418266296 9.0 1
16 12 0.00488901138306 9.0 1
17 13 0.00517702102661 10.0 1
18 13 0.00510311126709 10.0 1
19 8 0.00310492515564 5.0 1
20 12 0.00484704971313 9.0 1
21 12 0.00486898422241 9.0 1
22 11 0.00439500808716 8.0 1
23 12 0.00486493110657 9.0 1
24 8 0.00314283370972 5.0 1
25 12 0.00514388084412 9.0 1
26 10 0.00387406349182 7.0 1
27 10 0.00391411781311 7.0 1
28 11 0.00430393218994 8.0 1
29 11 0.00429701805115 8.0 1
30 9 0.00356698036194 6.0 1
31 10 0.00401997566223 7.0 1
32 13 0.00499987602234 10.0 1
33 8 0.0030460357666 5.0 1
34 12 0.00498604774475 9.0 1
35 9 0.00341796875 6.0 1
36 13 0.00504398345947 10.0 1
37 13 0.00508308410645 10.0 1
38 10 0.00413799285889 7.0 1
39 11 0.00451612472534 8.0 1
40 11 0.00424289703369 8.0 1
41 13 0.00537300109863 10.0 1
42 11 0.0045850276947 8.0 1
43 9 0.00368404388428 6.0 1
44 9 0.00365209579468 6.0 1
45 11 0.00462603569031 8.0 1
46 9 0.00345587730408 6.0 1
47 12 0.0049159526825 9.0 1
48 14 0.00585007667542 11.0 1
49 15 0.00510907173157 12.0 1
0 77 0.0300841331482 74.0 1
1 69 0.0294201374054 66.0 1
2 28 0.0112290382385 25.0 1
3 54 0.0228011608124 51.0 1
4 96 0.0420880317688 93.0 1
5 60 0.0260961055756 57.0 1
6 46 0.0192811489105 43.0 1
7 71 0.0308709144592 68.0 1
8 949 0.41388297081 946.0 1
9 9 0.00336384773254 6.0 1
10 10 0.00379800796509 7.0 1
11 113 0.047290802002 110.0 1
12 5000 2.18977594376 4999.0 0
13 5000 2.31423807144 4999.0 0
14 5000 2.26001787186 4999.0 0
15 5000 2.35766792297 4999.0 0
16 5000 2.21827983856 4999.0 0
17 5000 2.2223508358 4999.0 0
18 5000 2.33293700218 4999.0 0
19 5000 2.16075515747 4999.0 0
20 14 0.00593113899231 11.0 1
21 22 0.00993490219116 19.0 1
22 5000 2.27201795578 4999.0 0
23 5000 2.28881597519 4999.0 0
24 5000 2.20889592171 4999.0 0
25 5000 2.42379713058 4999.0 0
26 5000 2.46940302849 4999.0 0
27 5000 2.31797599792 4999.0 0
28 5000 2.35642790794 4999.0 0
29 5000 2.25729990005 4999.0 0
30 5000 2.24442386627 4999.0 0
31 5000 2.36013102531 4999.0 0
32 2974 1.40608215332 2971.0 1
33 26 0.0118260383606 23.0 1
34 5000 2.36131596565 4999.0 0
35 42 0.0201790332794 39.0 1
36 26 0.012423992157 23.0 1
37 5000 2.37100100517 4999.0 0
38 5000 2.35479903221 4999.0 0
39 5000 2.35571408272 4999.0 0
40 5000 2.33623600006 4999.0 0
41 5000 2.4134349823 4999.0 0
42 5000 2.36440300941 4999.0 0
43 5000 2.37001395226 4999.0 0
44 5000 2.34740304947 4999.0 0
45 5000 2.31258416176 4999.0 0
46 5000 2.50237298012 4999.0 0
47 5000 2.43791508675 4999.0 0
48 5000 2.35783314705 4999.0 0
49 5000 2.48628592491 4999.0 0
0 37 0.015734910965 34.0 1
1 11 0.00437784194946 8.0 1
2 33 0.0137760639191 30.0 1
3 49 0.0208220481873 46.0 1
4 12 0.00509595870972 9.0 1
5 8 0.00313520431519 5.0 1
6 11 0.00442910194397 8.0 1
7 9 0.00337100028992 6.0 1
8 3990 1.8499519825 3987.0 1
9 8 0.00366997718811 5.0 1
10 31 0.0154011249542 28.0 1
11 13 0.00624895095825 10.0 1
12 170 0.0858900547028 167.0 1
13 5000 2.41877198219 4999.0 0
14 5000 2.33931088448 4999.0 0
15 14 0.00622296333313 11.0 1
16 5000 2.37940192223 4999.0 0
17 5000 3.24282813072 4999.0 0
18 5000 2.21642804146 4999.0 0
19 5000 2.70902180672 4999.0 0
20 5000 2.80029010773 4999.0 0
21 5000 2.35184597969 4999.0 0
22 40 0.01877617836 37.0 1
23 5000 2.41132807732 4999.0 0
24 5000 2.41658592224 4999.0 0
25 5000 2.39056587219 4999.0 0
26 5000 2.42555904388 4999.0 0
27 5000 2.36420488358 4999.0 0
28 5000 2.2867000103 4999.0 0
29 14 0.00626516342163 11.0 1
30 5000 2.33904981613 4999.0 0
31 5000 2.3150639534 4999.0 0
32 5000 2.23721790314 4999.0 0
33 5000 2.59614491463 4999.0 0
34 5000 2.25714421272 4999.0 0
35 5000 2.10833001137 4999.0 0
36 45 0.0181019306183 42.0 1
37 74 0.0298669338226 71.0 1
38 5000 2.21317219734 4999.0 0
39 5000 2.21476006508 4999.0 0
40 5000 2.18531703949 4999.0 0
41 5000 2.15277218819 4999.0 0
42 5000 2.15214896202 4999.0 0
43 5000 2.29195690155 4999.0 0
44 5000 2.4203081131 4999.0 0
45 5000 2.28791379929 4999.0 0
46 5000 2.19038510323 4999.0 0
47 5000 2.30993700027 4999.0 0
48 5000 2.17252016068 4999.0 0
49 5000 2.18640613556 4999.0 0
0 100 0.0418839454651 97.0 1
1 51 0.0210769176483 48.0 1
2 111 0.0460259914398 108.0 1
3 44 0.0183961391449 41.0 1
4 27 0.0110149383545 24.0 1
5 180 0.0761868953705 177.0 1
6 77 0.0337309837341 74.0 1
7 1022 0.529938936234 1019.0 1
8 5000 2.30063009262 4999.0 0
9 59 0.0266828536987 56.0 1
10 12 0.00492596626282 9.0 1
11 5000 2.26124501228 4999.0 0
12 18 0.0178668498993 15.0 1
13 75 0.0304429531097 72.0 1
14 5000 2.21256494522 4999.0 0
15 5000 2.20978498459 4999.0 0
16 5000 2.37981796265 4999.0 0
17 5000 2.21114802361 4999.0 0
18 5000 2.18583106995 4999.0 0
19 5000 2.31555891037 4999.0 0
20 5000 2.34001898766 4999.0 0
21 5000 2.36295604706 4999.0 0
22 5000 2.43130493164 4999.0 0
23 5000 2.38623213768 4999.0 0
24 15 0.00763988494873 12.0 1
25 5000 2.15450906754 4999.0 0
26 5000 2.42145991325 4999.0 0
27 5000 2.46555709839 4999.0 0
28 5000 2.26727104187 4999.0 0
29 5000 2.28201007843 4999.0 0
30 5000 2.37923789024 4999.0 0
31 5000 2.55914306641 4999.0 0
32 5000 2.47582292557 4999.0 0
33 5000 3.17968893051 4999.0 0
34 5000 2.71514487267 4999.0 0
35 5000 2.49015903473 4999.0 0
36 5000 2.41419911385 4999.0 0
37 5000 2.3099489212 4999.0 0
38 5000 2.34174013138 4999.0 0
39 5000 2.29326701164 4999.0 0
40 5000 2.67750811577 4999.0 0
41 5000 2.65279006958 4999.0 0
42 5000 2.28103089333 4999.0 0
43 5000 2.36353802681 4999.0 0
44 5000 2.25612878799 4999.0 0
45 5000 2.34301185608 4999.0 0
46 5000 2.49375915527 4999.0 0
47 5000 2.49936795235 4999.0 0
48 5000 2.49410104752 4999.0 0
49 5000 2.7850651741 4999.0 0
0 10 0.00516796112061 7.0 1
1 11 0.00561308860779 8.0 1
2 12 0.00620222091675 9.0 1
3 10 0.00506901741028 7.0 1
4 10 0.00504398345947 7.0 1
5 13 0.00679898262024 10.0 1
6 14 0.00715899467468 11.0 1
7 13 0.00676393508911 10.0 1
8 13 0.00663900375366 10.0 1
9 10 0.00509595870972 7.0 1
10 10 0.00504899024963 7.0 1
11 11 0.0056459903717 8.0 1
12 9 0.00458121299744 6.0 1
13 13 0.00673580169678 10.0 1
14 13 0.00662207603455 10.0 1
15 11 0.00550007820129 8.0 1
16 13 0.00656414031982 10.0 1
17 11 0.00550198554993 8.0 1
18 12 0.00603985786438 9.0 1
19 13 0.00660705566406 10.0 1
20 12 0.0060441493988 9.0 1
21 10 0.0050950050354 7.0 1
22 11 0.00556302070618 8.0 1
23 13 0.00660490989685 10.0 1
24 13 0.0051600933075 10.0 1
25 10 0.00356197357178 7.0 1
26 13 0.0046968460083 10.0 1
27 10 0.00353693962097 7.0 1
28 12 0.00450706481934 9.0 1
29 11 0.00503396987915 8.0 1
30 13 0.00680804252625 10.0 1
31 11 0.0058388710022 8.0 1
32 13 0.00666213035583 10.0 1
33 11 0.00573706626892 8.0 1
34 9 0.00459504127502 6.0 1
35 14 0.00720286369324 11.0 1
36 14 0.00776815414429 11.0 1
37 14 0.00723600387573 11.0 1
38 13 0.00670790672302 10.0 1
39 10 0.00511002540588 7.0 1
40 10 0.00466299057007 7.0 1
41 13 0.00606107711792 10.0 1
42 9 0.00410509109497 6.0 1
43 8 0.00336718559265 5.0 1
44 13 0.00639605522156 10.0 1
45 13 0.00669097900391 10.0 1
46 13 0.00692391395569 10.0 1
47 10 0.0051121711731 7.0 1
48 10 0.00508189201355 7.0 1
49 14 0.00731801986694 11.0 1
0 114 0.0635321140289 111.0 1
1 58 0.0319399833679 55.0 1
2 67 0.0367920398712 64.0 1
3 29 0.01553606987 26.0 1
4 674 0.373857021332 671.0 1
5 51 0.025404214859 48.0 1
6 162 0.0886681079865 159.0 1
7 153 0.0752558708191 150.0 1
8 13 0.00538802146912 10.0 1
9 137 0.0660939216614 134.0 1
10 125 0.0688707828522 122.0 1
11 141 0.0784051418304 138.0 1
12 13 0.00665807723999 10.0 1
13 14 0.00733780860901 11.0 1
14 13 0.00670289993286 10.0 1
15 3047 1.66759800911 3044.0 1
16 5000 2.41589808464 4999.0 0
17 5000 2.34762382507 4999.0 0
18 5000 2.35794687271 4999.0 0
19 5000 2.48315501213 4999.0 0
20 5000 2.69941115379 4999.0 0
21 5000 2.35765314102 4999.0 0
22 5000 2.10079312325 4999.0 0
23 5000 2.23321700096 4999.0 0
24 5000 2.33198285103 4999.0 0
25 5000 2.54154586792 4999.0 0
26 5000 2.48147797585 4999.0 0
27 5000 2.45962190628 4999.0 0
28 5000 2.61007189751 4999.0 0
29 5000 2.51278996468 4999.0 0
30 5000 2.3230278492 4999.0 0
31 5000 2.29771518707 4999.0 0
32 5000 2.38455891609 4999.0 0
33 5000 2.47548389435 4999.0 0
34 5000 2.48078203201 4999.0 0
35 5000 2.5513958931 4999.0 0
36 5000 2.3964381218 4999.0 0
37 5000 2.630245924 4999.0 0
38 5000 2.24932909012 4999.0 0
39 5000 2.80653095245 4999.0 0
40 5000 2.81943893433 4999.0 0
41 5000 2.79324889183 4999.0 0
42 5000 2.82501101494 4999.0 0
43 5000 2.85249495506 4999.0 0
44 5000 2.79962205887 4999.0 0
45 5000 2.83742594719 4999.0 0
46 5000 2.77480506897 4999.0 0
47 5000 2.77960014343 4999.0 0
48 5000 2.78103613853 4999.0 0
49 5000 2.78229594231 4999.0 0
0 55 0.0305180549622 52.0 1
1 65 0.0352990627289 62.0 1
2 64 0.0343458652496 61.0 1
3 81 0.0438420772552 78.0 1
4 167 0.0911989212036 164.0 1
5 1078 0.613286972046 1075.0 1
6 27 0.0148949623108 24.0 1
7 5000 2.79977488518 4999.0 0
8 5000 2.75370907784 4999.0 0
9 42 0.0174980163574 39.0 1
10 5000 2.14955306053 4999.0 0
11 4731 2.36775898933 4728.0 1
12 5000 2.32159900665 4999.0 0
13 5000 2.22112607956 4999.0 0
14 5000 2.32958388329 4999.0 0
15 5000 2.33885502815 4999.0 0
16 5000 2.3429608345 4999.0 0
17 5000 2.3396229744 4999.0 0
18 5000 2.33435893059 4999.0 0
19 5000 2.35665392876 4999.0 0
20 5000 2.3848490715 4999.0 0
21 5000 2.26012086868 4999.0 0
22 5000 2.39198994637 4999.0 0
23 5000 2.28008413315 4999.0 0
24 5000 2.29832291603 4999.0 0
25 5000 3.21441698074 4999.0 0
26 5000 2.63810992241 4999.0 0
27 5000 2.39011907578 4999.0 0
28 5000 2.42298197746 4999.0 0
29 5000 2.34403896332 4999.0 0
30 5000 2.3534181118 4999.0 0
31 5000 2.3914399147 4999.0 0
32 5000 2.34680008888 4999.0 0
33 5000 2.36509084702 4999.0 0
34 5000 2.54997110367 4999.0 0
35 5000 2.85711503029 4999.0 0
36 5000 2.61135697365 4999.0 0
37 5000 2.27956485748 4999.0 0
38 5000 2.55105185509 4999.0 0
39 5000 2.50423407555 4999.0 0
40 5000 2.53832912445 4999.0 0
41 5000 2.46972894669 4999.0 0
42 5000 2.41483902931 4999.0 0
43 5000 2.27863621712 4999.0 0
44 5000 2.39044308662 4999.0 0
45 5000 2.45863509178 4999.0 0
46 5000 2.39941000938 4999.0 0
47 5000 2.29146981239 4999.0 0
48 5000 2.31220912933 4999.0 0
49 5000 2.39474797249 4999.0 0
