trial, number of steps, runtime, accumulated reward, termination
0 11 0.00458693504333 8.0 1
1 13 0.00532913208008 10.0 1
2 13 0.00512981414795 10.0 1
3 9 0.00346803665161 6.0 1
4 13 0.00518608093262 10.0 1
5 14 0.00557208061218 11.0 1
6 146 0.0637938976288 143.0 1
7 73 0.0315871238708 70.0 1
8 56 0.0238709449768 53.0 1
9 239 0.10156917572 236.0 1
10 272 0.115955114365 269.0 1
11 14 0.00567007064819 11.0 1
12 12 0.00483202934265 9.0 1
13 5000 2.31355786324 4999.0 0
14 5000 2.36776804924 4999.0 0
15 16 0.00733113288879 13.0 1
16 10 0.004390001297 7.0 1
17 792 0.294002056122 789.0 1
18 24 0.0109679698944 21.0 1
19 14 0.00592994689941 11.0 1
20 5000 2.17896008492 4999.0 0
21 5000 2.25923895836 4999.0 0
22 5000 2.40150284767 4999.0 0
23 15 0.00691199302673 12.0 1
24 27 0.0126049518585 24.0 1
25 12 0.0054759979248 9.0 1
26 100 0.0484840869904 97.0 1
27 5000 2.37576007843 4999.0 0
28 8 0.00349497795105 5.0 1
29 5000 2.42890501022 4999.0 0
30 5000 2.41325902939 4999.0 0
31 26 0.012218952179 23.0 1
32 8 0.00347805023193 5.0 1
33 8 0.00339698791504 5.0 1
34 10 0.00445294380188 7.0 1
35 9 0.00396108627319 6.0 1
36 9 0.00390100479126 6.0 1
37 5000 2.38767194748 4999.0 0
38 5000 2.40544486046 4999.0 0
39 8 0.00338006019592 5.0 1
40 5000 2.40076184273 4999.0 0
41 29 0.01185297966 26.0 1
42 14 0.00550985336304 11.0 1
43 11 0.00430583953857 8.0 1
44 10 0.00386309623718 7.0 1
45 252 0.10874915123 249.0 1
46 9 0.00347995758057 6.0 1
47 10 0.00383710861206 7.0 1
48 282 0.121766805649 279.0 1
49 41 0.0174069404602 38.0 1
0 12 0.0047128200531 9.0 1
1 9 0.00341105461121 6.0 1
2 9 0.00341510772705 6.0 1
3 10 0.00415992736816 7.0 1
4 12 0.00463795661926 9.0 1
5 10 0.00386190414429 7.0 1
6 11 0.00426483154297 8.0 1
7 8 0.0029981136322 5.0 1
8 12 0.00463485717773 9.0 1
9 11 0.00460195541382 8.0 1
10 11 0.00446891784668 8.0 1
11 9 0.00337886810303 6.0 1
12 9 0.00341796875 6.0 1
13 12 0.00465416908264 9.0 1
14 10 0.00381898880005 7.0 1
15 9 0.00647807121277 6.0 1
16 11 0.00435400009155 8.0 1
17 9 0.00342011451721 6.0 1
18 12 0.00468611717224 9.0 1
19 10 0.00391888618469 7.0 1
20 12 0.00476598739624 9.0 1
21 8 0.00300812721252 5.0 1
22 9 0.00343298912048 6.0 1
23 8 0.00299286842346 5.0 1
24 8 0.0029890537262 5.0 1
25 9 0.00371193885803 6.0 1
26 11 0.00456404685974 8.0 1
27 9 0.00343322753906 6.0 1
28 9 0.0034019947052 6.0 1
29 11 0.00427079200745 8.0 1
30 10 0.00382208824158 7.0 1
31 9 0.00354886054993 6.0 1
32 13 0.00528597831726 10.0 1
33 13 0.00510501861572 10.0 1
34 10 0.00419402122498 7.0 1
35 12 0.00466108322144 9.0 1
36 13 0.00512409210205 10.0 1
37 12 0.00467085838318 9.0 1
38 12 0.00468397140503 9.0 1
39 13 0.00537705421448 10.0 1
40 9 0.0036141872406 6.0 1
41 12 0.00474095344543 9.0 1
42 11 0.00479102134705 8.0 1
43 11 0.00481200218201 8.0 1
44 11 0.00479507446289 8.0 1
45 13 0.00584101676941 10.0 1
46 9 0.0038788318634 6.0 1
47 12 0.00537919998169 9.0 1
48 13 0.0057737827301 10.0 1
49 8 0.00339007377625 5.0 1
0 135 0.0641939640045 132.0 1
1 12 0.00535607337952 9.0 1
2 13 0.00574994087219 10.0 1
3 128 0.0605690479279 125.0 1
4 8 0.00341391563416 5.0 1
5 12 0.00532388687134 9.0 1
6 12 0.00524115562439 9.0 1
7 144 0.0686931610107 141.0 1
8 93 0.0439989566803 90.0 1
9 113 0.0549011230469 110.0 1
10 145 0.0693259239197 142.0 1
11 118 0.0562801361084 115.0 1
12 78 0.0369598865509 75.0 1
13 160 0.0765869617462 157.0 1
14 142 0.068256855011 139.0 1
15 14 0.00637483596802 11.0 1
16 10 0.00438594818115 7.0 1
17 5000 2.39596796036 4999.0 0
18 115 0.0548589229584 112.0 1
19 128 0.0609409809113 125.0 1
20 136 0.0652570724487 133.0 1
21 180 0.0870559215546 177.0 1
22 212 0.102413892746 209.0 1
23 14 0.00646901130676 11.0 1
24 129 0.0625510215759 126.0 1
25 204 0.0976178646088 201.0 1
26 5000 2.4102909565 4999.0 0
27 5000 2.29923510551 4999.0 0
28 5000 2.45266580582 4999.0 0
29 5000 2.16318798065 4999.0 0
30 5000 2.21114802361 4999.0 0
31 195 0.0830328464508 192.0 1
32 5000 2.11675405502 4999.0 0
33 157 0.0673608779907 154.0 1
34 161 0.0678579807281 158.0 1
35 182 0.078136920929 179.0 1
36 174 0.0737500190735 171.0 1
37 173 0.0733001232147 170.0 1
38 174 0.0739660263062 171.0 1
39 186 0.0809559822083 183.0 1
40 187 0.0792422294617 184.0 1
41 196 0.082985162735 193.0 1
42 183 0.0777149200439 180.0 1
43 176 0.0740621089935 173.0 1
44 170 0.0714790821075 167.0 1
45 163 0.0702838897705 160.0 1
46 157 0.0745902061462 154.0 1
47 154 0.0735950469971 151.0 1
48 175 0.0832080841064 172.0 1
49 174 0.0806119441986 171.0 1
0 83 0.0363199710846 80.0 1
1 37 0.0162620544434 34.0 1
2 60 0.0252449512482 57.0 1
3 105 0.0458500385284 102.0 1
4 45 0.0189340114594 42.0 1
5 14 0.0057258605957 11.0 1
6 519 0.220082998276 516.0 1
7 12 0.00469279289246 9.0 1
8 5000 2.10597085953 4999.0 0
9 16 0.00699687004089 13.0 1
10 16 0.00694990158081 13.0 1
11 9 0.00375914573669 6.0 1
12 94 0.0420100688934 91.0 1
13 155 0.0692949295044 152.0 1
14 5000 2.18853092194 4999.0 0
15 5000 2.47510004044 4999.0 0
16 5000 2.30314207077 4999.0 0
17 5000 2.38917899132 4999.0 0
18 5000 2.52975893021 4999.0 0
19 10 0.00402402877808 7.0 1
20 55 0.0250089168549 52.0 1
21 19 0.00817108154297 16.0 1
22 11 0.00462698936462 8.0 1
23 10 0.00392889976501 7.0 1
24 54 0.0245859622955 51.0 1
25 5000 2.539260149 4999.0 0
26 5000 2.49134302139 4999.0 0
27 5000 2.37794303894 4999.0 0
28 5000 2.35768008232 4999.0 0
29 5000 2.19810295105 4999.0 0
30 5000 2.40425181389 4999.0 0
31 5000 2.44810009003 4999.0 0
32 5000 2.49501395226 4999.0 0
33 5000 2.60878705978 4999.0 0
34 5000 2.6309940815 4999.0 0
35 5000 2.41818094254 4999.0 0
36 5000 2.8217651844 4999.0 0
37 5000 2.68988800049 4999.0 0
38 5000 2.25800299644 4999.0 0
39 5000 2.23915910721 4999.0 0
40 5000 2.43429613113 4999.0 0
41 5000 2.28972816467 4999.0 0
42 5000 2.37711191177 4999.0 0
43 5000 2.30145096779 4999.0 0
44 5000 2.45863080025 4999.0 0
45 5000 2.41737699509 4999.0 0
46 5000 2.29437398911 4999.0 0
47 5000 2.38568210602 4999.0 0
48 5000 2.3637650013 4999.0 0
49 5000 2.47038793564 4999.0 0
0 70 0.0305860042572 67.0 1
1 54 0.0230979919434 51.0 1
2 62 0.0269930362701 59.0 1
3 32 0.0137829780579 29.0 1
4 54 0.0231750011444 51.0 1
5 43 0.018728017807 40.0 1
6 77 0.0393590927124 74.0 1
7 32 0.0160210132599 29.0 1
8 16 0.00794506072998 13.0 1
9 528 0.269165039062 525.0 1
10 3401 1.71837306023 3398.0 1
11 10 0.00453901290894 7.0 1
12 11 0.00510883331299 8.0 1
13 9 0.00405383110046 6.0 1
14 11 0.00506711006165 8.0 1
15 13 0.00611996650696 10.0 1
16 11 0.00498509407043 8.0 1
17 10 0.00452494621277 7.0 1
18 10 0.00450778007507 7.0 1
19 11 0.00503420829773 8.0 1
20 9 0.00405311584473 6.0 1
21 8 0.00353598594666 5.0 1
22 16 0.00755500793457 13.0 1
23 8 0.00353002548218 5.0 1
24 10 0.00453400611877 7.0 1
25 18 0.00855588912964 15.0 1
26 32 0.0156280994415 29.0 1
27 20 0.00943207740784 17.0 1
28 13 0.00604510307312 10.0 1
29 10 0.00461196899414 7.0 1
30 22 0.0104529857635 19.0 1
31 10 0.00460886955261 7.0 1
32 9 0.00404906272888 6.0 1
33 22 0.0108909606934 19.0 1
34 14 0.0063328742981 11.0 1
35 8 0.0030460357666 5.0 1
36 20 0.00803589820862 17.0 1
37 10 0.00426506996155 7.0 1
38 27 0.0110440254211 24.0 1
39 8 0.00299501419067 5.0 1
40 8 0.00298881530762 5.0 1
41 12 0.00536298751831 9.0 1
42 8 0.00303196907043 5.0 1
43 14 0.00616002082825 11.0 1
44 22 0.0096549987793 19.0 1
45 9 0.00396203994751 6.0 1
46 11 0.00448417663574 8.0 1
47 59 0.0271048545837 56.0 1
48 26 0.0127599239349 23.0 1
49 8 0.00359082221985 5.0 1
0 38 0.0180518627167 35.0 1
1 8 0.00356316566467 5.0 1
2 12 0.00555205345154 9.0 1
3 41 0.0202231407166 38.0 1
4 12 0.00562691688538 9.0 1
5 13 0.00605297088623 10.0 1
6 88 0.0436799526215 85.0 1
7 160 0.0802898406982 157.0 1
8 5000 2.39449191093 4999.0 0
9 28 0.0134830474854 25.0 1
10 25 0.0102560520172 22.0 1
11 8 0.00301313400269 5.0 1
12 101 0.0439200401306 98.0 1
13 8 0.00319910049438 5.0 1
14 29 0.0117189884186 26.0 1
15 30 0.0102779865265 27.0 1
16 12 0.00385999679565 9.0 1
17 32 0.0133759975433 29.0 1
18 17 0.00722718238831 14.0 1
19 9 0.00356984138489 6.0 1
20 43 0.0185248851776 40.0 1
21 39 0.0156381130219 36.0 1
22 8 0.00324702262878 5.0 1
23 30 0.011430978775 27.0 1
24 8 0.00219702720642 5.0 1
25 82 0.0316441059113 79.0 1
26 167 0.068617105484 164.0 1
27 5000 2.30438399315 4999.0 0
28 5000 2.31063604355 4999.0 0
29 5000 2.47056388855 4999.0 0
30 28 0.0136439800262 25.0 1
31 10 0.00459098815918 7.0 1
32 9 0.00407981872559 6.0 1
33 13 0.00611901283264 10.0 1
34 168 0.0839068889618 165.0 1
35 5000 2.35232400894 4999.0 0
36 5000 2.23114490509 4999.0 0
37 5000 2.36510396004 4999.0 0
38 30 0.0125501155853 27.0 1
39 9 0.00352191925049 6.0 1
40 12 0.00477004051208 9.0 1
41 190 0.0836730003357 187.0 1
42 349 0.161204814911 346.0 1
43 2342 1.09679198265 2339.0 1
44 5000 2.359167099 4999.0 0
45 5000 2.35845398903 4999.0 0
46 5000 2.75761604309 4999.0 0
47 5000 2.83451104164 4999.0 0
48 5000 2.7232170105 4999.0 0
49 5000 2.54774403572 4999.0 0
0 39 0.0190899372101 36.0 1
1 64 0.0302770137787 61.0 1
2 13 0.00585603713989 10.0 1
3 12 0.0048840045929 9.0 1
4 49 0.0208961963654 46.0 1
5 16 0.00651597976685 13.0 1
6 12 0.00481200218201 9.0 1
7 820 0.385390996933 817.0 1
8 24 0.00998997688293 21.0 1
9 30 0.0125827789307 27.0 1
10 32 0.013689994812 29.0 1
11 79 0.0343642234802 76.0 1
12 92 0.0461871623993 89.0 1
13 8 0.0030620098114 5.0 1
14 9 0.00352501869202 6.0 1
15 239 0.102863073349 236.0 1
16 2625 1.32035803795 2622.0 1
17 8 0.00366497039795 5.0 1
18 12 0.00578498840332 9.0 1
19 8 0.00369906425476 5.0 1
20 12 0.00576305389404 9.0 1
21 107 0.0551660060883 104.0 1
22 10 0.00471997261047 7.0 1
23 9 0.00422215461731 6.0 1
24 162 0.0841460227966 159.0 1
25 8 0.00369691848755 5.0 1
26 9 0.00418281555176 6.0 1
27 206 0.106439828873 203.0 1
28 241 0.125654935837 238.0 1
29 5000 2.375415802 4999.0 0
30 270 0.116164922714 267.0 1
31 8 0.00306701660156 5.0 1
32 13 0.00520992279053 10.0 1
33 9 0.00349283218384 6.0 1
34 77 0.0326061248779 74.0 1
35 9 0.00347208976746 6.0 1
36 8 0.0030369758606 5.0 1
37 100 0.0427269935608 97.0 1
38 119 0.0507700443268 116.0 1
39 9 0.00350880622864 6.0 1
40 9 0.00346994400024 6.0 1
41 8 0.00306606292725 5.0 1
42 145 0.0619809627533 142.0 1
43 190 0.0813632011414 187.0 1
44 5000 2.32013607025 4999.0 0
45 273 0.157516956329 270.0 1
46 8 0.00306296348572 5.0 1
47 194 0.0824179649353 191.0 1
48 9 0.00346708297729 6.0 1
49 67 0.028391122818 64.0 1
0 9 0.0035388469696 6.0 1
1 12 0.00496816635132 9.0 1
2 10 0.00391101837158 7.0 1
3 9 0.0121359825134 6.0 1
4 9 0.00343894958496 6.0 1
5 11 0.00426292419434 8.0 1
6 10 0.0104610919952 7.0 1
7 10 0.00389313697815 7.0 1
8 13 0.00519800186157 10.0 1
9 11 0.00430011749268 8.0 1
10 13 0.00517511367798 10.0 1
11 13 0.00517702102661 10.0 1
12 12 0.0047869682312 9.0 1
13 13 0.00515818595886 10.0 1
14 14 0.00559711456299 11.0 1
15 12 0.00473499298096 9.0 1
16 12 0.00478506088257 9.0 1
17 63 0.0266439914703 60.0 1
18 12 0.00480699539185 9.0 1
19 12 0.00473880767822 9.0 1
20 39 0.0165178775787 36.0 1
21 12 0.00477194786072 9.0 1
22 137 0.0585961341858 134.0 1
23 71 0.0329020023346 68.0 1
24 298 0.156259059906 295.0 1
25 44 0.0226650238037 41.0 1
26 15 0.00748491287231 12.0 1
27 5000 2.37490200996 4999.0 0
28 14 0.00622797012329 11.0 1
29 5000 2.17103791237 4999.0 0
30 5000 2.22761893272 4999.0 0
31 5000 2.37274813652 4999.0 0
32 5000 2.34817409515 4999.0 0
33 5000 2.4798951149 4999.0 0
34 5000 2.28284597397 4999.0 0
35 14 0.0058171749115 11.0 1
36 5000 2.31143403053 4999.0 0
37 5000 2.34099888802 4999.0 0
38 5000 2.32222294807 4999.0 0
39 5000 2.24557685852 4999.0 0
40 5000 2.2273709774 4999.0 0
41 40 0.0180580615997 37.0 1
42 68 0.0310151576996 65.0 1
43 5000 2.35604119301 4999.0 0
44 61 0.0316500663757 58.0 1
45 5000 2.45490694046 4999.0 0
46 5000 2.24917697906 4999.0 0
47 5000 2.24349021912 4999.0 0
48 5000 2.37682509422 4999.0 0
49 5000 2.45696902275 4999.0 0
0 70 0.0338289737701 67.0 1
1 45 0.0215139389038 42.0 1
2 14 0.00642395019531 11.0 1
3 58 0.0278820991516 55.0 1
4 91 0.0443029403687 88.0 1
5 69 0.0332598686218 66.0 1
6 43 0.020546913147 40.0 1
7 57 0.0274279117584 54.0 1
8 199 0.0961110591888 196.0 1
9 171 0.0830900669098 168.0 1
10 5000 2.37178611755 4999.0 0
11 5000 2.36091303825 4999.0 0
12 1452 0.637020111084 1449.0 1
13 25 0.0105040073395 22.0 1
14 19 0.00787496566772 16.0 1
15 132 0.056538105011 129.0 1
16 5000 2.35241007805 4999.0 0
17 5000 2.32329797745 4999.0 0
18 5000 2.24714016914 4999.0 0
19 5000 2.51385092735 4999.0 0
20 5000 2.45545697212 4999.0 0
21 5000 2.50412487984 4999.0 0
22 5000 2.25645899773 4999.0 0
23 5000 2.48652100563 4999.0 0
24 5000 2.53019499779 4999.0 0
25 5000 2.52629184723 4999.0 0
26 5000 2.2700150013 4999.0 0
27 5000 2.31606507301 4999.0 0
28 5000 2.26371407509 4999.0 0
29 5000 2.45314502716 4999.0 0
30 5000 2.2737300396 4999.0 0
31 5000 2.17023205757 4999.0 0
32 5000 2.42663598061 4999.0 0
33 5000 2.38568496704 4999.0 0
34 5000 2.41012001038 4999.0 0
35 5000 2.36084008217 4999.0 0
36 5000 2.2972779274 4999.0 0
37 5000 2.37303614616 4999.0 0
38 5000 2.42061686516 4999.0 0
39 5000 2.29852890968 4999.0 0
40 5000 2.16304016113 4999.0 0
41 5000 2.18672204018 4999.0 0
42 5000 2.30158901215 4999.0 0
43 5000 2.2998239994 4999.0 0
44 5000 2.27037596703 4999.0 0
45 5000 2.27216005325 4999.0 0
46 5000 2.24151992798 4999.0 0
47 5000 2.39708709717 4999.0 0
48 5000 2.6564950943 4999.0 0
49 5000 2.19269180298 4999.0 0
0 130 0.0573410987854 127.0 1
1 233 0.10132598877 230.0 1
2 88 0.0377180576324 85.0 1
3 69 0.0294251441956 66.0 1
4 5000 2.31170797348 4999.0 0
5 30 0.0189468860626 27.0 1
6 10 0.0121698379517 7.0 1
7 12 0.00997805595398 9.0 1
8 131 0.0846087932587 128.0 1
9 5000 2.21908712387 4999.0 0
10 5000 2.36571097374 4999.0 0
11 5000 2.29225111008 4999.0 0
12 8 0.00299882888794 5.0 1
13 5000 2.35777783394 4999.0 0
14 8 0.00342607498169 5.0 1
15 30 0.0141530036926 27.0 1
16 98 0.0472149848938 95.0 1
17 12 0.00539803504944 9.0 1
18 18 0.0081889629364 15.0 1
19 15 0.00680780410767 12.0 1
20 351 0.16854596138 348.0 1
21 305 0.144659042358 302.0 1
22 19 0.00861716270447 16.0 1
23 8 0.00337696075439 5.0 1
24 18 0.00835990905762 15.0 1
25 181 0.0861558914185 178.0 1
26 10 0.00435400009155 7.0 1
27 145 0.0681929588318 142.0 1
28 11 0.00474810600281 8.0 1
29 9 0.0040590763092 6.0 1
30 8 0.00514197349548 5.0 1
31 9 0.0038731098175 6.0 1
32 11 0.0215349197388 8.0 1
33 113 0.081759929657 110.0 1
34 8 0.00300598144531 5.0 1
35 9 0.00341796875 6.0 1
36 196 0.0920028686523 193.0 1
37 284 0.134192943573 281.0 1
38 12 0.00469303131104 9.0 1
39 8 0.00301790237427 5.0 1
40 10 0.00384998321533 7.0 1
41 142 0.0611629486084 139.0 1
42 10 0.00379300117493 7.0 1
43 318 0.134693861008 315.0 1
44 189 0.0797121524811 186.0 1
45 8 0.00303292274475 5.0 1
46 208 0.0875809192657 205.0 1
47 189 0.0793569087982 186.0 1
48 226 0.0980291366577 223.0 1
49 183 0.0804328918457 180.0 1
