trial, number of steps, runtime, accumulated reward, termination
0 10 0.00436806678772 7.0 1
1 11 0.00460600852966 8.0 1
2 9 0.00388097763062 6.0 1
3 11 0.00461196899414 8.0 1
4 10 0.00409603118896 7.0 1
5 13 0.00761914253235 10.0 1
6 12 0.00500702857971 9.0 1
7 9 0.0036199092865 6.0 1
8 10 0.00414991378784 7.0 1
9 9 0.00367999076843 6.0 1
10 9 0.00367307662964 6.0 1
11 9 0.00369596481323 6.0 1
12 11 0.00459003448486 8.0 1
13 8 0.0032639503479 5.0 1
14 8 0.00321102142334 5.0 1
15 11 0.00456094741821 8.0 1
16 9 0.00371980667114 6.0 1
17 11 0.0045850276947 8.0 1
18 9 0.00366902351379 6.0 1
19 12 0.00506901741028 9.0 1
20 10 0.00419497489929 7.0 1
21 12 0.00515389442444 9.0 1
22 11 0.00456690788269 8.0 1
23 13 0.00554394721985 10.0 1
24 9 0.00384902954102 6.0 1
25 12 0.0052638053894 9.0 1
26 8 0.00322294235229 5.0 1
27 11 0.00459408760071 8.0 1
28 11 0.00468707084656 8.0 1
29 12 0.00512504577637 9.0 1
30 12 0.00507998466492 9.0 1
31 8 0.00326085090637 5.0 1
32 12 0.00506901741028 9.0 1
33 11 0.00459718704224 8.0 1
34 11 0.0045862197876 8.0 1
35 11 0.0046398639679 8.0 1
36 10 0.00418210029602 7.0 1
37 11 0.0046718120575 8.0 1
38 8 0.00327706336975 5.0 1
39 11 0.00462198257446 8.0 1
40 10 0.00416707992554 7.0 1
41 9 0.00373411178589 6.0 1
42 8 0.00326299667358 5.0 1
43 10 0.00419807434082 7.0 1
44 11 0.00457096099854 8.0 1
45 9 0.00368809700012 6.0 1
46 11 0.00462293624878 8.0 1
47 11 0.00459098815918 8.0 1
48 11 0.0046329498291 8.0 1
49 9 0.00373196601868 6.0 1
0 9 0.00387287139893 6.0 1
1 9 0.00379991531372 6.0 1
2 11 0.00461792945862 8.0 1
3 11 0.00463604927063 8.0 1
4 8 0.00320911407471 5.0 1
5 12 0.00498580932617 9.0 1
6 8 0.00322413444519 5.0 1
7 10 0.0041561126709 7.0 1
8 11 0.00457906723022 8.0 1
9 11 0.00459003448486 8.0 1
10 11 0.00460290908813 8.0 1
11 12 0.00501394271851 9.0 1
12 11 0.0045919418335 8.0 1
13 11 0.00459313392639 8.0 1
14 11 0.00587916374207 8.0 1
15 9 0.00381708145142 6.0 1
16 10 0.00414705276489 7.0 1
17 11 0.00455689430237 8.0 1
18 9 0.00378799438477 6.0 1
19 10 0.00422692298889 7.0 1
20 12 0.00495386123657 9.0 1
21 9 0.00363183021545 6.0 1
22 11 0.00460886955261 8.0 1
23 9 0.00368094444275 6.0 1
24 10 0.00413298606873 7.0 1
25 9 0.00367021560669 6.0 1
26 9 0.00374507904053 6.0 1
27 9 0.00370407104492 6.0 1
28 8 0.00321197509766 5.0 1
29 12 0.00499701499939 9.0 1
30 11 0.0045440196991 8.0 1
31 10 0.00410008430481 7.0 1
32 14 0.00583410263062 11.0 1
33 9 0.00365304946899 6.0 1
34 9 0.00366115570068 6.0 1
35 10 0.00404500961304 7.0 1
36 11 0.00453186035156 8.0 1
37 9 0.00368309020996 6.0 1
38 12 0.00497508049011 9.0 1
39 10 0.00410604476929 7.0 1
40 12 0.00509881973267 9.0 1
41 8 0.00327610969543 5.0 1
42 10 0.00425696372986 7.0 1
43 9 0.00369906425476 6.0 1
44 8 0.00326204299927 5.0 1
45 8 0.00325107574463 5.0 1
46 11 0.00456714630127 8.0 1
47 12 0.00506401062012 9.0 1
48 11 0.00458693504333 8.0 1
49 8 0.0032160282135 5.0 1
0 12 0.00522589683533 9.0 1
1 9 0.00371599197388 6.0 1
2 11 0.00457000732422 8.0 1
3 8 0.00321912765503 5.0 1
4 10 0.00414800643921 7.0 1
5 10 0.00414109230042 7.0 1
6 10 0.00458908081055 7.0 1
7 9 0.00371789932251 6.0 1
8 8 0.00331687927246 5.0 1
9 9 0.00370693206787 6.0 1
10 13 0.00545215606689 10.0 1
11 13 0.00551009178162 10.0 1
12 12 0.00493001937866 9.0 1
13 9 0.00371813774109 6.0 1
14 10 0.00417995452881 7.0 1
15 10 0.00419783592224 7.0 1
16 8 0.00322222709656 5.0 1
17 10 0.00408005714417 7.0 1
18 11 0.00458288192749 8.0 1
19 12 0.00504493713379 9.0 1
20 12 0.00505208969116 9.0 1
21 11 0.0046489238739 8.0 1
22 9 0.00374698638916 6.0 1
23 9 0.00370907783508 6.0 1
24 11 0.00460696220398 8.0 1
25 10 0.00412011146545 7.0 1
26 9 0.00368309020996 6.0 1
27 13 0.00551915168762 10.0 1
28 12 0.00504493713379 9.0 1
29 15 0.00635290145874 12.0 1
30 11 0.00460982322693 8.0 1
31 13 0.00559902191162 10.0 1
32 12 0.00509285926819 9.0 1
33 9 0.00370383262634 6.0 1
34 13 0.00552010536194 10.0 1
35 11 0.00466299057007 8.0 1
36 11 0.00461101531982 8.0 1
37 9 0.00373196601868 6.0 1
38 12 0.00501799583435 9.0 1
39 12 0.00506019592285 9.0 1
40 9 0.00367999076843 6.0 1
41 10 0.00409507751465 7.0 1
42 12 0.00506901741028 9.0 1
43 10 0.0042290687561 7.0 1
44 8 0.00322914123535 5.0 1
45 10 0.00407695770264 7.0 1
46 11 0.00463390350342 8.0 1
47 12 0.00500893592834 9.0 1
48 10 0.00404787063599 7.0 1
49 11 0.00446105003357 8.0 1
0 12 0.00501894950867 9.0 1
1 8 0.0031681060791 5.0 1
2 11 0.00451803207397 8.0 1
3 9 0.00365710258484 6.0 1
4 12 0.00501489639282 9.0 1
5 11 0.00451493263245 8.0 1
6 8 0.00317811965942 5.0 1
7 11 0.00451517105103 8.0 1
8 11 0.00453209877014 8.0 1
9 10 0.00412797927856 7.0 1
10 8 0.00316905975342 5.0 1
11 9 0.00364112854004 6.0 1
12 11 0.00450801849365 8.0 1
13 12 0.00498509407043 9.0 1
14 12 0.00498914718628 9.0 1
15 8 0.00327897071838 5.0 1
16 12 0.00496983528137 9.0 1
17 12 0.00493407249451 9.0 1
18 8 0.00315594673157 5.0 1
19 12 0.00495290756226 9.0 1
20 10 0.00406789779663 7.0 1
21 12 0.00496506690979 9.0 1
22 8 0.00315999984741 5.0 1
23 10 0.00410294532776 7.0 1
24 10 0.00411891937256 7.0 1
25 11 0.00451588630676 8.0 1
26 13 0.00544810295105 10.0 1
27 13 0.00542593002319 10.0 1
28 10 0.00405097007751 7.0 1
29 12 0.00504589080811 9.0 1
30 12 0.00494313240051 9.0 1
31 12 0.00491905212402 9.0 1
32 11 0.00449585914612 8.0 1
33 9 0.00364995002747 6.0 1
34 11 0.00455594062805 8.0 1
35 9 0.0036609172821 6.0 1
36 11 0.00453400611877 8.0 1
37 9 0.00361013412476 6.0 1
38 11 0.00448894500732 8.0 1
39 12 0.00500082969666 9.0 1
40 13 0.00542402267456 10.0 1
41 9 0.00362515449524 6.0 1
42 10 0.004065990448 7.0 1
43 10 0.00409889221191 7.0 1
44 11 0.00448203086853 8.0 1
45 10 0.0040271282196 7.0 1
46 12 0.00489783287048 9.0 1
47 9 0.00367784500122 6.0 1
48 9 0.0036678314209 6.0 1
49 9 0.00360989570618 6.0 1
0 11 0.00458002090454 8.0 1
1 10 0.00413584709167 7.0 1
2 9 0.00364112854004 6.0 1
3 11 0.00458097457886 8.0 1
4 11 0.00461602210999 8.0 1
5 8 0.0032000541687 5.0 1
6 8 0.00327205657959 5.0 1
7 11 0.00449204444885 8.0 1
8 11 0.00456404685974 8.0 1
9 8 0.00318002700806 5.0 1
10 10 0.00411319732666 7.0 1
11 11 0.00448703765869 8.0 1
12 10 0.00407600402832 7.0 1
13 11 0.00466299057007 8.0 1
14 9 0.00366115570068 6.0 1
15 10 0.00412011146545 7.0 1
16 10 0.00406408309937 7.0 1
17 9 0.00362992286682 6.0 1
18 12 0.0049741268158 9.0 1
19 9 0.00364995002747 6.0 1
20 13 0.0054759979248 10.0 1
21 12 0.00499081611633 9.0 1
22 9 0.00365090370178 6.0 1
23 9 0.00368809700012 6.0 1
24 12 0.00498008728027 9.0 1
25 12 0.00498199462891 9.0 1
26 12 0.00497603416443 9.0 1
27 12 0.00502991676331 9.0 1
28 10 0.00413084030151 7.0 1
29 8 0.00318503379822 5.0 1
30 13 0.0054030418396 10.0 1
31 9 0.0036199092865 6.0 1
32 10 0.00405597686768 7.0 1
33 8 0.00323796272278 5.0 1
34 8 0.00318098068237 5.0 1
35 11 0.00455212593079 8.0 1
36 13 0.00552296638489 10.0 1
37 12 0.00499486923218 9.0 1
38 9 0.00370192527771 6.0 1
39 11 0.00457000732422 8.0 1
40 11 0.00453591346741 8.0 1
41 9 0.00361800193787 6.0 1
42 9 0.00363707542419 6.0 1
43 10 0.00407314300537 7.0 1
44 9 0.0036609172821 6.0 1
45 9 0.00369215011597 6.0 1
46 11 0.0045440196991 8.0 1
47 12 0.00503396987915 9.0 1
48 10 0.00409507751465 7.0 1
49 12 0.00495791435242 9.0 1
0 12 0.00511908531189 9.0 1
1 10 0.00410485267639 7.0 1
2 13 0.00549292564392 10.0 1
3 12 0.00500583648682 9.0 1
4 11 0.00450301170349 8.0 1
5 8 0.00323581695557 5.0 1
6 8 0.00316309928894 5.0 1
7 8 0.00313115119934 5.0 1
8 12 0.00497794151306 9.0 1
9 12 0.0050151348114 9.0 1
10 11 0.00452899932861 8.0 1
11 9 0.00365710258484 6.0 1
12 8 0.00317692756653 5.0 1
13 10 0.0041811466217 7.0 1
14 10 0.00407099723816 7.0 1
15 9 0.00374698638916 6.0 1
16 10 0.00407481193542 7.0 1
17 8 0.0032160282135 5.0 1
18 8 0.00317192077637 5.0 1
19 10 0.0041241645813 7.0 1
20 8 0.00350999832153 5.0 1
21 13 0.00544905662537 10.0 1
22 12 0.004958152771 9.0 1
23 8 0.00324010848999 5.0 1
24 11 0.00454902648926 8.0 1
25 9 0.00365805625916 6.0 1
26 8 0.00321984291077 5.0 1
27 12 0.00493502616882 9.0 1
28 10 0.0041139125824 7.0 1
29 11 0.0045120716095 8.0 1
30 11 0.00466513633728 8.0 1
31 12 0.00696015357971 9.0 1
32 10 0.0040180683136 7.0 1
33 11 0.00446009635925 8.0 1
34 13 0.00535202026367 10.0 1
35 13 0.00538015365601 10.0 1
36 8 0.00314211845398 5.0 1
37 11 0.0044641494751 8.0 1
38 10 0.00407099723816 7.0 1
39 10 0.00402092933655 7.0 1
40 12 0.00498604774475 9.0 1
41 11 0.00505805015564 8.0 1
42 12 0.00501918792725 9.0 1
43 9 0.00368499755859 6.0 1
44 9 0.00363397598267 6.0 1
45 12 0.00496602058411 9.0 1
46 12 0.00488495826721 9.0 1
47 9 0.00361394882202 6.0 1
48 12 0.00490617752075 9.0 1
49 8 0.0031430721283 5.0 1
0 8 0.00322890281677 5.0 1
1 9 0.00364303588867 6.0 1
2 8 0.00320315361023 5.0 1
3 9 0.00364995002747 6.0 1
4 10 0.0041298866272 7.0 1
5 9 0.00365400314331 6.0 1
6 11 0.00453400611877 8.0 1
7 8 0.00319600105286 5.0 1
8 9 0.0035719871521 6.0 1
9 10 0.0041139125824 7.0 1
10 11 0.00451302528381 8.0 1
11 13 0.00540900230408 10.0 1
12 10 0.00407695770264 7.0 1
13 10 0.00408005714417 7.0 1
14 11 0.00455617904663 8.0 1
15 11 0.00454497337341 8.0 1
16 9 0.00364708900452 6.0 1
17 9 0.00365209579468 6.0 1
18 8 0.00314998626709 5.0 1
19 13 0.00536799430847 10.0 1
20 12 0.00494503974915 9.0 1
21 11 0.00454711914062 8.0 1
22 11 0.00453281402588 8.0 1
23 12 0.0049250125885 9.0 1
24 11 0.0044960975647 8.0 1
25 11 0.00450205802917 8.0 1
26 12 0.00495505332947 9.0 1
27 12 0.00496697425842 9.0 1
28 8 0.00324106216431 5.0 1
29 12 0.00494384765625 9.0 1
30 9 0.00364208221436 6.0 1
31 12 0.00503492355347 9.0 1
32 13 0.005530834198 10.0 1
33 11 0.00456809997559 8.0 1
34 10 0.00426506996155 7.0 1
35 9 0.00375914573669 6.0 1
36 12 0.00503516197205 9.0 1
37 11 0.00450301170349 8.0 1
38 9 0.00370407104492 6.0 1
39 12 0.00494599342346 9.0 1
40 10 0.00399112701416 7.0 1
41 12 0.00510692596436 9.0 1
42 9 0.00366187095642 6.0 1
43 11 0.00455188751221 8.0 1
44 10 0.00416398048401 7.0 1
45 13 0.0054988861084 10.0 1
46 11 0.00469303131104 8.0 1
47 12 0.00508403778076 9.0 1
48 11 0.00456809997559 8.0 1
49 10 0.00408911705017 7.0 1
0 8 0.00345396995544 5.0 1
1 11 0.00458812713623 8.0 1
2 12 0.00501894950867 9.0 1
3 10 0.00412797927856 7.0 1
4 8 0.00324296951294 5.0 1
5 12 0.00508713722229 9.0 1
6 10 0.00410795211792 7.0 1
7 9 0.00370788574219 6.0 1
8 10 0.004145860672 7.0 1
9 12 0.00508785247803 9.0 1
10 8 0.00318479537964 5.0 1
11 10 0.00412082672119 7.0 1
12 12 0.00503706932068 9.0 1
13 11 0.0046079158783 8.0 1
14 8 0.00323009490967 5.0 1
15 9 0.00377416610718 6.0 1
16 12 0.00505995750427 9.0 1
17 9 0.00372099876404 6.0 1
18 11 0.00464391708374 8.0 1
19 11 0.00464797019958 8.0 1
20 9 0.00376987457275 6.0 1
21 9 0.00371789932251 6.0 1
22 10 0.00418496131897 7.0 1
23 12 0.00511693954468 9.0 1
24 11 0.00457501411438 8.0 1
25 10 0.00417995452881 7.0 1
26 11 0.00457692146301 8.0 1
27 9 0.00371289253235 6.0 1
28 10 0.00409483909607 7.0 1
29 12 0.00518894195557 9.0 1
30 10 0.00414514541626 7.0 1
31 9 0.00371384620667 6.0 1
32 9 0.00373005867004 6.0 1
33 11 0.00462317466736 8.0 1
34 12 0.00503206253052 9.0 1
35 10 0.00412821769714 7.0 1
36 13 0.00544691085815 10.0 1
37 12 0.00503206253052 9.0 1
38 12 0.00504493713379 9.0 1
39 10 0.00416302680969 7.0 1
40 12 0.00502014160156 9.0 1
41 12 0.00502896308899 9.0 1
42 11 0.00460004806519 8.0 1
43 13 0.00542902946472 10.0 1
44 12 0.00510311126709 9.0 1
45 9 0.00372910499573 6.0 1
46 9 0.00369000434875 6.0 1
47 12 0.00500297546387 9.0 1
48 12 0.00500011444092 9.0 1
49 11 0.00462198257446 8.0 1
0 13 0.00557017326355 10.0 1
1 9 0.00369596481323 6.0 1
2 11 0.00457811355591 8.0 1
3 12 0.00500202178955 9.0 1
4 12 0.00498485565186 9.0 1
5 8 0.00325012207031 5.0 1
6 9 0.00368785858154 6.0 1
7 12 0.00501799583435 9.0 1
8 12 0.00505995750427 9.0 1
9 13 0.00548911094666 10.0 1
10 12 0.00495576858521 9.0 1
11 9 0.00362205505371 6.0 1
12 9 0.00367593765259 6.0 1
13 8 0.0032970905304 5.0 1
14 9 0.0036609172821 6.0 1
15 10 0.00391793251038 7.0 1
16 11 0.00457501411438 8.0 1
17 8 0.00324106216431 5.0 1
18 13 0.00551509857178 10.0 1
19 11 0.00457286834717 8.0 1
20 12 0.00501799583435 9.0 1
21 11 0.00459098815918 8.0 1
22 10 0.00416684150696 7.0 1
23 8 0.00321698188782 5.0 1
24 11 0.00456619262695 8.0 1
25 11 0.00453114509583 8.0 1
26 12 0.00496792793274 9.0 1
27 11 0.00449299812317 8.0 1
28 12 0.00496816635132 9.0 1
29 8 0.00320792198181 5.0 1
30 9 0.00374984741211 6.0 1
31 14 0.00580406188965 11.0 1
32 9 0.00365996360779 6.0 1
33 11 0.0045530796051 8.0 1
34 12 0.00503301620483 9.0 1
35 12 0.00502800941467 9.0 1
36 10 0.00410199165344 7.0 1
37 13 0.00545907020569 10.0 1
38 12 0.00514578819275 9.0 1
39 10 0.00428891181946 7.0 1
40 11 0.00482106208801 8.0 1
41 9 0.00380706787109 6.0 1
42 12 0.00522804260254 9.0 1
43 12 0.00520300865173 9.0 1
44 10 0.00424790382385 7.0 1
45 10 0.00421786308289 7.0 1
46 10 0.00414085388184 7.0 1
47 9 0.00370407104492 6.0 1
48 9 0.00370502471924 6.0 1
49 11 0.00464296340942 8.0 1
0 13 0.00618505477905 10.0 1
1 9 0.00375318527222 6.0 1
2 8 0.00325012207031 5.0 1
3 12 0.0107359886169 9.0 1
4 11 0.00459599494934 8.0 1
5 10 0.00419497489929 7.0 1
6 11 0.00463891029358 8.0 1
7 9 0.00369501113892 6.0 1
8 9 0.00374293327332 6.0 1
9 12 0.00422501564026 9.0 1
10 9 0.00308895111084 6.0 1
11 8 0.00271892547607 5.0 1
12 9 0.00309014320374 6.0 1
13 10 0.00347304344177 7.0 1
14 8 0.00269198417664 5.0 1
15 8 0.00279092788696 5.0 1
16 9 0.00364398956299 6.0 1
17 9 0.00358891487122 6.0 1
18 12 0.00477600097656 9.0 1
19 11 0.00390601158142 8.0 1
20 12 0.00424218177795 9.0 1
21 13 0.00490617752075 10.0 1
22 10 0.00383496284485 7.0 1
23 8 0.00288081169128 5.0 1
24 11 0.00415396690369 8.0 1
25 8 0.00326585769653 5.0 1
26 8 0.00320100784302 5.0 1
27 12 0.00506711006165 9.0 1
28 12 0.00479888916016 9.0 1
29 10 0.00405597686768 7.0 1
30 8 0.00308394432068 5.0 1
31 10 0.0040431022644 7.0 1
32 9 0.00343704223633 6.0 1
33 9 0.00372505187988 6.0 1
34 12 0.00505399703979 9.0 1
35 12 0.00508594512939 9.0 1
36 12 0.00469589233398 9.0 1
37 12 0.00420999526978 9.0 1
38 12 0.00419998168945 9.0 1
39 12 0.00445699691772 9.0 1
40 13 0.00546503067017 10.0 1
41 11 0.00449705123901 8.0 1
42 12 0.00501394271851 9.0 1
43 12 0.0048999786377 9.0 1
44 8 0.00316596031189 5.0 1
45 9 0.00369501113892 6.0 1
46 13 0.00495219230652 10.0 1
47 9 0.00308799743652 6.0 1
48 11 0.0038149356842 8.0 1
49 12 0.00479221343994 9.0 1
