trial, number of steps, runtime, accumulated reward, termination
0 11 0.00412917137146 8.0 1
1 11 0.00391602516174 8.0 1
2 12 0.00424909591675 9.0 1
3 12 0.00432109832764 9.0 1
4 13 0.00448393821716 10.0 1
5 10 0.00354194641113 7.0 1
6 11 0.00390100479126 8.0 1
7 1654 0.638323068619 1651.0 1
8 151 0.0573909282684 148.0 1
9 554 0.226535081863 551.0 1
10 3955 1.7636859417 3952.0 1
11 832 0.384870052338 829.0 1
12 288 0.135909795761 285.0 1
13 1160 0.539686918259 1157.0 1
14 1022 0.45442199707 1019.0 1
15 2441 1.06538891792 2438.0 1
16 494 0.220156908035 491.0 1
17 1941 0.867815971375 1938.0 1
18 327 0.148601055145 324.0 1
19 1831 0.82213306427 1828.0 1
20 1064 0.463486909866 1061.0 1
21 1448 0.672464847565 1445.0 1
22 2336 1.09766101837 2333.0 1
23 3952 1.80911183357 3949.0 1
24 241 0.108129024506 238.0 1
25 904 0.403426885605 901.0 1
26 427 0.187488079071 424.0 1
27 723 0.31859087944 720.0 1
28 1090 0.478657007217 1087.0 1
29 3703 1.55304121971 3700.0 1
30 1032 0.42752623558 1029.0 1
31 292 0.118391990662 289.0 1
32 1918 0.808456897736 1915.0 1
33 994 0.521450042725 991.0 1
34 460 0.238453865051 457.0 1
35 891 0.455654859543 888.0 1
36 3436 2.0440158844 3433.0 1
37 564 0.301191091537 561.0 1
38 1014 0.445372104645 1011.0 1
39 403 0.159142971039 400.0 1
40 1047 0.411237001419 1044.0 1
41 1328 0.545227050781 1325.0 1
42 3538 1.42558503151 3535.0 1
43 627 0.253581047058 624.0 1
44 191 0.0720338821411 188.0 1
45 2769 1.16378092766 2766.0 1
46 624 0.320481777191 621.0 1
47 853 0.437758922577 850.0 1
48 2673 1.36698293686 2670.0 1
49 1778 0.911828994751 1775.0 1
0 12 0.00590705871582 9.0 1
1 11 0.00524115562439 8.0 1
2 12 0.00577902793884 9.0 1
3 12 0.0056209564209 9.0 1
4 13 0.00607681274414 10.0 1
5 11 0.00510597229004 8.0 1
6 11 0.00519394874573 8.0 1
7 165 0.084203004837 162.0 1
8 80 0.0405299663544 77.0 1
9 75 0.0381641387939 72.0 1
10 118 0.0611338615417 115.0 1
11 64 0.0325801372528 61.0 1
12 89 0.0456988811493 86.0 1
13 90 0.045793056488 87.0 1
14 114 0.0543630123138 111.0 1
15 59 0.0290260314941 56.0 1
16 117 0.0535509586334 114.0 1
17 99 0.0451588630676 96.0 1
18 144 0.0681400299072 141.0 1
19 103 0.046639919281 100.0 1
20 82 0.0388929843903 79.0 1
21 44 0.021388053894 41.0 1
22 82 0.0340158939362 79.0 1
23 129 0.0496079921722 126.0 1
24 60 0.0256650447845 57.0 1
25 46 0.0192329883575 43.0 1
26 93 0.0380980968475 90.0 1
27 99 0.040647983551 96.0 1
28 84 0.0343880653381 81.0 1
29 57 0.0225369930267 54.0 1
30 132 0.0552248954773 129.0 1
31 34 0.0136289596558 31.0 1
32 71 0.0295190811157 68.0 1
33 121 0.0503180027008 118.0 1
34 140 0.0580499172211 137.0 1
35 89 0.0346190929413 86.0 1
36 47 0.0183730125427 44.0 1
37 40 0.0167660713196 37.0 1
38 60 0.0236098766327 57.0 1
39 59 0.0236210823059 56.0 1
40 141 0.0487849712372 138.0 1
41 100 0.0405240058899 97.0 1
42 15 0.00610709190369 12.0 1
43 137 0.0563111305237 134.0 1
44 120 0.0491318702698 117.0 1
45 119 0.0475900173187 116.0 1
46 67 0.0282020568848 64.0 1
47 134 0.0709600448608 131.0 1
48 69 0.0292029380798 66.0 1
49 134 0.0592260360718 131.0 1
0 9 0.00352597236633 6.0 1
1 13 0.00516891479492 10.0 1
2 185 0.0763750076294 182.0 1
3 33 0.0137560367584 30.0 1
4 8 0.00298595428467 5.0 1
5 17 0.00719881057739 14.0 1
6 235 0.103335142136 232.0 1
7 234 0.102442026138 231.0 1
8 229 0.0988249778748 226.0 1
9 10 0.00386190414429 7.0 1
10 225 0.0962560176849 222.0 1
11 227 0.0962312221527 224.0 1
12 227 0.101622819901 224.0 1
13 226 0.101507902145 223.0 1
14 231 0.104470968246 228.0 1
15 8 0.00319719314575 5.0 1
16 210 0.0937211513519 207.0 1
17 240 0.106052875519 237.0 1
18 225 0.0949759483337 222.0 1
19 226 0.0957000255585 223.0 1
20 227 0.0931620597839 224.0 1
21 219 0.0872530937195 216.0 1
22 237 0.0937819480896 234.0 1
23 229 0.0958108901978 226.0 1
24 218 0.0965688228607 215.0 1
25 8 0.00321197509766 5.0 1
26 234 0.100260019302 231.0 1
27 222 0.0951399803162 219.0 1
28 237 0.108107089996 234.0 1
29 258 0.118668079376 255.0 1
30 225 0.103140115738 222.0 1
31 231 0.106943130493 228.0 1
32 220 0.101902008057 217.0 1
33 229 0.10640001297 226.0 1
34 19 0.00853085517883 16.0 1
35 227 0.106920957565 224.0 1
36 233 0.108302116394 230.0 1
37 224 0.103713035583 221.0 1
38 217 0.100427150726 214.0 1
39 215 0.0993838310242 212.0 1
40 211 0.0976178646088 208.0 1
41 217 0.101171970367 214.0 1
42 233 0.110251903534 230.0 1
43 237 0.110139131546 234.0 1
44 252 0.116599082947 249.0 1
45 222 0.103657960892 219.0 1
46 221 0.100411891937 218.0 1
47 237 0.106505870819 234.0 1
48 233 0.102056026459 230.0 1
49 228 0.103047132492 225.0 1
0 14 0.00589990615845 11.0 1
1 139 0.0602738857269 136.0 1
2 13 0.00530886650085 10.0 1
3 41 0.0176241397858 38.0 1
4 65 0.0280570983887 62.0 1
5 102 0.0441610813141 99.0 1
6 96 0.0419759750366 93.0 1
7 96 0.0422151088715 93.0 1
8 70 0.0306029319763 67.0 1
9 76 0.0332939624786 73.0 1
10 98 0.0431559085846 95.0 1
11 89 0.0390911102295 86.0 1
12 105 0.0460391044617 102.0 1
13 79 0.0345630645752 76.0 1
14 80 0.0353851318359 77.0 1
15 94 0.0408282279968 91.0 1
16 72 0.0314240455627 69.0 1
17 94 0.0406520366669 91.0 1
18 93 0.0402109622955 90.0 1
19 94 0.0410809516907 91.0 1
20 111 0.0482590198517 108.0 1
21 115 0.0493838787079 112.0 1
22 99 0.0425279140472 96.0 1
23 79 0.0340299606323 76.0 1
24 93 0.040186882019 90.0 1
25 82 0.0353879928589 79.0 1
26 85 0.0366430282593 82.0 1
27 104 0.0452930927277 101.0 1
28 101 0.0436391830444 98.0 1
29 111 0.0477850437164 108.0 1
30 85 0.0367140769958 82.0 1
31 81 0.0349419116974 78.0 1
32 96 0.0415210723877 93.0 1
33 72 0.0312209129333 69.0 1
34 85 0.036719083786 82.0 1
35 98 0.0422360897064 95.0 1
36 100 0.0432469844818 97.0 1
37 94 0.0406241416931 91.0 1
38 102 0.044114112854 99.0 1
39 72 0.0309209823608 69.0 1
40 100 0.0431759357452 97.0 1
41 70 0.030152797699 67.0 1
42 108 0.0467360019684 105.0 1
43 107 0.0479719638824 104.0 1
44 96 0.0416049957275 93.0 1
45 81 0.0353400707245 78.0 1
46 80 0.0363910198212 77.0 1
47 88 0.040657043457 85.0 1
48 99 0.0455861091614 96.0 1
49 93 0.0429010391235 90.0 1
0 9 0.00384902954102 6.0 1
1 11 0.00451517105103 8.0 1
2 171 0.0758571624756 168.0 1
3 44 0.0194029808044 41.0 1
4 49 0.0217170715332 46.0 1
5 64 0.0281519889832 61.0 1
6 86 0.0378680229187 83.0 1
7 56 0.0244359970093 53.0 1
8 67 0.029599905014 64.0 1
9 45 0.0198140144348 42.0 1
10 42 0.0186488628387 39.0 1
11 13 0.00542902946472 10.0 1
12 83 0.0364630222321 80.0 1
13 14 0.00587701797485 11.0 1
14 67 0.0294148921967 64.0 1
15 43 0.0189428329468 40.0 1
16 14 0.0058650970459 11.0 1
17 63 0.0277011394501 60.0 1
18 45 0.0196588039398 42.0 1
19 96 0.0430641174316 93.0 1
20 14 0.00590300559998 11.0 1
21 83 0.0367150306702 80.0 1
22 79 0.0347681045532 76.0 1
23 16 0.00675296783447 13.0 1
24 54 0.0256960391998 51.0 1
25 39 0.0168209075928 36.0 1
26 61 0.0267128944397 58.0 1
27 49 0.0213508605957 46.0 1
28 73 0.0317440032959 70.0 1
29 69 0.0302078723907 66.0 1
30 52 0.0227282047272 49.0 1
31 83 0.036327123642 80.0 1
32 68 0.0292448997498 65.0 1
33 54 0.0228650569916 51.0 1
34 52 0.0221090316772 49.0 1
35 120 0.0526609420776 117.0 1
36 95 0.041393995285 92.0 1
37 62 0.0265710353851 59.0 1
38 15 0.00630497932434 12.0 1
39 15 0.00626802444458 12.0 1
40 55 0.0255520343781 52.0 1
41 81 0.0429439544678 78.0 1
42 14 0.00545978546143 11.0 1
43 14 0.00567102432251 11.0 1
44 13 0.00506782531738 10.0 1
45 13 0.00503420829773 10.0 1
46 67 0.02716588974 64.0 1
47 56 0.0244069099426 53.0 1
48 73 0.0418210029602 70.0 1
49 92 0.0534200668335 89.0 1
0 10 0.00467801094055 7.0 1
1 12 0.00553011894226 9.0 1
2 177 0.0857090950012 174.0 1
3 191 0.0721528530121 188.0 1
4 184 0.0748810768127 181.0 1
5 257 0.108774900436 254.0 1
6 184 0.0820009708405 181.0 1
7 205 0.100449085236 202.0 1
8 229 0.100886106491 226.0 1
9 206 0.0881998538971 203.0 1
10 207 0.105283021927 204.0 1
11 233 0.123087882996 230.0 1
12 203 0.0817070007324 200.0 1
13 241 0.101388931274 238.0 1
14 102 0.0401639938354 99.0 1
15 51 0.0196659564972 48.0 1
16 200 0.0796999931335 197.0 1
17 228 0.100858926773 225.0 1
18 228 0.110833883286 225.0 1
19 192 0.0890700817108 189.0 1
20 78 0.028697013855 75.0 1
21 198 0.0933339595795 195.0 1
22 170 0.0806090831757 167.0 1
23 5000 2.9438791275 4999.0 0
24 184 0.107135057449 181.0 1
25 172 0.0997469425201 169.0 1
26 199 0.116925001144 196.0 1
27 226 0.132225036621 223.0 1
28 72 0.041778087616 69.0 1
29 182 0.10573887825 179.0 1
30 187 0.106857061386 184.0 1
31 206 0.117025136948 203.0 1
32 198 0.111383914948 195.0 1
33 46 0.0254230499268 43.0 1
34 184 0.0962479114532 181.0 1
35 146 0.0720188617706 143.0 1
36 158 0.0701699256897 155.0 1
37 100 0.0478808879852 97.0 1
38 208 0.0970818996429 205.0 1
39 191 0.0939629077911 188.0 1
40 202 0.0990390777588 199.0 1
41 193 0.0920460224152 190.0 1
42 128 0.0590648651123 125.0 1
43 211 0.0997099876404 208.0 1
44 213 0.0973079204559 210.0 1
45 185 0.0879878997803 182.0 1
46 178 0.0828189849854 175.0 1
47 102 0.0506920814514 99.0 1
48 224 0.103628873825 221.0 1
49 291 0.138334989548 288.0 1
0 9 0.00273895263672 6.0 1
1 10 0.0035412311554 7.0 1
2 10 0.00442385673523 7.0 1
3 9 0.00399994850159 6.0 1
4 10 0.00428986549377 7.0 1
5 12 0.00520992279053 9.0 1
6 12 0.00523090362549 9.0 1
7 9 0.0038468837738 6.0 1
8 10 0.00430917739868 7.0 1
9 10 0.00439214706421 7.0 1
10 8 0.00343704223633 5.0 1
11 9 0.00354599952698 6.0 1
12 11 0.00308108329773 8.0 1
13 10 0.00310206413269 7.0 1
14 11 0.00453400611877 8.0 1
15 10 0.0042679309845 7.0 1
16 10 0.00427794456482 7.0 1
17 12 0.00548386573792 9.0 1
18 9 0.0039119720459 6.0 1
19 10 0.00417995452881 7.0 1
20 12 0.00514197349548 9.0 1
21 10 0.00453901290894 7.0 1
22 10 0.00414085388184 7.0 1
23 12 0.00507593154907 9.0 1
24 11 0.00474095344543 8.0 1
25 10 0.00439095497131 7.0 1
26 9 0.00366306304932 6.0 1
27 9 0.0036768913269 6.0 1
28 8 0.00327110290527 5.0 1
29 13 0.00574612617493 10.0 1
30 8 0.00351905822754 5.0 1
31 10 0.00438809394836 7.0 1
32 9 0.00405287742615 6.0 1
33 9 0.00403189659119 6.0 1
34 10 0.00417709350586 7.0 1
35 12 0.00500893592834 9.0 1
36 10 0.00424790382385 7.0 1
37 10 0.00424480438232 7.0 1
38 8 0.00351309776306 5.0 1
39 8 0.00340914726257 5.0 1
40 12 0.00548005104065 9.0 1
41 8 0.00345683097839 5.0 1
42 11 0.00465989112854 8.0 1
43 12 0.00553584098816 9.0 1
44 12 0.00507211685181 9.0 1
45 12 0.00516510009766 9.0 1
46 11 0.00470900535583 8.0 1
47 9 0.00374507904053 6.0 1
48 9 0.0036768913269 6.0 1
49 10 0.00412607192993 7.0 1
0 13 0.00580406188965 10.0 1
1 15 0.00662612915039 12.0 1
2 10 0.00410795211792 7.0 1
3 12 0.00492811203003 9.0 1
4 37 0.0159301757812 34.0 1
5 57 0.0244951248169 54.0 1
6 13 0.00540781021118 10.0 1
7 12 0.00492191314697 9.0 1
8 10 0.00402283668518 7.0 1
9 11 0.0044949054718 8.0 1
10 11 0.00451683998108 8.0 1
11 11 0.0045440196991 8.0 1
12 11 0.004469871521 8.0 1
13 11 0.00456094741821 8.0 1
14 10 0.00408601760864 7.0 1
15 11 0.00452899932861 8.0 1
16 11 0.00462698936462 8.0 1
17 10 0.00405478477478 7.0 1
18 10 0.00408601760864 7.0 1
19 12 0.00501799583435 9.0 1
20 9 0.00363707542419 6.0 1
21 11 0.00430488586426 8.0 1
22 10 0.00407195091248 7.0 1
23 12 0.00505399703979 9.0 1
24 11 0.00449204444885 8.0 1
25 11 0.00447106361389 8.0 1
26 12 0.00495505332947 9.0 1
27 9 0.00367403030396 6.0 1
28 10 0.00412797927856 7.0 1
29 11 0.00452208518982 8.0 1
30 11 0.00464797019958 8.0 1
31 12 0.00515103340149 9.0 1
32 11 0.00461101531982 8.0 1
33 10 0.00410580635071 7.0 1
34 8 0.00320601463318 5.0 1
35 12 0.00501179695129 9.0 1
36 8 0.00317406654358 5.0 1
37 11 0.00463390350342 8.0 1
38 8 0.0032000541687 5.0 1
39 12 0.00497078895569 9.0 1
40 11 0.00451397895813 8.0 1
41 10 0.00406885147095 7.0 1
42 12 0.00526094436646 9.0 1
43 12 0.00522208213806 9.0 1
44 12 0.00500297546387 9.0 1
45 12 0.005038022995 9.0 1
46 11 0.00458002090454 8.0 1
47 10 0.00422096252441 7.0 1
48 9 0.00367712974548 6.0 1
49 10 0.00418996810913 7.0 1
0 9 0.00395894050598 6.0 1
1 10 0.00453305244446 7.0 1
2 20 0.00905108451843 17.0 1
3 31 0.0137898921967 28.0 1
4 141 0.0648860931396 138.0 1
5 52 0.0232858657837 49.0 1
6 73 0.0333340167999 70.0 1
7 74 0.0337779521942 71.0 1
8 73 0.034686088562 70.0 1
9 51 0.0243768692017 48.0 1
10 14 0.00611305236816 11.0 1
11 71 0.0354239940643 68.0 1
12 77 0.0377099514008 74.0 1
13 79 0.0390779972076 76.0 1
14 73 0.0343389511108 70.0 1
15 77 0.0357849597931 74.0 1
16 79 0.0363228321075 76.0 1
17 14 0.00622391700745 11.0 1
18 37 0.0170359611511 34.0 1
19 80 0.0367650985718 77.0 1
20 47 0.0253508090973 44.0 1
21 88 0.0460739135742 85.0 1
22 75 0.0397148132324 72.0 1
23 75 0.0404942035675 72.0 1
24 76 0.0407218933105 73.0 1
25 16 0.00803303718567 13.0 1
26 75 0.0397980213165 72.0 1
27 74 0.0390348434448 71.0 1
28 53 0.0280649662018 50.0 1
29 60 0.0318899154663 57.0 1
30 16 0.00824809074402 13.0 1
31 49 0.0260350704193 46.0 1
32 83 0.0441920757294 80.0 1
33 75 0.0384202003479 72.0 1
34 79 0.042181968689 76.0 1
35 79 0.0422220230103 76.0 1
36 36 0.0191030502319 33.0 1
37 75 0.0398600101471 72.0 1
38 77 0.0407431125641 74.0 1
39 74 0.0393187999725 71.0 1
40 63 0.0331881046295 60.0 1
41 53 0.0279490947723 50.0 1
42 34 0.0176870822906 31.0 1
43 85 0.0454649925232 82.0 1
44 83 0.0446119308472 80.0 1
45 75 0.0365281105042 72.0 1
46 80 0.0352268218994 77.0 1
47 77 0.0343730449677 74.0 1
48 77 0.034677028656 74.0 1
49 83 0.0374510288239 80.0 1
0 12 0.00517702102661 9.0 1
1 12 0.00497698783875 9.0 1
2 10 0.004075050354 7.0 1
3 12 0.00496506690979 9.0 1
4 10 0.00410079956055 7.0 1
5 32 0.0139510631561 29.0 1
6 135 0.0601830482483 132.0 1
7 87 0.0385401248932 84.0 1
8 190 0.0850579738617 187.0 1
9 133 0.0710968971252 130.0 1
10 131 0.0631060600281 128.0 1
11 157 0.0726218223572 154.0 1
12 47 0.0214548110962 44.0 1
13 56 0.0257580280304 53.0 1
14 69 0.0313670635223 66.0 1
15 64 0.0292568206787 61.0 1
16 136 0.0613059997559 133.0 1
17 56 0.025682926178 53.0 1
18 101 0.046229839325 98.0 1
19 73 0.0324289798737 70.0 1
20 57 0.0244829654694 54.0 1
21 149 0.0674908161163 146.0 1
22 53 0.0246200561523 50.0 1
23 208 0.0946319103241 205.0 1
24 156 0.0737090110779 153.0 1
25 108 0.0534930229187 105.0 1
26 217 0.113404035568 214.0 1
27 131 0.103758096695 128.0 1
28 73 0.0436878204346 70.0 1
29 74 0.03937292099 71.0 1
30 115 0.0584192276001 112.0 1
31 33 0.0143229961395 30.0 1
32 32 0.0144050121307 29.0 1
33 123 0.0556700229645 120.0 1
34 44 0.0226118564606 41.0 1
35 51 0.0225911140442 48.0 1
36 104 0.0478479862213 101.0 1
37 54 0.0358049869537 51.0 1
38 111 0.0688459873199 108.0 1
39 153 0.0706238746643 150.0 1
40 82 0.0385739803314 79.0 1
41 199 0.0861158370972 196.0 1
42 88 0.0402188301086 85.0 1
43 57 0.0252830982208 54.0 1
44 47 0.0202679634094 44.0 1
45 59 0.027578830719 56.0 1
46 212 0.102960109711 209.0 1
47 62 0.0299949645996 59.0 1
48 76 0.0335869789124 73.0 1
49 77 0.0392589569092 74.0 1
