trial, number of steps, runtime, accumulated reward, termination
0 964 0.717370033264 -962.0 1
1 506 0.377824068069 -504.0 1
2 326 0.244616031647 -324.0 1
3 254 0.189482927322 -252.0 1
4 168 0.124662876129 -166.0 1
5 220 0.160182952881 -218.0 1
6 357 0.263079881668 -355.0 1
7 517 0.384665966034 -515.0 1
8 248 0.185943841934 -246.0 1
9 236 0.178354024887 -234.0 1
10 186 0.136907100677 -184.0 1
11 190 0.133755207062 -188.0 1
12 211 0.155399084091 -209.0 1
13 159 0.119131803513 -157.0 1
14 158 0.117131948471 -156.0 1
15 185 0.136958122253 -183.0 1
16 212 0.150820016861 -210.0 1
17 212 0.152628898621 -210.0 1
18 220 0.161335945129 -218.0 1
19 208 0.1530148983 -206.0 1
20 116 0.0853221416473 -114.0 1
21 212 0.15970492363 -210.0 1
22 241 0.176522016525 -239.0 1
23 263 0.18972992897 -261.0 1
24 152 0.109966993332 -150.0 1
25 214 0.159356117249 -212.0 1
26 537 0.396749973297 -535.0 1
27 159 0.117118120193 -157.0 1
28 222 0.165264129639 -220.0 1
29 116 0.0858919620514 -114.0 1
30 201 0.151150941849 -199.0 1
31 102 0.0753858089447 -100.0 1
32 188 0.138658046722 -186.0 1
33 510 0.369966983795 -508.0 1
34 204 0.149260044098 -202.0 1
35 192 0.142967939377 -190.0 1
36 109 0.0803389549255 -107.0 1
37 286 0.214084863663 -284.0 1
38 121 0.0900139808655 -119.0 1
39 520 0.39138007164 -518.0 1
40 120 0.0875909328461 -118.0 1
41 151 0.110668897629 -149.0 1
42 111 0.0804569721222 -109.0 1
43 109 0.0794441699982 -107.0 1
44 216 0.153315067291 -214.0 1
45 229 0.161000967026 -227.0 1
46 143 0.101720094681 -141.0 1
47 134 0.100739955902 -132.0 1
48 85 0.0618350505829 -83.0 1
49 242 0.177952051163 -240.0 1
0 964 0.711812019348 -962.0 1
1 506 0.36314702034 -504.0 1
2 326 0.234497070312 -324.0 1
3 254 0.188637018204 -252.0 1
4 168 0.12412405014 -166.0 1
5 220 0.161892175674 -218.0 1
6 357 0.251503944397 -355.0 1
7 517 0.368879079819 -515.0 1
8 248 0.175392150879 -246.0 1
9 236 0.169266939163 -234.0 1
10 186 0.132314920425 -184.0 1
11 190 0.134454011917 -188.0 1
12 211 0.149639129639 -209.0 1
13 159 0.110121965408 -157.0 1
14 158 0.109690904617 -156.0 1
15 185 0.13107419014 -183.0 1
16 212 0.150879144669 -210.0 1
17 212 0.152561903 -210.0 1
18 220 0.156559944153 -218.0 1
19 208 0.148325204849 -206.0 1
20 116 0.0826480388641 -114.0 1
21 212 0.152220964432 -210.0 1
22 241 0.17270898819 -239.0 1
23 263 0.183618068695 -261.0 1
24 152 0.10458278656 -150.0 1
25 214 0.153687953949 -212.0 1
26 537 0.386117935181 -535.0 1
27 159 0.1133248806 -157.0 1
28 222 0.159111022949 -220.0 1
29 116 0.0844140052795 -114.0 1
30 201 0.143869161606 -199.0 1
31 102 0.0730328559875 -100.0 1
32 188 0.136000871658 -186.0 1
33 510 0.365512132645 -508.0 1
34 204 0.14612197876 -202.0 1
35 192 0.137036085129 -190.0 1
36 109 0.0777268409729 -107.0 1
37 286 0.210166931152 -284.0 1
38 121 0.0878920555115 -119.0 1
39 520 0.384303808212 -518.0 1
40 120 0.0881390571594 -118.0 1
41 151 0.110621929169 -149.0 1
42 111 0.0802011489868 -109.0 1
43 109 0.0802390575409 -107.0 1
44 216 0.159541845322 -214.0 1
45 229 0.167452096939 -227.0 1
46 143 0.0985200405121 -141.0 1
47 134 0.0925588607788 -132.0 1
48 85 0.0595681667328 -83.0 1
49 242 0.179796934128 -240.0 1
0 964 0.692933082581 -962.0 1
1 506 0.344796895981 -504.0 1
2 326 0.226665019989 -324.0 1
3 254 0.177742004395 -252.0 1
4 168 0.116232872009 -166.0 1
5 220 0.158187866211 -218.0 1
6 357 0.2635679245 -355.0 1
7 517 0.379926204681 -515.0 1
8 248 0.181844949722 -246.0 1
9 236 0.173023939133 -234.0 1
10 186 0.136943817139 -184.0 1
11 190 0.13877415657 -188.0 1
12 211 0.153028011322 -209.0 1
13 159 0.116020202637 -157.0 1
14 158 0.115866184235 -156.0 1
15 185 0.131069898605 -183.0 1
16 212 0.149259805679 -210.0 1
17 212 0.149674892426 -210.0 1
18 220 0.156019926071 -218.0 1
19 208 0.146322011948 -206.0 1
20 116 0.0809950828552 -114.0 1
21 212 0.149402856827 -210.0 1
22 241 0.170291900635 -239.0 1
23 263 0.184767961502 -261.0 1
24 152 0.106770992279 -150.0 1
25 214 0.149970054626 -212.0 1
26 537 0.369056940079 -535.0 1
27 159 0.112020969391 -157.0 1
28 222 0.155269145966 -220.0 1
29 116 0.0778708457947 -114.0 1
30 201 0.138273954391 -199.0 1
31 102 0.0708241462708 -100.0 1
32 188 0.131639957428 -186.0 1
33 510 0.365728855133 -508.0 1
34 204 0.144774913788 -202.0 1
35 192 0.136893033981 -190.0 1
36 109 0.0759830474854 -107.0 1
37 286 0.201354980469 -284.0 1
38 121 0.0858070850372 -119.0 1
39 520 0.370421171188 -518.0 1
40 120 0.0844860076904 -118.0 1
41 151 0.105566978455 -149.0 1
42 111 0.0776529312134 -109.0 1
43 109 0.0771110057831 -107.0 1
44 216 0.154371023178 -214.0 1
45 229 0.161660909653 -227.0 1
46 143 0.101521015167 -141.0 1
47 134 0.0954759120941 -132.0 1
48 85 0.0602550506592 -83.0 1
49 242 0.172024965286 -240.0 1
0 964 0.678641080856 -962.0 1
1 506 0.354295969009 -504.0 1
2 326 0.227427959442 -324.0 1
3 254 0.178573131561 -252.0 1
4 168 0.118247032166 -166.0 1
5 220 0.15305018425 -218.0 1
6 357 0.253216981888 -355.0 1
7 517 0.363702058792 -515.0 1
8 248 0.173798084259 -246.0 1
9 236 0.164767980576 -234.0 1
10 186 0.130101203918 -184.0 1
11 190 0.131271839142 -188.0 1
12 211 0.148723840714 -209.0 1
13 159 0.112119913101 -157.0 1
14 158 0.106914997101 -156.0 1
15 185 0.127507925034 -183.0 1
16 212 0.144675970078 -210.0 1
17 212 0.148205041885 -210.0 1
18 220 0.156733036041 -218.0 1
19 208 0.149352788925 -206.0 1
20 116 0.0808231830597 -114.0 1
21 212 0.148898124695 -210.0 1
22 241 0.169450998306 -239.0 1
23 263 0.184559822083 -261.0 1
24 152 0.106062173843 -150.0 1
25 214 0.150962114334 -212.0 1
26 537 0.379585981369 -535.0 1
27 159 0.112519025803 -157.0 1
28 222 0.157027006149 -220.0 1
29 116 0.0834941864014 -114.0 1
30 201 0.143657922745 -199.0 1
31 102 0.0721371173859 -100.0 1
32 188 0.134206056595 -186.0 1
33 510 0.367770910263 -508.0 1
34 204 0.146229982376 -202.0 1
35 192 0.137696027756 -190.0 1
36 109 0.0780282020569 -107.0 1
37 286 0.204962015152 -284.0 1
38 121 0.0854048728943 -119.0 1
39 520 0.371517896652 -518.0 1
40 120 0.0829260349274 -118.0 1
41 151 0.104985952377 -149.0 1
42 111 0.0779349803925 -109.0 1
43 109 0.0761001110077 -107.0 1
44 216 0.151654005051 -214.0 1
45 229 0.160579919815 -227.0 1
46 143 0.10165810585 -141.0 1
47 134 0.0939168930054 -132.0 1
48 85 0.059828042984 -83.0 1
49 242 0.17062497139 -240.0 1
0 964 0.667639970779 -962.0 1
1 506 0.355541944504 -504.0 1
2 326 0.228677034378 -324.0 1
3 254 0.178431987762 -252.0 1
4 168 0.115499973297 -166.0 1
5 220 0.153412103653 -218.0 1
6 357 0.249607801437 -355.0 1
7 517 0.359575033188 -515.0 1
8 248 0.173795938492 -246.0 1
9 236 0.164530992508 -234.0 1
10 186 0.129337072372 -184.0 1
11 190 0.132600069046 -188.0 1
12 211 0.146533966064 -209.0 1
13 159 0.110418081284 -157.0 1
14 158 0.109915971756 -156.0 1
15 185 0.1290371418 -183.0 1
16 212 0.147552013397 -210.0 1
17 212 0.146539926529 -210.0 1
18 220 0.150353908539 -218.0 1
19 208 0.141751050949 -206.0 1
20 116 0.0797390937805 -114.0 1
21 212 0.146032094955 -210.0 1
22 241 0.166168928146 -239.0 1
23 263 0.179157018661 -261.0 1
24 152 0.103955984116 -150.0 1
25 214 0.14678311348 -212.0 1
26 537 0.370770931244 -535.0 1
27 159 0.108458995819 -157.0 1
28 222 0.153939008713 -220.0 1
29 116 0.0804779529572 -114.0 1
30 201 0.139660835266 -199.0 1
31 102 0.0703399181366 -100.0 1
32 188 0.130236148834 -186.0 1
33 510 0.356833934784 -508.0 1
34 204 0.141983985901 -202.0 1
35 192 0.133114099503 -190.0 1
36 109 0.0751891136169 -107.0 1
37 286 0.20049405098 -284.0 1
38 121 0.0832960605621 -119.0 1
39 520 0.364732027054 -518.0 1
40 120 0.0819838047028 -118.0 1
41 151 0.10244512558 -149.0 1
42 111 0.0756537914276 -109.0 1
43 109 0.0754489898682 -107.0 1
44 216 0.149450063705 -214.0 1
45 229 0.157565832138 -227.0 1
46 143 0.0986762046814 -141.0 1
47 134 0.0930399894714 -132.0 1
48 85 0.0590689182281 -83.0 1
49 242 0.166476964951 -240.0 1
0 964 0.664772033691 -962.0 1
1 506 0.346585035324 -504.0 1
2 326 0.221554994583 -324.0 1
3 254 0.173585891724 -252.0 1
4 168 0.115781068802 -166.0 1
5 220 0.150624036789 -218.0 1
6 357 0.24708199501 -355.0 1
7 517 0.36062002182 -515.0 1
8 248 0.168006896973 -246.0 1
9 236 0.156737089157 -234.0 1
10 186 0.125235795975 -184.0 1
11 190 0.128453969955 -188.0 1
12 211 0.144643068314 -209.0 1
13 159 0.110407829285 -157.0 1
14 158 0.107259988785 -156.0 1
15 185 0.0786321163177 -183.0 1
16 212 0.0720069408417 -210.0 1
17 212 0.12890791893 -210.0 1
18 220 0.139549016953 -218.0 1
19 208 0.132956027985 -206.0 1
20 116 0.0741100311279 -114.0 1
21 212 0.136245965958 -210.0 1
22 241 0.154106140137 -239.0 1
23 263 0.168213129044 -261.0 1
24 152 0.0965769290924 -150.0 1
25 214 0.136172056198 -212.0 1
26 537 0.344695091248 -535.0 1
27 159 0.0997359752655 -157.0 1
28 222 0.141215801239 -220.0 1
29 116 0.0732591152191 -114.0 1
30 201 0.127913951874 -199.0 1
31 102 0.0632271766663 -100.0 1
32 188 0.117995023727 -186.0 1
33 510 0.325698852539 -508.0 1
34 204 0.128051042557 -202.0 1
35 192 0.117431879044 -190.0 1
36 109 0.0666790008545 -107.0 1
37 286 0.172774076462 -284.0 1
38 121 0.0715959072113 -119.0 1
39 520 0.325737953186 -518.0 1
40 120 0.0753331184387 -118.0 1
41 151 0.0926640033722 -149.0 1
42 111 0.0685849189758 -109.0 1
43 109 0.0691220760345 -107.0 1
44 216 0.136184930801 -214.0 1
45 229 0.139825105667 -227.0 1
46 143 0.0889048576355 -141.0 1
47 134 0.0838468074799 -132.0 1
48 85 0.0529229640961 -83.0 1
49 242 0.147972822189 -240.0 1
0 964 0.58908700943 -962.0 1
1 506 0.313956022263 -504.0 1
2 326 0.202486038208 -324.0 1
3 254 0.156708955765 -252.0 1
4 168 0.105475902557 -166.0 1
5 220 0.129443883896 -218.0 1
6 357 0.165144920349 -355.0 1
7 517 0.202796936035 -515.0 1
8 248 0.111229896545 -246.0 1
9 236 0.0848488807678 -234.0 1
10 186 0.0924100875854 -184.0 1
11 190 0.0766930580139 -188.0 1
12 211 0.158686876297 -209.0 1
13 159 0.100723028183 -157.0 1
14 158 0.0996379852295 -156.0 1
15 185 0.116480827332 -183.0 1
16 212 0.133265972137 -210.0 1
17 212 0.107360839844 -210.0 1
18 220 0.0781559944153 -218.0 1
19 208 0.0724771022797 -206.0 1
20 116 0.04168009758 -114.0 1
21 212 0.0848388671875 -210.0 1
22 241 0.0939660072327 -239.0 1
23 263 0.106429100037 -261.0 1
24 152 0.0520520210266 -150.0 1
25 214 0.0878732204437 -212.0 1
26 537 0.216386795044 -535.0 1
27 159 0.0746529102325 -157.0 1
28 222 0.122277021408 -220.0 1
29 116 0.0690610408783 -114.0 1
30 201 0.119102954865 -199.0 1
31 102 0.060967206955 -100.0 1
32 188 0.106574058533 -186.0 1
33 510 0.315234184265 -508.0 1
34 204 0.097519159317 -202.0 1
35 192 0.0783078670502 -190.0 1
36 109 0.0641469955444 -107.0 1
37 286 0.178222894669 -284.0 1
38 121 0.0736420154572 -119.0 1
39 520 0.316789150238 -518.0 1
40 120 0.0728011131287 -118.0 1
41 151 0.0910670757294 -149.0 1
42 111 0.0644881725311 -109.0 1
43 109 0.0621049404144 -107.0 1
44 216 0.0728571414948 -214.0 1
45 229 0.0777049064636 -227.0 1
46 143 0.0479180812836 -141.0 1
47 134 0.0452771186829 -132.0 1
48 85 0.0286660194397 -83.0 1
49 242 0.108299970627 -240.0 1
0 964 0.552671194077 -962.0 1
1 506 0.334187984467 -504.0 1
2 326 0.234923124313 -324.0 1
3 254 0.144823074341 -252.0 1
4 168 0.056499004364 -166.0 1
5 220 0.0988240242004 -218.0 1
6 357 0.235184907913 -355.0 1
7 517 0.344300031662 -515.0 1
8 248 0.160802125931 -246.0 1
9 236 0.154932975769 -234.0 1
10 186 0.123241901398 -184.0 1
11 190 0.124963998795 -188.0 1
12 211 0.142642021179 -209.0 1
13 159 0.104460954666 -157.0 1
14 158 0.105638027191 -156.0 1
15 185 0.125593900681 -183.0 1
16 212 0.142775058746 -210.0 1
17 212 0.14525103569 -210.0 1
18 220 0.150394916534 -218.0 1
19 208 0.138205051422 -206.0 1
20 116 0.0493769645691 -114.0 1
21 212 0.0856099128723 -210.0 1
22 241 0.0896179676056 -239.0 1
23 263 0.098984003067 -261.0 1
24 152 0.0536060333252 -150.0 1
25 214 0.078882932663 -212.0 1
26 537 0.222535133362 -535.0 1
27 159 0.119568109512 -157.0 1
28 222 0.168887853622 -220.0 1
29 116 0.0901429653168 -114.0 1
30 201 0.108695030212 -199.0 1
31 102 0.0496211051941 -100.0 1
32 188 0.0691778659821 -186.0 1
33 510 0.320641040802 -508.0 1
34 204 0.144240140915 -202.0 1
35 192 0.136005878448 -190.0 1
36 109 0.0780239105225 -107.0 1
37 286 0.200305938721 -284.0 1
38 121 0.0830860137939 -119.0 1
39 520 0.362370967865 -518.0 1
40 120 0.082781791687 -118.0 1
41 151 0.104573965073 -149.0 1
42 111 0.0755000114441 -109.0 1
43 109 0.0752649307251 -107.0 1
44 216 0.150195837021 -214.0 1
45 229 0.157382011414 -227.0 1
46 143 0.0976800918579 -141.0 1
47 134 0.0916829109192 -132.0 1
48 85 0.0582690238953 -83.0 1
49 242 0.168928146362 -240.0 1
0 964 0.678024053574 -962.0 1
1 506 0.363291025162 -504.0 1
2 326 0.232902050018 -324.0 1
3 254 0.182899951935 -252.0 1
4 168 0.118144035339 -166.0 1
5 220 0.154456853867 -218.0 1
6 357 0.251068115234 -355.0 1
7 517 0.365828990936 -515.0 1
8 248 0.171787977219 -246.0 1
9 236 0.165899991989 -234.0 1
10 186 0.130335092545 -184.0 1
11 190 0.132183074951 -188.0 1
12 211 0.148113965988 -209.0 1
13 159 0.110646009445 -157.0 1
14 158 0.0705330371857 -156.0 1
15 185 0.0943629741669 -183.0 1
16 212 0.09681391716 -210.0 1
17 212 0.0962479114532 -210.0 1
18 220 0.133807897568 -218.0 1
19 208 0.119194984436 -206.0 1
20 116 0.0701689720154 -114.0 1
21 212 0.130330085754 -210.0 1
22 241 0.149700164795 -239.0 1
23 263 0.165172100067 -261.0 1
24 152 0.058739900589 -150.0 1
25 214 0.109656095505 -212.0 1
26 537 0.344717979431 -535.0 1
27 159 0.0762689113617 -157.0 1
28 222 0.111819982529 -220.0 1
29 116 0.0575051307678 -114.0 1
30 201 0.112899065018 -199.0 1
31 102 0.0576100349426 -100.0 1
32 188 0.140020847321 -186.0 1
33 510 0.323676109314 -508.0 1
34 204 0.128111124039 -202.0 1
35 192 0.120818853378 -190.0 1
36 109 0.0676610469818 -107.0 1
37 286 0.184121847153 -284.0 1
38 121 0.0792210102081 -119.0 1
39 520 0.335254907608 -518.0 1
40 120 0.0762650966644 -118.0 1
41 151 0.0963580608368 -149.0 1
42 111 0.070454120636 -109.0 1
43 109 0.0698411464691 -107.0 1
44 216 0.140342950821 -214.0 1
45 229 0.147364139557 -227.0 1
46 143 0.0916430950165 -141.0 1
47 134 0.086580991745 -132.0 1
48 85 0.0493669509888 -83.0 1
49 242 0.0915441513062 -240.0 1
0 964 0.498236179352 -962.0 1
1 506 0.267174005508 -504.0 1
2 326 0.19735789299 -324.0 1
3 254 0.152720928192 -252.0 1
4 168 0.102401971817 -166.0 1
5 220 0.133532047272 -218.0 1
6 357 0.220439195633 -355.0 1
7 517 0.328112125397 -515.0 1
8 248 0.144894838333 -246.0 1
9 236 0.14936208725 -234.0 1
10 186 0.110968828201 -184.0 1
11 190 0.11240196228 -188.0 1
12 211 0.126554012299 -209.0 1
13 159 0.0988891124725 -157.0 1
14 158 0.0940198898315 -156.0 1
15 185 0.111767053604 -183.0 1
16 212 0.102124929428 -210.0 1
17 212 0.132435083389 -210.0 1
18 220 0.137741088867 -218.0 1
19 208 0.124595880508 -206.0 1
20 116 0.0680041313171 -114.0 1
21 212 0.132198095322 -210.0 1
22 241 0.14887213707 -239.0 1
23 263 0.161222934723 -261.0 1
24 152 0.0936207771301 -150.0 1
25 214 0.123712062836 -212.0 1
26 537 0.37694811821 -535.0 1
27 159 0.112215042114 -157.0 1
28 222 0.156090021133 -220.0 1
29 116 0.0804738998413 -114.0 1
30 201 0.140830993652 -199.0 1
31 102 0.0715291500092 -100.0 1
32 188 0.13228392601 -186.0 1
33 510 0.36124920845 -508.0 1
34 204 0.145184993744 -202.0 1
35 192 0.136140108109 -190.0 1
36 109 0.0777440071106 -107.0 1
37 286 0.201219797134 -284.0 1
38 121 0.084361076355 -119.0 1
39 520 0.369459867477 -518.0 1
40 120 0.0841588973999 -118.0 1
41 151 0.108285903931 -149.0 1
42 111 0.0789489746094 -109.0 1
43 109 0.0775680541992 -107.0 1
44 216 0.149804830551 -214.0 1
45 229 0.162197113037 -227.0 1
46 143 0.104030847549 -141.0 1
47 134 0.0962359905243 -132.0 1
48 85 0.0606517791748 -83.0 1
49 242 0.16845202446 -240.0 1
