trial, number of steps, runtime, accumulated reward, termination
0 8 0.00340700149536 5.0 1
1 10 0.00401782989502 7.0 1
2 8 0.00307583808899 5.0 1
3 10 0.00407099723816 7.0 1
4 12 0.00513505935669 9.0 1
5 13 0.0060338973999 10.0 1
6 10 0.00426387786865 7.0 1
7 11 0.00433206558228 8.0 1
8 10 0.00394296646118 7.0 1
9 11 0.00434422492981 8.0 1
10 11 0.00433397293091 8.0 1
11 12 0.00479197502136 9.0 1
12 10 0.00392389297485 7.0 1
13 10 0.00401401519775 7.0 1
14 13 0.00516414642334 10.0 1
15 11 0.00436806678772 8.0 1
16 10 0.00393795967102 7.0 1
17 11 0.00468802452087 8.0 1
18 8 0.00299787521362 5.0 1
19 10 0.00390195846558 7.0 1
20 12 0.00478601455688 9.0 1
21 10 0.00397992134094 7.0 1
22 9 0.00350403785706 6.0 1
23 11 0.00449395179749 8.0 1
24 13 0.00517201423645 10.0 1
25 12 0.00484609603882 9.0 1
26 11 0.0043580532074 8.0 1
27 10 0.00386500358582 7.0 1
28 11 0.00437092781067 8.0 1
29 11 0.00441288948059 8.0 1
30 11 0.00437307357788 8.0 1
31 12 0.00478315353394 9.0 1
32 10 0.00391721725464 7.0 1
33 9 0.00349092483521 6.0 1
34 12 0.00476217269897 9.0 1
35 12 0.00475692749023 9.0 1
36 12 0.0047550201416 9.0 1
37 12 0.00481390953064 9.0 1
38 10 0.00394797325134 7.0 1
39 10 0.00394201278687 7.0 1
40 10 0.00392699241638 7.0 1
41 13 0.00527501106262 10.0 1
42 8 0.00320887565613 5.0 1
43 9 0.00351500511169 6.0 1
44 12 0.00479888916016 9.0 1
45 8 0.0036358833313 5.0 1
46 10 0.00444006919861 7.0 1
47 8 0.00318598747253 5.0 1
48 11 0.00433087348938 8.0 1
49 10 0.00398397445679 7.0 1
0 12 0.0048451423645 9.0 1
1 12 0.00512790679932 9.0 1
2 8 0.00311613082886 5.0 1
3 11 0.00440287590027 8.0 1
4 11 0.00439691543579 8.0 1
5 12 0.00483202934265 9.0 1
6 9 0.00360894203186 6.0 1
7 8 0.00325393676758 5.0 1
8 12 0.00496315956116 9.0 1
9 8 0.00328493118286 5.0 1
10 12 0.0049250125885 9.0 1
11 9 0.00374698638916 6.0 1
12 12 0.00563097000122 9.0 1
13 10 0.00539994239807 7.0 1
14 9 0.00380420684814 6.0 1
15 8 0.00304102897644 5.0 1
16 9 0.00345587730408 6.0 1
17 12 0.00482606887817 9.0 1
18 9 0.00345301628113 6.0 1
19 12 0.00474810600281 9.0 1
20 10 0.00389409065247 7.0 1
21 12 0.00477504730225 9.0 1
22 10 0.00398206710815 7.0 1
23 8 0.00310897827148 5.0 1
24 11 0.00444006919861 8.0 1
25 10 0.00387406349182 7.0 1
26 13 0.00516796112061 10.0 1
27 9 0.00345802307129 6.0 1
28 11 0.00432395935059 8.0 1
29 8 0.00303077697754 5.0 1
30 9 0.00351595878601 6.0 1
31 8 0.00304293632507 5.0 1
32 8 0.00311589241028 5.0 1
33 9 0.0039529800415 6.0 1
34 12 0.00493502616882 9.0 1
35 10 0.0106718540192 7.0 1
36 12 0.00504302978516 9.0 1
37 13 0.00602507591248 10.0 1
38 11 0.00443315505981 8.0 1
39 10 0.00401306152344 7.0 1
40 10 0.00405812263489 7.0 1
41 11 0.00448417663574 8.0 1
42 8 0.00359582901001 5.0 1
43 12 0.00489616394043 9.0 1
44 10 0.00415396690369 7.0 1
45 9 0.00408387184143 6.0 1
46 9 0.00352096557617 6.0 1
47 12 0.00490593910217 9.0 1
48 12 0.00473999977112 9.0 1
49 12 0.00582385063171 9.0 1
0 11 0.00475215911865 8.0 1
1 9 0.00360989570618 6.0 1
2 8 0.00306105613708 5.0 1
3 9 0.00344300270081 6.0 1
4 10 0.0039541721344 7.0 1
5 12 0.00674700737 9.0 1
6 9 0.00346279144287 6.0 1
7 10 0.00393390655518 7.0 1
8 8 0.00303292274475 5.0 1
9 10 0.00394415855408 7.0 1
10 11 0.00592803955078 8.0 1
11 11 0.00455904006958 8.0 1
12 12 0.00528693199158 9.0 1
13 13 0.00619292259216 10.0 1
14 12 0.00509786605835 9.0 1
15 12 0.00514793395996 9.0 1
16 9 0.00366997718811 6.0 1
17 11 0.00434803962708 8.0 1
18 11 0.00427293777466 8.0 1
19 8 0.00312113761902 5.0 1
20 9 0.00347399711609 6.0 1
21 11 0.00435209274292 8.0 1
22 12 0.00476694107056 9.0 1
23 11 0.00451397895813 8.0 1
24 13 0.00516200065613 10.0 1
25 11 0.00513195991516 8.0 1
26 11 0.00441312789917 8.0 1
27 12 0.00492906570435 9.0 1
28 12 0.00468301773071 9.0 1
29 11 0.0044059753418 8.0 1
30 12 0.00479006767273 9.0 1
31 11 0.00435495376587 8.0 1
32 9 0.00350999832153 6.0 1
33 11 0.00435090065002 8.0 1
34 10 0.00395512580872 7.0 1
35 8 0.00319314002991 5.0 1
36 11 0.00436806678772 8.0 1
37 8 0.00303506851196 5.0 1
38 10 0.00392818450928 7.0 1
39 10 0.0039119720459 7.0 1
40 9 0.00354599952698 6.0 1
41 10 0.00389790534973 7.0 1
42 11 0.00434708595276 8.0 1
43 12 0.00474095344543 9.0 1
44 12 0.00476479530334 9.0 1
45 12 0.00469899177551 9.0 1
46 10 0.00397419929504 7.0 1
47 9 0.0037670135498 6.0 1
48 11 0.00436401367188 8.0 1
49 13 0.0051748752594 10.0 1
0 10 0.00400495529175 7.0 1
1 12 0.00499892234802 9.0 1
2 9 0.00345802307129 6.0 1
3 8 0.0031259059906 5.0 1
4 8 0.0030791759491 5.0 1
5 11 0.00432109832764 8.0 1
6 13 0.00521397590637 10.0 1
7 11 0.00438380241394 8.0 1
8 10 0.00397396087646 7.0 1
9 8 0.00302195549011 5.0 1
10 8 0.00303888320923 5.0 1
11 11 0.00437808036804 8.0 1
12 12 0.00482606887817 9.0 1
13 13 0.00512599945068 10.0 1
14 12 0.00475096702576 9.0 1
15 12 0.0047619342804 9.0 1
16 10 0.0038788318634 7.0 1
17 11 0.00436186790466 8.0 1
18 9 0.00347304344177 6.0 1
19 12 0.00477409362793 9.0 1
20 12 0.00477194786072 9.0 1
21 11 0.00432014465332 8.0 1
22 10 0.0038890838623 7.0 1
23 11 0.00438594818115 8.0 1
24 9 0.00343799591064 6.0 1
25 8 0.00302195549011 5.0 1
26 10 0.00396585464478 7.0 1
27 12 0.00472712516785 9.0 1
28 10 0.00388717651367 7.0 1
29 10 0.00393986701965 7.0 1
30 12 0.00472187995911 9.0 1
31 11 0.00431299209595 8.0 1
32 9 0.00341105461121 6.0 1
33 10 0.00396203994751 7.0 1
34 8 0.00377297401428 5.0 1
35 10 0.00384306907654 7.0 1
36 11 0.00430583953857 8.0 1
37 8 0.00303387641907 5.0 1
38 8 0.00307703018188 5.0 1
39 9 0.00347805023193 6.0 1
40 10 0.00403380393982 7.0 1
41 12 0.00468111038208 9.0 1
42 11 0.00428915023804 8.0 1
43 10 0.00399518013 7.0 1
44 12 0.00467014312744 9.0 1
45 11 0.0043568611145 8.0 1
46 10 0.00390100479126 7.0 1
47 10 0.00394010543823 7.0 1
48 12 0.00476121902466 9.0 1
49 11 0.00426316261292 8.0 1
0 12 0.0048451423645 9.0 1
1 9 0.00347685813904 6.0 1
2 8 0.00305199623108 5.0 1
3 11 0.00436806678772 8.0 1
4 8 0.00302195549011 5.0 1
5 11 0.00427198410034 8.0 1
6 12 0.0047709941864 9.0 1
7 12 0.00490713119507 9.0 1
8 11 0.00432300567627 8.0 1
9 8 0.00304794311523 5.0 1
10 10 0.00386214256287 7.0 1
11 10 0.00390815734863 7.0 1
12 8 0.00302720069885 5.0 1
13 11 0.00429081916809 8.0 1
14 12 0.00483393669128 9.0 1
15 12 0.00489687919617 9.0 1
16 12 0.00476408004761 9.0 1
17 11 0.00434398651123 8.0 1
18 10 0.00390100479126 7.0 1
19 8 0.00303792953491 5.0 1
20 10 0.00392603874207 7.0 1
21 9 0.00352001190186 6.0 1
22 13 0.00520896911621 10.0 1
23 8 0.00301909446716 5.0 1
24 10 0.00385093688965 7.0 1
25 11 0.00434303283691 8.0 1
26 12 0.00480484962463 9.0 1
27 10 0.00394892692566 7.0 1
28 12 0.00488090515137 9.0 1
29 9 0.00343108177185 6.0 1
30 8 0.00309801101685 5.0 1
31 13 0.00524187088013 10.0 1
32 11 0.00436401367188 8.0 1
33 8 0.00302720069885 5.0 1
34 12 0.004714012146 9.0 1
35 10 0.00392198562622 7.0 1
36 11 0.00436091423035 8.0 1
37 12 0.00477504730225 9.0 1
38 11 0.00432300567627 8.0 1
39 11 0.00434803962708 8.0 1
40 11 0.00438499450684 8.0 1
41 12 0.00484585762024 9.0 1
42 9 0.00351214408875 6.0 1
43 10 0.00390887260437 7.0 1
44 10 0.00388407707214 7.0 1
45 13 0.00515389442444 10.0 1
46 9 0.00355386734009 6.0 1
47 9 0.00347399711609 6.0 1
48 10 0.0039119720459 7.0 1
49 10 0.00391912460327 7.0 1
0 9 0.00352191925049 6.0 1
1 10 0.00390100479126 7.0 1
2 11 0.00427389144897 8.0 1
3 8 0.00308108329773 5.0 1
4 9 0.00344395637512 6.0 1
5 12 0.00474214553833 9.0 1
6 13 0.00515818595886 10.0 1
7 11 0.00431108474731 8.0 1
8 12 0.00473809242249 9.0 1
9 10 0.00383400917053 7.0 1
10 12 0.0047619342804 9.0 1
11 11 0.00433206558228 8.0 1
12 11 0.00431513786316 8.0 1
13 11 0.00434803962708 8.0 1
14 12 0.00474214553833 9.0 1
15 8 0.00304579734802 5.0 1
16 10 0.00384998321533 7.0 1
17 10 0.00395083427429 7.0 1
18 10 0.00389409065247 7.0 1
19 12 0.00470399856567 9.0 1
20 12 0.00469303131104 9.0 1
21 9 0.00349879264832 6.0 1
22 9 0.00345206260681 6.0 1
23 9 0.00347185134888 6.0 1
24 12 0.00469303131104 9.0 1
25 8 0.00305795669556 5.0 1
26 11 0.00425100326538 8.0 1
27 12 0.00477194786072 9.0 1
28 8 0.0029981136322 5.0 1
29 10 0.00387501716614 7.0 1
30 9 0.00345277786255 6.0 1
31 9 0.00350284576416 6.0 1
32 10 0.00384998321533 7.0 1
33 13 0.00514578819275 10.0 1
34 10 0.00409412384033 7.0 1
35 9 0.00347304344177 6.0 1
36 8 0.00306010246277 5.0 1
37 9 0.00350999832153 6.0 1
38 11 0.00426506996155 8.0 1
39 12 0.00474405288696 9.0 1
40 12 0.00472688674927 9.0 1
41 9 0.00377798080444 6.0 1
42 10 0.00463795661926 7.0 1
43 9 0.00347590446472 6.0 1
44 9 0.00350999832153 6.0 1
45 10 0.00396013259888 7.0 1
46 8 0.00303912162781 5.0 1
47 9 0.00342416763306 6.0 1
48 10 0.00446915626526 7.0 1
49 11 0.00435709953308 8.0 1
0 9 0.00354409217834 6.0 1
1 8 0.00302004814148 5.0 1
2 8 0.00304913520813 5.0 1
3 10 0.00388312339783 7.0 1
4 8 0.0030460357666 5.0 1
5 9 0.00354409217834 6.0 1
6 9 0.0034339427948 6.0 1
7 10 0.00386595726013 7.0 1
8 10 0.00390601158142 7.0 1
9 9 0.00349307060242 6.0 1
10 8 0.00303721427917 5.0 1
11 9 0.00350213050842 6.0 1
12 9 0.00348019599915 6.0 1
13 9 0.00348806381226 6.0 1
14 8 0.00306296348572 5.0 1
15 8 0.00307512283325 5.0 1
16 8 0.00304889678955 5.0 1
17 9 0.00345587730408 6.0 1
18 8 0.00303483009338 5.0 1
19 10 0.00398707389832 7.0 1
20 10 0.00255393981934 7.0 1
21 9 0.00219011306763 6.0 1
22 11 0.00275588035583 8.0 1
23 11 0.00270104408264 8.0 1
24 9 0.00220012664795 6.0 1
25 8 0.00191402435303 5.0 1
26 8 0.00192904472351 5.0 1
27 8 0.00193500518799 5.0 1
28 9 0.00221490859985 6.0 1
29 11 0.00272297859192 8.0 1
30 9 0.00235915184021 6.0 1
31 9 0.00336408615112 6.0 1
32 10 0.00377297401428 7.0 1
33 9 0.00340700149536 6.0 1
34 11 0.00416278839111 8.0 1
35 11 0.00393390655518 8.0 1
36 10 0.00324988365173 7.0 1
37 8 0.00292205810547 5.0 1
38 9 0.00333714485168 6.0 1
39 10 0.00362777709961 7.0 1
40 9 0.00337815284729 6.0 1
41 11 0.00412797927856 8.0 1
42 8 0.00297498703003 5.0 1
43 8 0.00288891792297 5.0 1
44 10 0.0037739276886 7.0 1
45 11 0.0041971206665 8.0 1
46 10 0.0036940574646 7.0 1
47 8 0.00295305252075 5.0 1
48 11 0.00472402572632 8.0 1
49 8 0.00288105010986 5.0 1
0 9 0.00342702865601 6.0 1
1 8 0.00295281410217 5.0 1
2 10 0.00365877151489 7.0 1
3 8 0.00254392623901 5.0 1
4 8 0.00250291824341 5.0 1
5 11 0.00415301322937 8.0 1
6 11 0.00408005714417 8.0 1
7 11 0.0041651725769 8.0 1
8 9 0.00331807136536 6.0 1
9 8 0.00284099578857 5.0 1
10 11 0.00414299964905 8.0 1
11 10 0.00374412536621 7.0 1
12 10 0.00372385978699 7.0 1
13 11 0.00391793251038 8.0 1
14 8 0.00278496742249 5.0 1
15 10 0.00376605987549 7.0 1
16 8 0.00293707847595 5.0 1
17 12 0.00462603569031 9.0 1
18 13 0.00498294830322 10.0 1
19 12 0.00449204444885 9.0 1
20 8 0.00294017791748 5.0 1
21 10 0.003751039505 7.0 1
22 11 0.00406312942505 8.0 1
23 12 0.00457406044006 9.0 1
24 12 0.00455689430237 9.0 1
25 10 0.00365114212036 7.0 1
26 12 0.00431394577026 9.0 1
27 12 0.00457000732422 9.0 1
28 12 0.00457310676575 9.0 1
29 9 0.00329303741455 6.0 1
30 9 0.00334811210632 6.0 1
31 10 0.00374817848206 7.0 1
32 10 0.00372004508972 7.0 1
33 12 0.00504493713379 9.0 1
34 10 0.00367903709412 7.0 1
35 10 0.00373792648315 7.0 1
36 11 0.00406098365784 8.0 1
37 10 0.00355005264282 7.0 1
38 8 0.0028920173645 5.0 1
39 11 0.00366902351379 8.0 1
40 11 0.00371503829956 8.0 1
41 8 0.00296497344971 5.0 1
42 12 0.00445508956909 9.0 1
43 10 0.00362300872803 7.0 1
44 10 0.00367307662964 7.0 1
45 12 0.00457000732422 9.0 1
46 11 0.00424313545227 8.0 1
47 11 0.00403499603271 8.0 1
48 9 0.00313711166382 6.0 1
49 10 0.00374102592468 7.0 1
0 9 0.00340509414673 6.0 1
1 8 0.00295400619507 5.0 1
2 10 0.00376987457275 7.0 1
3 9 0.00327610969543 6.0 1
4 8 0.00294804573059 5.0 1
5 10 0.00377297401428 7.0 1
6 9 0.00328278541565 6.0 1
7 10 0.00372385978699 7.0 1
8 9 0.00332999229431 6.0 1
9 10 0.00356507301331 7.0 1
10 10 0.00303411483765 7.0 1
11 10 0.00345683097839 7.0 1
12 8 0.00324702262878 5.0 1
13 10 0.00355005264282 7.0 1
14 10 0.00287508964539 7.0 1
15 10 0.00371289253235 7.0 1
16 8 0.00292491912842 5.0 1
17 10 0.00373911857605 7.0 1
18 9 0.00334787368774 6.0 1
19 10 0.00379180908203 7.0 1
20 11 0.00414514541626 8.0 1
21 9 0.00330901145935 6.0 1
22 9 0.00350713729858 6.0 1
23 10 0.00376892089844 7.0 1
24 9 0.00328779220581 6.0 1
25 10 0.00368690490723 7.0 1
26 9 0.00333213806152 6.0 1
27 10 0.00375986099243 7.0 1
28 11 0.00412201881409 8.0 1
29 8 0.00294494628906 5.0 1
30 11 0.00411319732666 8.0 1
31 9 0.00327110290527 6.0 1
32 8 0.00292801856995 5.0 1
33 9 0.00328016281128 6.0 1
34 10 0.00347113609314 7.0 1
35 9 0.00309705734253 6.0 1
36 9 0.00304412841797 6.0 1
37 11 0.00381708145142 8.0 1
38 10 0.00339412689209 7.0 1
39 9 0.0027539730072 6.0 1
40 9 0.00305008888245 6.0 1
41 10 0.00381183624268 7.0 1
42 8 0.00294995307922 5.0 1
43 8 0.00294494628906 5.0 1
44 10 0.00342297554016 7.0 1
45 9 0.00320601463318 6.0 1
46 10 0.00369691848755 7.0 1
47 8 0.00294804573059 5.0 1
48 11 0.00404810905457 8.0 1
49 8 0.00236916542053 5.0 1
0 12 0.00373482704163 9.0 1
1 10 0.00234293937683 7.0 1
2 11 0.00255393981934 8.0 1
3 12 0.00305414199829 9.0 1
4 11 0.00256085395813 8.0 1
5 10 0.00230813026428 7.0 1
6 11 0.00255393981934 8.0 1
7 9 0.00206589698792 6.0 1
8 12 0.00283312797546 9.0 1
9 12 0.00284385681152 9.0 1
10 8 0.00182390213013 5.0 1
11 10 0.00233292579651 7.0 1
12 12 0.00309300422668 9.0 1
13 11 0.00257015228271 8.0 1
14 12 0.00311398506165 9.0 1
15 11 0.00429701805115 8.0 1
16 8 0.00283098220825 5.0 1
17 10 0.00439405441284 7.0 1
18 12 0.00478196144104 9.0 1
19 10 0.0046181678772 7.0 1
20 12 0.00497102737427 9.0 1
21 12 0.00471806526184 9.0 1
22 11 0.00433993339539 8.0 1
23 11 0.00436592102051 8.0 1
24 10 0.00379991531372 7.0 1
25 12 0.00456690788269 9.0 1
26 10 0.00382399559021 7.0 1
27 13 0.00513887405396 10.0 1
28 12 0.00470900535583 9.0 1
29 10 0.00391387939453 7.0 1
30 9 0.00340795516968 6.0 1
31 9 0.00331997871399 6.0 1
32 8 0.00295305252075 5.0 1
33 11 0.00425100326538 8.0 1
34 12 0.00477290153503 9.0 1
35 10 0.00390410423279 7.0 1
36 12 0.00475883483887 9.0 1
37 10 0.00390005111694 7.0 1
38 12 0.00468707084656 9.0 1
39 9 0.00350093841553 6.0 1
40 11 0.0043580532074 8.0 1
41 10 0.00394892692566 7.0 1
42 9 0.00341987609863 6.0 1
43 11 0.00411200523376 8.0 1
44 12 0.00472688674927 9.0 1
45 12 0.00475001335144 9.0 1
46 10 0.0039050579071 7.0 1
47 11 0.00419592857361 8.0 1
48 8 0.00289797782898 5.0 1
49 10 0.00369000434875 7.0 1
