trial, number of steps, runtime, accumulated reward, termination
0 145 0.0697319507599 142.0 1
1 76 0.0352940559387 73.0 1
2 100 0.0405120849609 97.0 1
3 12 0.00473880767822 9.0 1
4 114 0.0499751567841 111.0 1
5 13 0.00544190406799 10.0 1
6 8 0.00318002700806 5.0 1
7 2360 1.0951359272 2357.0 1
8 10 0.00450396537781 7.0 1
9 24 0.0135490894318 21.0 1
10 5000 2.86834406853 4999.0 0
11 5000 3.25098395348 4999.0 0
12 17 0.00995898246765 14.0 1
13 27 0.0162048339844 24.0 1
14 41 0.0252439975739 38.0 1
15 10 0.0057418346405 7.0 1
16 13 0.00756311416626 10.0 1
17 66 0.0404660701752 63.0 1
18 11 0.00636196136475 8.0 1
19 11 0.0063009262085 8.0 1
20 11 0.00630521774292 8.0 1
21 8 0.0045690536499 5.0 1
22 9 0.00512909889221 6.0 1
23 10 0.00573086738586 7.0 1
24 9 0.00515294075012 6.0 1
25 87 0.0539009571075 84.0 1
26 204 0.126077890396 201.0 1
27 8 0.0045747756958 5.0 1
28 5000 2.63358902931 4999.0 0
29 28 0.0158982276917 25.0 1
30 9 0.00498604774475 6.0 1
31 26 0.0151109695435 23.0 1
32 15 0.00841188430786 12.0 1
33 229 0.134151220322 226.0 1
34 9 0.00486302375793 6.0 1
35 165 0.0954210758209 162.0 1
36 149 0.0728740692139 146.0 1
37 10 0.0053699016571 7.0 1
38 9 0.0048770904541 6.0 1
39 490 0.285278081894 487.0 1
40 142 0.0823268890381 139.0 1
41 158 0.0786008834839 155.0 1
42 174 0.0943188667297 171.0 1
43 9 0.00469279289246 6.0 1
44 5000 2.93782997131 4999.0 0
45 311 0.183434009552 308.0 1
46 10 0.00540804862976 7.0 1
47 55 0.031543970108 52.0 1
48 14 0.00763702392578 11.0 1
49 10 0.00539207458496 7.0 1
0 181 0.101707220078 178.0 1
1 617 0.345545053482 614.0 1
2 10 0.00528502464294 7.0 1
3 12 0.00644302368164 9.0 1
4 8 0.004154920578 5.0 1
5 9 0.00478601455688 6.0 1
6 12 0.00644493103027 9.0 1
7 9 0.00484704971313 6.0 1
8 11 0.00591397285461 8.0 1
9 19 0.0104289054871 16.0 1
10 12 0.00659894943237 9.0 1
11 10 0.00537705421448 7.0 1
12 18 0.00994610786438 15.0 1
13 8 0.00422286987305 5.0 1
14 9 0.00479483604431 6.0 1
15 18 0.00991487503052 15.0 1
16 10 0.00533485412598 7.0 1
17 38 0.020966053009 35.0 1
18 32 0.0179259777069 29.0 1
19 12 0.00630211830139 9.0 1
20 43 0.0243718624115 40.0 1
21 36 0.020045042038 33.0 1
22 10 0.00529098510742 7.0 1
23 10 0.00520896911621 7.0 1
24 8 0.00416898727417 5.0 1
25 9 0.00479578971863 6.0 1
26 9 0.0047869682312 6.0 1
27 8 0.00396203994751 5.0 1
28 28 0.015291929245 25.0 1
29 10 0.00548100471497 7.0 1
30 12 0.00657200813293 9.0 1
31 10 0.00539612770081 7.0 1
32 14 0.00765490531921 11.0 1
33 92 0.0486450195312 89.0 1
34 10 0.00390982627869 7.0 1
35 135 0.0766479969025 132.0 1
36 11 0.0061149597168 8.0 1
37 21 0.0121538639069 18.0 1
38 49 0.0285329818726 46.0 1
39 9 0.00479006767273 6.0 1
40 8 0.00428915023804 5.0 1
41 21 0.0121140480042 18.0 1
42 10 0.00556707382202 7.0 1
43 182 0.108377933502 179.0 1
44 30 0.0174999237061 27.0 1
45 21 0.0113379955292 18.0 1
46 23 0.0120158195496 20.0 1
47 9 0.00444507598877 6.0 1
48 38 0.0204100608826 35.0 1
49 9 0.00461792945862 6.0 1
0 500 0.27670788765 497.0 1
1 15 0.00806403160095 12.0 1
2 9 0.00455498695374 6.0 1
3 8 0.00383186340332 5.0 1
4 9 0.00448083877563 6.0 1
5 29 0.0153818130493 26.0 1
6 10 0.00510001182556 7.0 1
7 10 0.00507378578186 7.0 1
8 129 0.0659129619598 126.0 1
9 734 0.425930023193 731.0 1
10 167 0.096846818924 164.0 1
11 145 0.0817852020264 142.0 1
12 16 0.00851202011108 13.0 1
13 9 0.00474190711975 6.0 1
14 9 0.0049159526825 6.0 1
15 9 0.00464105606079 6.0 1
16 30 0.0161199569702 27.0 1
17 125 0.056391954422 122.0 1
18 38 0.0192029476166 35.0 1
19 10 0.00522208213806 7.0 1
20 93 0.0515329837799 90.0 1
21 9 0.00444602966309 6.0 1
22 105 0.0566320419312 102.0 1
23 66 0.0368518829346 63.0 1
24 8 0.00414991378784 5.0 1
25 17 0.0093240737915 14.0 1
26 72 0.0399630069733 69.0 1
27 10 0.00521516799927 7.0 1
28 10 0.00535798072815 7.0 1
29 10 0.00516414642334 7.0 1
30 72 0.0395491123199 69.0 1
31 24 0.0131709575653 21.0 1
32 8 0.00413823127747 5.0 1
33 14 0.00753903388977 11.0 1
34 9 0.00429701805115 6.0 1
35 9 0.00348711013794 6.0 1
36 60 0.0244789123535 57.0 1
37 9 0.00343894958496 6.0 1
38 10 0.0038800239563 7.0 1
39 64 0.0355451107025 61.0 1
40 68 0.0381951332092 65.0 1
41 10 0.00528287887573 7.0 1
42 70 0.0393309593201 67.0 1
43 9 0.00467205047607 6.0 1
44 8 0.00402498245239 5.0 1
45 8 0.00393891334534 5.0 1
46 60 0.0336058139801 57.0 1
47 9 0.00474119186401 6.0 1
48 69 0.0387308597565 66.0 1
49 64 0.0355160236359 61.0 1
0 109 0.0617549419403 106.0 1
1 33 0.0144062042236 30.0 1
2 30 0.0119998455048 27.0 1
3 11 0.0042290687561 8.0 1
4 13 0.00501585006714 10.0 1
5 11 0.00419902801514 8.0 1
6 12 0.00615215301514 9.0 1
7 193 0.106701850891 190.0 1
8 39 0.0207109451294 36.0 1
9 13 0.00659799575806 10.0 1
10 535 0.279705047607 532.0 1
11 599 0.316215991974 596.0 1
12 296 0.157789945602 293.0 1
13 11 0.00537896156311 8.0 1
14 26 0.0124480724335 23.0 1
15 31 0.0149159431458 28.0 1
16 19 0.00882697105408 16.0 1
17 1872 0.988451004028 1869.0 1
18 175 0.0953719615936 172.0 1
19 26 0.0138840675354 23.0 1
20 207 0.0993649959564 204.0 1
21 10 0.00494289398193 7.0 1
22 25 0.0133581161499 22.0 1
23 9 0.00451183319092 6.0 1
24 20 0.0106480121613 17.0 1
25 9 0.00452995300293 6.0 1
26 153 0.0846190452576 150.0 1
27 15 0.00773310661316 12.0 1
28 129 0.071053981781 126.0 1
29 204 0.105037927628 201.0 1
30 29 0.0116090774536 26.0 1
31 14 0.00663304328918 11.0 1
32 17 0.00736808776855 14.0 1
33 9 0.00464701652527 6.0 1
34 9 0.00457215309143 6.0 1
35 9 0.00455808639526 6.0 1
36 16 0.00829792022705 13.0 1
37 17 0.00915598869324 14.0 1
38 15 0.00785207748413 12.0 1
39 15 0.00793194770813 12.0 1
40 10 0.00511312484741 7.0 1
41 67 0.0363161563873 64.0 1
42 9 0.00465798377991 6.0 1
43 15 0.0080349445343 12.0 1
44 9 0.00440907478333 6.0 1
45 10 0.00509715080261 7.0 1
46 67 0.0364210605621 64.0 1
47 10 0.00523591041565 7.0 1
48 9 0.00485396385193 6.0 1
49 64 0.0351939201355 61.0 1
0 446 0.23307800293 443.0 1
1 8 0.0038628578186 5.0 1
2 9 0.00434517860413 6.0 1
3 9 0.00449895858765 6.0 1
4 9 0.00458884239197 6.0 1
5 9 0.00456213951111 6.0 1
6 9 0.00446510314941 6.0 1
7 10 0.00505495071411 7.0 1
8 9 0.00437498092651 6.0 1
9 9 0.00462508201599 6.0 1
10 10 0.00495314598083 7.0 1
11 9 0.00453090667725 6.0 1
12 8 0.00385904312134 5.0 1
13 9 0.00449085235596 6.0 1
14 12 0.00610709190369 9.0 1
15 10 0.00512003898621 7.0 1
16 10 0.0050220489502 7.0 1
17 10 0.00525403022766 7.0 1
18 8 0.00422596931458 5.0 1
19 11 0.00541591644287 8.0 1
20 8 0.00395512580872 5.0 1
21 10 0.00506114959717 7.0 1
22 18 0.00955486297607 15.0 1
23 8 0.00408387184143 5.0 1
24 8 0.0042290687561 5.0 1
25 8 0.0041720867157 5.0 1
26 10 0.0049889087677 7.0 1
27 17 0.00867390632629 14.0 1
28 9 0.00443196296692 6.0 1
29 13 0.00689601898193 10.0 1
30 12 0.00654101371765 9.0 1
31 10 0.00531911849976 7.0 1
32 10 0.00524592399597 7.0 1
33 8 0.00424408912659 5.0 1
34 10 0.00547194480896 7.0 1
35 8 0.00418305397034 5.0 1
36 10 0.00540685653687 7.0 1
37 9 0.00479316711426 6.0 1
38 8 0.00409698486328 5.0 1
39 9 0.00458693504333 6.0 1
40 9 0.004714012146 6.0 1
41 10 0.00504899024963 7.0 1
42 9 0.00474119186401 6.0 1
43 8 0.0037100315094 5.0 1
44 11 0.00431990623474 8.0 1
45 9 0.00351810455322 6.0 1
46 8 0.00295209884644 5.0 1
47 9 0.00336694717407 6.0 1
48 15 0.00579309463501 12.0 1
49 9 0.00339007377625 6.0 1
0 561 0.303483963013 558.0 1
1 26 0.0144309997559 23.0 1
2 13 0.00657916069031 10.0 1
3 11 0.00429606437683 8.0 1
4 22 0.0085301399231 19.0 1
5 93 0.0513918399811 90.0 1
6 64 0.0346179008484 61.0 1
7 33 0.0175030231476 30.0 1
8 14 0.00731587409973 11.0 1
9 17 0.00882387161255 14.0 1
10 183 0.0968821048737 180.0 1
11 27 0.0140941143036 24.0 1
12 21 0.0112609863281 18.0 1
13 39 0.0211899280548 36.0 1
14 23 0.0116782188416 20.0 1
15 74 0.0400140285492 71.0 1
16 87 0.0430109500885 84.0 1
17 74 0.039293050766 71.0 1
18 88 0.0476579666138 85.0 1
19 141 0.0756590366364 138.0 1
20 104 0.0565779209137 101.0 1
21 90 0.0507750511169 87.0 1
22 104 0.056923866272 101.0 1
23 108 0.0557899475098 105.0 1
24 117 0.0631561279297 114.0 1
25 115 0.0627310276031 112.0 1
26 110 0.0596768856049 107.0 1
27 102 0.0576050281525 99.0 1
28 889 0.487004995346 886.0 1
29 5000 2.67398500443 4999.0 0
30 369 0.198767900467 366.0 1
31 10 0.00498819351196 7.0 1
32 9 0.00433611869812 6.0 1
33 16 0.00825309753418 13.0 1
34 9 0.00450396537781 6.0 1
35 136 0.0707809925079 133.0 1
36 8 0.00382781028748 5.0 1
37 4851 2.46663093567 4848.0 1
38 12 0.00646877288818 9.0 1
39 117 0.0643870830536 114.0 1
40 5000 2.67527389526 4999.0 0
41 14 0.00702905654907 11.0 1
42 91 0.0514080524445 88.0 1
43 624 0.35898399353 621.0 1
44 30 0.0172591209412 27.0 1
45 463 0.272743940353 460.0 1
46 5000 2.81424999237 4999.0 0
47 5000 2.89197492599 4999.0 0
48 15 0.00794291496277 12.0 1
49 9 0.00488901138306 6.0 1
0 249 0.122149944305 246.0 1
1 12 0.00571513175964 9.0 1
2 736 0.402922868729 733.0 1
3 12 0.00633716583252 9.0 1
4 15 0.00818300247192 12.0 1
5 15 0.00799012184143 12.0 1
6 12 0.00634503364563 9.0 1
7 9 0.00483989715576 6.0 1
8 11 0.00570392608643 8.0 1
9 106 0.0445120334625 103.0 1
10 13 0.00714302062988 10.0 1
11 9 0.00467300415039 6.0 1
12 9 0.00456595420837 6.0 1
13 45 0.0259790420532 42.0 1
14 20 0.0112419128418 17.0 1
15 10 0.00553107261658 7.0 1
16 10 0.00553798675537 7.0 1
17 24 0.0135459899902 21.0 1
18 17 0.00893902778625 14.0 1
19 10 0.00516200065613 7.0 1
20 9 0.00458812713623 6.0 1
21 9 0.00484299659729 6.0 1
22 9 0.0044960975647 6.0 1
23 14 0.00727701187134 11.0 1
24 16 0.00862908363342 13.0 1
25 17 0.00904893875122 14.0 1
26 15 0.0080578327179 12.0 1
27 13 0.0067880153656 10.0 1
28 9 0.00455808639526 6.0 1
29 15 0.00775480270386 12.0 1
30 9 0.00464701652527 6.0 1
31 8 0.00409293174744 5.0 1
32 13 0.00686192512512 10.0 1
33 10 0.00523900985718 7.0 1
34 15 0.00800395011902 12.0 1
35 10 0.00520610809326 7.0 1
36 10 0.00529098510742 7.0 1
37 8 0.00401496887207 5.0 1
38 8 0.0041401386261 5.0 1
39 14 0.00733113288879 11.0 1
40 10 0.00500297546387 7.0 1
41 11 0.00567698478699 8.0 1
42 13 0.00664496421814 10.0 1
43 9 0.00446200370789 6.0 1
44 9 0.00441002845764 6.0 1
45 14 0.00754594802856 11.0 1
46 10 0.0054030418396 7.0 1
47 9 0.00466203689575 6.0 1
48 10 0.00516486167908 7.0 1
49 13 0.00692200660706 10.0 1
0 90 0.0518841743469 87.0 1
1 40 0.0224421024323 37.0 1
2 72 0.0419220924377 69.0 1
3 211 0.105654001236 208.0 1
4 1204 0.673850059509 1201.0 1
5 21 0.0116319656372 18.0 1
6 10 0.0053699016571 7.0 1
7 11 0.00585794448853 8.0 1
8 42 0.0236837863922 39.0 1
9 13 0.00704407691956 10.0 1
10 27 0.0151720046997 24.0 1
11 11 0.0059220790863 8.0 1
12 17 0.00928401947021 14.0 1
13 9 0.00466704368591 6.0 1
14 16 0.00897884368896 13.0 1
15 22 0.0123119354248 19.0 1
16 9 0.0048520565033 6.0 1
17 9 0.00478196144104 6.0 1
18 16 0.00871706008911 13.0 1
19 10 0.00544810295105 7.0 1
20 10 0.005047082901 7.0 1
21 10 0.00505185127258 7.0 1
22 9 0.00447297096252 6.0 1
23 15 0.00799489021301 12.0 1
24 9 0.00484895706177 6.0 1
25 14 0.00779104232788 11.0 1
26 13 0.00694990158081 10.0 1
27 10 0.00524210929871 7.0 1
28 8 0.00407886505127 5.0 1
29 13 0.00710105895996 10.0 1
30 13 0.00687384605408 10.0 1
31 9 0.00467681884766 6.0 1
32 13 0.00709700584412 10.0 1
33 10 0.00529718399048 7.0 1
34 11 0.00587916374207 8.0 1
35 10 0.00535583496094 7.0 1
36 10 0.00526809692383 7.0 1
37 13 0.00681591033936 10.0 1
38 13 0.00707006454468 10.0 1
39 9 0.00469779968262 6.0 1
40 11 0.00592589378357 8.0 1
41 10 0.00526404380798 7.0 1
42 13 0.00665688514709 10.0 1
43 8 0.00299000740051 5.0 1
44 11 0.00425004959106 8.0 1
45 8 0.00297999382019 5.0 1
46 11 0.00421714782715 8.0 1
47 9 0.00336694717407 6.0 1
48 13 0.0050060749054 10.0 1
49 11 0.00412702560425 8.0 1
0 106 0.0583620071411 103.0 1
1 77 0.0441930294037 74.0 1
2 131 0.074784040451 128.0 1
3 86 0.0494601726532 83.0 1
4 2401 1.34697389603 2398.0 1
5 24 0.0136659145355 21.0 1
6 2445 1.37482595444 2442.0 1
7 10 0.00564098358154 7.0 1
8 10 0.00561809539795 7.0 1
9 5000 2.9253680706 4999.0 0
10 15 0.00846385955811 12.0 1
11 11 0.00434994697571 8.0 1
12 12 0.00553703308105 9.0 1
13 27 0.0155560970306 24.0 1
14 16 0.00888299942017 13.0 1
15 8 0.00437903404236 5.0 1
16 10 0.00544500350952 7.0 1
17 9 0.0050630569458 6.0 1
18 128 0.0756371021271 125.0 1
19 160 0.0936639308929 157.0 1
20 98 0.0575699806213 95.0 1
21 94 0.05499792099 91.0 1
22 15 0.00800704956055 12.0 1
23 11 0.00606107711792 8.0 1
24 81 0.0468971729279 78.0 1
25 410 0.24013710022 407.0 1
26 15 0.00805592536926 12.0 1
27 168 0.098179101944 165.0 1
28 126 0.0751690864563 123.0 1
29 9 0.00493311882019 6.0 1
30 140 0.0833168029785 137.0 1
31 122 0.0708141326904 119.0 1
32 110 0.0524070262909 107.0 1
33 11 0.00586009025574 8.0 1
34 144 0.0831940174103 141.0 1
35 110 0.0646970272064 107.0 1
36 17 0.00954794883728 14.0 1
37 8 0.00419807434082 5.0 1
38 10 0.00545907020569 7.0 1
39 9 0.00486588478088 6.0 1
40 8 0.00434613227844 5.0 1
41 130 0.0773599147797 127.0 1
42 9 0.00486588478088 6.0 1
43 9 0.00497198104858 6.0 1
44 21 0.0122599601746 18.0 1
45 8 0.00424480438232 5.0 1
46 110 0.0643057823181 107.0 1
47 109 0.0645990371704 106.0 1
48 9 0.00497221946716 6.0 1
49 91 0.0479538440704 88.0 1
0 141 0.081640958786 138.0 1
1 56 0.0324258804321 53.0 1
2 15 0.00860095024109 12.0 1
3 8 0.00430083274841 5.0 1
4 73 0.0428440570831 70.0 1
5 13 0.00733494758606 10.0 1
6 78 0.0456800460815 75.0 1
7 8 0.00429606437683 5.0 1
8 12 0.00664401054382 9.0 1
9 17 0.00973010063171 14.0 1
10 9 0.00487017631531 6.0 1
11 33 0.0190830230713 30.0 1
12 35 0.0202388763428 32.0 1
13 79 0.0462219715118 76.0 1
14 9 0.00478506088257 6.0 1
15 30 0.0175499916077 27.0 1
16 10 0.00542211532593 7.0 1
17 9 0.00518918037415 6.0 1
18 11 0.00622797012329 8.0 1
19 19 0.0110070705414 16.0 1
20 11 0.00615382194519 8.0 1
21 9 0.00502800941467 6.0 1
22 52 0.0308840274811 49.0 1
23 151 0.0828170776367 148.0 1
24 187 0.110003948212 184.0 1
25 33 0.0190770626068 30.0 1
26 13 0.00707316398621 10.0 1
27 11 0.00610017776489 8.0 1
28 10 0.00527000427246 7.0 1
29 12 0.00652503967285 9.0 1
30 12 0.00656509399414 9.0 1
31 23 0.0126399993896 20.0 1
32 22 0.0121529102325 19.0 1
33 23 0.0128989219666 20.0 1
34 8 0.00410509109497 5.0 1
35 10 0.00516700744629 7.0 1
36 15 0.00805187225342 12.0 1
37 12 0.00636100769043 9.0 1
38 15 0.00833797454834 12.0 1
39 24 0.0134508609772 21.0 1
40 8 0.00411510467529 5.0 1
41 16 0.00870585441589 13.0 1
42 11 0.00583505630493 8.0 1
43 16 0.00922083854675 13.0 1
44 10 0.00525808334351 7.0 1
45 16 0.00860404968262 13.0 1
46 11 0.00590205192566 8.0 1
47 36 0.0203630924225 33.0 1
48 10 0.0054349899292 7.0 1
49 34 0.0188720226288 31.0 1
