trial, number of steps, runtime, accumulated reward, termination
0 560 0.277036905289 -558.0 1
1 1431 0.687507867813 -1429.0 1
2 1108 0.59748506546 -1106.0 1
3 1223 0.684528112411 -1221.0 1
4 579 0.329452037811 -577.0 1
5 5000 3.00975084305 -4999.0 0
6 1619 0.968691110611 -1617.0 1
7 1538 0.937379837036 -1536.0 1
8 806 0.496968984604 -804.0 1
9 651 0.390081167221 -649.0 1
10 1338 0.835069894791 -1336.0 1
11 527 0.336079835892 -525.0 1
12 1269 0.823344945908 -1267.0 1
13 5000 3.2201128006 -4999.0 0
14 839 0.547235012054 -837.0 1
15 1364 0.876716136932 -1362.0 1
16 565 0.35560297966 -563.0 1
17 896 0.549262046814 -894.0 1
18 1049 0.661601066589 -1047.0 1
19 1484 0.916625976562 -1482.0 1
20 1389 0.891019105911 -1387.0 1
21 909 0.600888967514 -907.0 1
22 780 0.516053915024 -778.0 1
23 3512 2.05348491669 -3510.0 1
24 1036 0.568562030792 -1034.0 1
25 1663 0.923990011215 -1661.0 1
26 845 0.499147891998 -843.0 1
27 836 0.524657011032 -834.0 1
28 2554 1.57718682289 -2552.0 1
29 2266 1.31280899048 -2264.0 1
30 1416 0.800072908401 -1414.0 1
31 2759 1.68836283684 -2757.0 1
32 1389 0.847681045532 -1387.0 1
33 2504 1.44754195213 -2502.0 1
34 1354 0.726077079773 -1352.0 1
35 2496 1.51081895828 -2494.0 1
36 1266 0.772728204727 -1264.0 1
37 1546 0.929352998734 -1544.0 1
38 1897 1.13294482231 -1895.0 1
39 1319 0.796224832535 -1317.0 1
40 2958 1.80754995346 -2956.0 1
41 892 0.531847000122 -890.0 1
42 1260 0.740525007248 -1258.0 1
43 679 0.397672176361 -677.0 1
44 1126 0.610540151596 -1124.0 1
45 603 0.382716178894 -601.0 1
46 3534 2.18019890785 -3532.0 1
47 2399 1.31001591682 -2397.0 1
48 1394 0.742300033569 -1392.0 1
49 1053 0.59617805481 -1051.0 1
0 2257 1.36685395241 -2255.0 1
1 2334 1.42775797844 -2332.0 1
2 357 0.219297885895 -355.0 1
3 2994 1.89470005035 -2992.0 1
4 1284 0.918797969818 -1282.0 1
5 569 0.431267976761 -567.0 1
6 1095 0.881088972092 -1093.0 1
7 414 0.336494922638 -412.0 1
8 315 0.250282049179 -313.0 1
9 422 0.337839126587 -420.0 1
10 371 0.295701026917 -369.0 1
11 1850 1.50199794769 -1848.0 1
12 1354 1.13569903374 -1352.0 1
13 2165 1.1033911705 -2163.0 1
14 636 0.325780153275 -634.0 1
15 976 0.502312898636 -974.0 1
16 1147 0.716446876526 -1145.0 1
17 1274 0.834815979004 -1272.0 1
18 1216 0.804724931717 -1214.0 1
19 3021 1.93623495102 -3019.0 1
20 1257 0.787420988083 -1255.0 1
21 837 0.542368173599 -835.0 1
22 2545 1.43809819221 -2543.0 1
23 2198 1.24740386009 -2196.0 1
24 1969 1.13537788391 -1967.0 1
25 1249 0.693224191666 -1247.0 1
26 2564 1.58106088638 -2562.0 1
27 372 0.233073949814 -370.0 1
28 2951 1.87993216515 -2949.0 1
29 1687 1.08338499069 -1685.0 1
30 3061 1.95696806908 -3059.0 1
31 1887 1.17940306664 -1885.0 1
32 663 0.40527510643 -661.0 1
33 3309 2.0239470005 -3307.0 1
34 1458 0.885565042496 -1456.0 1
35 4083 2.4868710041 -4081.0 1
36 1052 0.625877141953 -1050.0 1
37 2093 1.26987981796 -2091.0 1
38 5000 3.07713508606 -4999.0 0
39 3869 2.37917304039 -3867.0 1
40 2616 1.57893896103 -2614.0 1
41 762 0.454607963562 -760.0 1
42 2484 1.49927711487 -2482.0 1
43 1428 0.859714031219 -1426.0 1
44 693 0.437654972076 -691.0 1
45 5000 3.02834320068 -4999.0 0
46 2721 1.57027983665 -2719.0 1
47 1100 0.651715040207 -1098.0 1
48 917 0.54897403717 -915.0 1
49 1172 0.677104949951 -1170.0 1
0 1727 1.00046515465 -1725.0 1
1 1070 0.606057167053 -1068.0 1
2 1054 0.577111959457 -1052.0 1
3 1180 0.671674966812 -1178.0 1
4 343 0.194437980652 -341.0 1
5 758 0.432870864868 -756.0 1
6 5000 2.90338802338 -4999.0 0
7 5000 2.85132718086 -4999.0 0
8 5000 3.4153649807 -4999.0 0
9 5000 3.34695696831 -4999.0 0
10 5000 2.89116191864 -4999.0 0
11 5000 3.1403400898 -4999.0 0
12 5000 3.23968315125 -4999.0 0
13 5000 3.46783685684 -4999.0 0
14 5000 3.89836120605 -4999.0 0
15 5000 4.18003582954 -4999.0 0
16 5000 3.58625197411 -4999.0 0
17 5000 3.09361791611 -4999.0 0
18 5000 2.66119194031 -4999.0 0
19 5000 2.46301198006 -4999.0 0
20 5000 2.60184621811 -4999.0 0
21 5000 2.44281291962 -4999.0 0
22 5000 2.41180801392 -4999.0 0
23 5000 2.45021080971 -4999.0 0
24 5000 2.6119158268 -4999.0 0
25 5000 2.61937999725 -4999.0 0
26 5000 2.46260285378 -4999.0 0
27 5000 2.65970802307 -4999.0 0
28 5000 3.0194568634 -4999.0 0
29 5000 3.23076701164 -4999.0 0
30 5000 3.24496293068 -4999.0 0
31 5000 3.04727506638 -4999.0 0
32 5000 2.98476886749 -4999.0 0
33 5000 2.99131393433 -4999.0 0
34 5000 3.00640010834 -4999.0 0
35 5000 3.2797999382 -4999.0 0
36 5000 3.27956390381 -4999.0 0
37 5000 3.07779693604 -4999.0 0
38 5000 3.11334204674 -4999.0 0
39 5000 2.93143081665 -4999.0 0
40 5000 3.15480208397 -4999.0 0
41 5000 3.14770698547 -4999.0 0
42 5000 3.2715280056 -4999.0 0
43 5000 3.3804500103 -4999.0 0
44 5000 3.31125688553 -4999.0 0
45 5000 3.39648199081 -4999.0 0
46 5000 3.2710878849 -4999.0 0
47 5000 3.57777690887 -4999.0 0
48 5000 3.15219688416 -4999.0 0
49 5000 3.21339488029 -4999.0 0
0 1551 1.03050112724 -1549.0 1
1 669 0.471508979797 -667.0 1
2 2531 1.84500384331 -2529.0 1
3 1655 1.15342187881 -1653.0 1
4 924 0.577543020248 -922.0 1
5 1070 0.679560899734 -1068.0 1
6 1355 0.879726171494 -1353.0 1
7 474 0.311150789261 -472.0 1
8 448 0.291260004044 -446.0 1
9 438 0.281847000122 -436.0 1
10 513 0.326643943787 -511.0 1
11 939 0.623239994049 -937.0 1
12 489 0.32425904274 -487.0 1
13 889 0.589994907379 -887.0 1
14 762 0.500956058502 -760.0 1
15 611 0.403168916702 -609.0 1
16 424 0.279487848282 -422.0 1
17 335 0.22021985054 -333.0 1
18 456 0.295969963074 -454.0 1
19 5000 3.31192588806 -4999.0 0
20 358 0.237955093384 -356.0 1
21 447 0.295668840408 -445.0 1
22 2708 1.79960298538 -2706.0 1
23 537 0.34334397316 -535.0 1
24 265 0.166193962097 -263.0 1
25 815 0.514329195023 -813.0 1
26 434 0.321755886078 -432.0 1
27 439 0.368957996368 -437.0 1
28 444 0.37030506134 -442.0 1
29 465 0.381669998169 -463.0 1
30 427 0.348834037781 -425.0 1
31 373 0.29974603653 -371.0 1
32 538 0.452051877975 -536.0 1
33 971 0.831005096436 -969.0 1
34 5000 2.95512390137 -4999.0 0
35 5000 2.83227801323 -4999.0 0
36 1205 0.67354798317 -1203.0 1
37 769 0.408877134323 -767.0 1
38 404 0.213584899902 -402.0 1
39 5000 3.15966415405 -4999.0 0
40 456 0.298685073853 -454.0 1
41 1205 0.781726121902 -1203.0 1
42 546 0.349719047546 -544.0 1
43 4014 2.5588490963 -4012.0 1
44 3770 2.34674406052 -3768.0 1
45 327 0.177744150162 -325.0 1
46 370 0.205436944962 -368.0 1
47 3174 1.81730008125 -3172.0 1
48 5000 2.96180486679 -4999.0 0
49 5000 3.02810621262 -4999.0 0
0 1188 0.727515935898 -1186.0 1
1 412 0.256551027298 -410.0 1
2 1819 1.12135887146 -1817.0 1
3 1606 0.996368169785 -1604.0 1
4 2189 1.25180602074 -2187.0 1
5 5000 2.99410104752 -4999.0 0
6 5000 3.41201496124 -4999.0 0
7 5000 3.01253986359 -4999.0 0
8 5000 3.03822302818 -4999.0 0
9 5000 3.17193984985 -4999.0 0
10 5000 3.13935089111 -4999.0 0
11 5000 3.13629817963 -4999.0 0
12 5000 3.12131500244 -4999.0 0
13 5000 3.20871400833 -4999.0 0
14 5000 3.0554189682 -4999.0 0
15 5000 3.04083490372 -4999.0 0
16 5000 3.13245415688 -4999.0 0
17 5000 3.14207911491 -4999.0 0
18 5000 3.14867806435 -4999.0 0
19 5000 3.08682799339 -4999.0 0
20 5000 3.0434858799 -4999.0 0
21 5000 3.12095403671 -4999.0 0
22 5000 3.02185082436 -4999.0 0
23 5000 2.98450088501 -4999.0 0
24 5000 2.66695809364 -4999.0 0
25 5000 3.26031494141 -4999.0 0
26 5000 3.08472204208 -4999.0 0
27 5000 3.12447595596 -4999.0 0
28 5000 3.28712177277 -4999.0 0
29 5000 3.31544303894 -4999.0 0
30 5000 3.39332103729 -4999.0 0
31 5000 3.38689804077 -4999.0 0
32 5000 3.34188985825 -4999.0 0
33 5000 3.34513092041 -4999.0 0
34 5000 3.2821791172 -4999.0 0
35 5000 3.33655190468 -4999.0 0
36 5000 3.40991902351 -4999.0 0
37 5000 3.31824207306 -4999.0 0
38 5000 3.59767603874 -4999.0 0
39 5000 3.43017792702 -4999.0 0
40 5000 3.42620515823 -4999.0 0
41 5000 3.56625199318 -4999.0 0
42 5000 3.3434112072 -4999.0 0
43 5000 3.14959692955 -4999.0 0
44 5000 3.46861600876 -4999.0 0
45 5000 3.70695495605 -4999.0 0
46 5000 3.6828918457 -4999.0 0
47 5000 3.72793793678 -4999.0 0
48 5000 3.73456597328 -4999.0 0
49 5000 3.84406399727 -4999.0 0
0 1439 1.054033041 -1437.0 1
1 2016 1.4751701355 -2014.0 1
2 2947 2.15746092796 -2945.0 1
3 689 0.497910022736 -687.0 1
4 340 0.24630188942 -338.0 1
5 1268 0.932492017746 -1266.0 1
6 317 0.231797933578 -315.0 1
7 1783 1.30776309967 -1781.0 1
8 605 0.454272985458 -603.0 1
9 622 0.462613105774 -620.0 1
10 641 0.468496084213 -639.0 1
11 858 0.647536039352 -856.0 1
12 263 0.19945192337 -261.0 1
13 269 0.207509994507 -267.0 1
14 668 0.510678052902 -666.0 1
15 239 0.178353071213 -237.0 1
16 361 0.268358945847 -359.0 1
17 341 0.246758937836 -339.0 1
18 450 0.335860967636 -448.0 1
19 365 0.276047945023 -363.0 1
20 393 0.298800945282 -391.0 1
21 301 0.22779917717 -299.0 1
22 496 0.378082990646 -494.0 1
23 301 0.22757101059 -299.0 1
24 268 0.201580047607 -266.0 1
25 580 0.43634390831 -578.0 1
26 316 0.238584041595 -314.0 1
27 376 0.283707857132 -374.0 1
28 279 0.212687015533 -277.0 1
29 312 0.237107038498 -310.0 1
30 305 0.230505943298 -303.0 1
31 446 0.335578918457 -444.0 1
32 380 0.286056041718 -378.0 1
33 448 0.323002099991 -446.0 1
34 314 0.224479913712 -312.0 1
35 339 0.244349956512 -337.0 1
36 702 0.500779867172 -700.0 1
37 493 0.359451055527 -491.0 1
38 481 0.350409030914 -479.0 1
39 346 0.25808596611 -344.0 1
40 874 0.668414115906 -872.0 1
41 415 0.321449041367 -413.0 1
42 498 0.382298946381 -496.0 1
43 324 0.253615140915 -322.0 1
44 264 0.207388877869 -262.0 1
45 455 0.353224992752 -453.0 1
46 328 0.251137018204 -326.0 1
47 560 0.437394142151 -558.0 1
48 698 0.524270057678 -696.0 1
49 579 0.413414001465 -577.0 1
0 620 0.435075044632 -618.0 1
1 1214 0.863303184509 -1212.0 1
2 1103 0.793986797333 -1101.0 1
3 2748 2.05739212036 -2746.0 1
4 1056 0.760673999786 -1054.0 1
5 1752 1.22539186478 -1750.0 1
6 319 0.230788946152 -317.0 1
7 5000 3.60460186005 -4999.0 0
8 673 0.514092922211 -671.0 1
9 648 0.493475914001 -646.0 1
10 703 0.528059005737 -701.0 1
11 555 0.410625934601 -553.0 1
12 572 0.410130977631 -570.0 1
13 445 0.300011873245 -443.0 1
14 824 0.583560943604 -822.0 1
15 1040 0.781374931335 -1038.0 1
16 775 0.470798969269 -773.0 1
17 598 0.309815883636 -596.0 1
18 759 0.433305978775 -757.0 1
19 766 0.425437927246 -764.0 1
20 782 0.413030862808 -780.0 1
21 979 0.489320039749 -977.0 1
22 546 0.224169015884 -544.0 1
23 838 0.542840957642 -836.0 1
24 694 0.404876947403 -692.0 1
25 812 0.563869953156 -810.0 1
26 748 0.495083093643 -746.0 1
27 1045 0.667492866516 -1043.0 1
28 1084 0.651064872742 -1082.0 1
29 628 0.36568403244 -626.0 1
30 779 0.456084012985 -777.0 1
31 417 0.261755943298 -415.0 1
32 1523 0.964731931686 -1521.0 1
33 904 0.763338088989 -902.0 1
34 407 0.371854066849 -405.0 1
35 1120 1.07741999626 -1118.0 1
36 714 0.68764090538 -712.0 1
37 817 0.753288030624 -815.0 1
38 833 0.833956956863 -831.0 1
39 955 0.901129007339 -953.0 1
40 945 0.844248771667 -943.0 1
41 1541 1.44238495827 -1539.0 1
42 723 0.64080786705 -721.0 1
43 693 0.654575109482 -691.0 1
44 1137 1.10095310211 -1135.0 1
45 627 0.463382959366 -625.0 1
46 723 0.512198925018 -721.0 1
47 1054 0.684890031815 -1052.0 1
48 792 0.527567863464 -790.0 1
49 571 0.225805044174 -569.0 1
0 643 0.246037960052 -641.0 1
1 622 0.261626005173 -620.0 1
2 790 0.392776966095 -788.0 1
3 1448 0.81861615181 -1446.0 1
4 703 0.304230928421 -701.0 1
5 1166 0.723484992981 -1164.0 1
6 1625 0.8468542099 -1623.0 1
7 854 0.444532871246 -852.0 1
8 575 0.30748295784 -573.0 1
9 1656 0.818567037582 -1654.0 1
10 1134 0.731867074966 -1132.0 1
11 876 0.558945178986 -874.0 1
12 1459 0.819894075394 -1457.0 1
13 5000 2.33014702797 -4999.0 0
14 1035 0.684177160263 -1033.0 1
15 2370 1.53799510002 -2368.0 1
16 650 0.325515031815 -648.0 1
17 2177 1.35584902763 -2175.0 1
18 1369 0.876320123672 -1367.0 1
19 1704 1.15825414658 -1702.0 1
20 2094 1.35589408875 -2092.0 1
21 2644 1.74088215828 -2642.0 1
22 1072 0.696587085724 -1070.0 1
23 5000 3.1527929306 -4999.0 0
24 2717 1.35110998154 -2715.0 1
25 1395 0.536990880966 -1393.0 1
26 4184 1.70494103432 -4182.0 1
27 1377 0.535049915314 -1375.0 1
28 5000 2.87085580826 -4999.0 0
29 2531 1.53027415276 -2529.0 1
30 725 0.462735176086 -723.0 1
31 4341 2.59388303757 -4339.0 1
32 786 0.461975097656 -784.0 1
33 947 0.561927080154 -945.0 1
34 1243 0.508228063583 -1241.0 1
35 371 0.181373119354 -369.0 1
36 2070 1.01245999336 -2068.0 1
37 3301 1.25930094719 -3299.0 1
38 3871 1.53266716003 -3869.0 1
39 3157 1.21946787834 -3155.0 1
40 588 0.231144189835 -586.0 1
41 1131 0.439393997192 -1129.0 1
42 551 0.223533153534 -549.0 1
43 1558 0.93957901001 -1556.0 1
44 2129 1.43590092659 -2127.0 1
45 1013 0.674036026001 -1011.0 1
46 3134 2.10473394394 -3132.0 1
47 2815 1.7611849308 -2813.0 1
48 3676 2.51470589638 -3674.0 1
49 3842 2.63778805733 -3840.0 1
0 1718 1.11778092384 -1716.0 1
1 1016 0.678915023804 -1014.0 1
2 890 0.571717977524 -888.0 1
3 706 0.457772016525 -704.0 1
4 478 0.319287776947 -476.0 1
5 293 0.194526195526 -291.0 1
6 1929 1.28441500664 -1927.0 1
7 2770 1.74292302132 -2768.0 1
8 246 0.145035982132 -244.0 1
9 1415 0.860530853271 -1413.0 1
10 5000 2.98983216286 -4999.0 0
11 5000 2.86576604843 -4999.0 0
12 5000 2.97891807556 -4999.0 0
13 5000 2.98787212372 -4999.0 0
14 5000 2.55418205261 -4999.0 0
15 5000 1.88372802734 -4999.0 0
16 5000 2.15817785263 -4999.0 0
17 5000 2.08001208305 -4999.0 0
18 5000 2.2345468998 -4999.0 0
19 5000 2.07663798332 -4999.0 0
20 5000 3.10885000229 -4999.0 0
21 5000 1.92216992378 -4999.0 0
22 5000 2.07311606407 -4999.0 0
23 5000 1.80413985252 -4999.0 0
24 5000 2.34501791 -4999.0 0
25 5000 1.92749404907 -4999.0 0
26 5000 2.68843102455 -4999.0 0
27 5000 2.73721885681 -4999.0 0
28 5000 2.99250912666 -4999.0 0
29 5000 2.65749812126 -4999.0 0
30 5000 1.67659115791 -4999.0 0
31 5000 2.05239892006 -4999.0 0
32 5000 2.09779191017 -4999.0 0
33 5000 3.14302492142 -4999.0 0
34 5000 2.1701259613 -4999.0 0
35 5000 2.07448983192 -4999.0 0
36 5000 2.60606217384 -4999.0 0
37 5000 3.10365319252 -4999.0 0
38 5000 3.18175506592 -4999.0 0
39 5000 3.23864412308 -4999.0 0
40 5000 2.79709196091 -4999.0 0
41 5000 3.31791496277 -4999.0 0
42 5000 3.82643699646 -4999.0 0
43 5000 3.84009981155 -4999.0 0
44 5000 2.44193100929 -4999.0 0
45 5000 2.76163387299 -4999.0 0
46 5000 3.22607493401 -4999.0 0
47 5000 1.94947814941 -4999.0 0
48 5000 3.28756403923 -4999.0 0
49 5000 3.09270906448 -4999.0 0
0 1187 0.475953102112 -1185.0 1
1 885 0.421523809433 -883.0 1
2 395 0.133868932724 -393.0 1
3 965 0.372930049896 -963.0 1
4 1188 0.438787937164 -1186.0 1
5 2291 0.85952091217 -2289.0 1
6 2936 1.16722202301 -2934.0 1
7 336 0.137331962585 -334.0 1
8 723 0.287492990494 -721.0 1
9 3139 1.47854113579 -3137.0 1
10 1546 0.650592088699 -1544.0 1
11 667 0.302129983902 -665.0 1
12 1879 0.746593952179 -1877.0 1
13 649 0.254007101059 -647.0 1
14 1447 0.63791680336 -1445.0 1
15 751 0.457559108734 -749.0 1
16 632 0.339973926544 -630.0 1
17 848 0.328917980194 -846.0 1
18 2245 1.04386901855 -2243.0 1
19 1505 1.15087389946 -1503.0 1
20 980 0.458648920059 -978.0 1
21 968 0.524865865707 -966.0 1
22 327 0.240354061127 -325.0 1
23 984 0.749825954437 -982.0 1
24 952 0.635682821274 -950.0 1
25 604 0.43082690239 -602.0 1
26 1610 1.00422978401 -1608.0 1
27 2560 1.62310409546 -2558.0 1
28 4943 2.91130805016 -4941.0 1
29 1214 0.659675121307 -1212.0 1
30 2489 1.31020021439 -2487.0 1
31 1121 0.725723981857 -1119.0 1
32 386 0.253576040268 -384.0 1
33 1861 1.17585492134 -1859.0 1
34 1030 0.638453006744 -1028.0 1
35 602 0.377875089645 -600.0 1
36 1312 0.837306976318 -1310.0 1
37 492 0.306741952896 -490.0 1
38 837 0.481559991837 -835.0 1
39 862 0.546141862869 -860.0 1
40 675 0.424801111221 -673.0 1
41 1043 0.669995069504 -1041.0 1
42 598 0.352061986923 -596.0 1
43 861 0.516238927841 -859.0 1
44 429 0.21678185463 -427.0 1
45 1520 0.779762029648 -1518.0 1
46 1481 0.861172199249 -1479.0 1
47 489 0.313423871994 -487.0 1
48 450 0.282207012177 -448.0 1
49 1325 0.830186843872 -1323.0 1
