trial, number of steps, runtime, accumulated reward, termination
0 974 0.710963010788 -972.0 1
1 1547 1.11438798904 -1545.0 1
2 1351 0.946306943893 -1349.0 1
3 3257 2.27902078629 -3255.0 1
4 1098 0.76753783226 -1096.0 1
5 898 0.630454063416 -896.0 1
6 1282 0.907298088074 -1280.0 1
7 1274 0.902560949326 -1272.0 1
8 4181 2.9573841095 -4179.0 1
9 3659 2.60176992416 -3657.0 1
10 1483 0.84726691246 -1481.0 1
11 1394 0.833587884903 -1392.0 1
12 1395 0.943891048431 -1393.0 1
13 1611 1.22735285759 -1609.0 1
14 3537 2.65445399284 -3535.0 1
15 3382 2.35307502747 -3380.0 1
16 3465 2.35323190689 -3463.0 1
17 1036 0.73296880722 -1034.0 1
18 741 0.544663190842 -739.0 1
19 2143 1.56911206245 -2141.0 1
20 1710 1.21468901634 -1708.0 1
21 1144 0.704427957535 -1142.0 1
22 1445 0.913480997086 -1443.0 1
23 790 0.481809854507 -788.0 1
24 1311 0.694311857224 -1309.0 1
25 3149 2.26575708389 -3147.0 1
26 1301 0.989771127701 -1299.0 1
27 1610 1.22099709511 -1608.0 1
28 1293 0.955505132675 -1291.0 1
29 1560 1.1809990406 -1558.0 1
30 385 0.22563290596 -383.0 1
31 1310 0.977495908737 -1308.0 1
32 1336 0.976400136948 -1334.0 1
33 5000 3.14601683617 -4999.0 0
34 424 0.31506896019 -422.0 1
35 2665 2.11097407341 -2663.0 1
36 1853 1.24047589302 -1851.0 1
37 3098 2.42828083038 -3096.0 1
38 753 0.628853082657 -751.0 1
39 1247 1.00483608246 -1245.0 1
40 1714 1.37716722488 -1712.0 1
41 662 0.555743932724 -660.0 1
42 1425 1.17134404182 -1423.0 1
43 213 0.174111843109 -211.0 1
44 4402 3.39786720276 -4400.0 1
45 815 0.547666072845 -813.0 1
46 798 0.505905866623 -796.0 1
47 1915 1.2538819313 -1913.0 1
48 1501 1.1176970005 -1499.0 1
49 3224 2.3634390831 -3222.0 1
0 1061 0.780569076538 -1059.0 1
1 1294 0.950850963593 -1292.0 1
2 1341 0.983881950378 -1339.0 1
3 1302 0.955387830734 -1300.0 1
4 1009 0.755621194839 -1007.0 1
5 1037 0.789833068848 -1035.0 1
6 469 0.368833065033 -467.0 1
7 3186 2.56084299088 -3184.0 1
8 1423 1.15799808502 -1421.0 1
9 726 0.589016914368 -724.0 1
10 2201 1.79274821281 -2199.0 1
11 1684 1.365265131 -1682.0 1
12 1932 1.52464604378 -1930.0 1
13 710 0.562195062637 -708.0 1
14 2019 1.57875704765 -2017.0 1
15 843 0.663280010223 -841.0 1
16 1195 0.935568094254 -1193.0 1
17 397 0.305935144424 -395.0 1
18 1001 0.773222923279 -999.0 1
19 3288 2.40071702003 -3286.0 1
20 811 0.579412937164 -809.0 1
21 1607 1.04318189621 -1605.0 1
22 1323 0.918199062347 -1321.0 1
23 3342 3.66190600395 -3340.0 1
24 1604 1.75965595245 -1602.0 1
25 1799 2.02517318726 -1797.0 1
26 1010 1.1330769062 -1008.0 1
27 558 0.626207113266 -556.0 1
28 1656 1.85743117332 -1654.0 1
29 1408 1.57069993019 -1406.0 1
30 1545 1.70419383049 -1543.0 1
31 1356 1.49903106689 -1354.0 1
32 823 0.913486003876 -821.0 1
33 2382 2.65853095055 -2380.0 1
34 611 0.685902118683 -609.0 1
35 1148 1.28409004211 -1146.0 1
36 2014 2.05792498589 -2012.0 1
37 1981 2.10607099533 -1979.0 1
38 1396 1.54900598526 -1394.0 1
39 409 0.429009199142 -407.0 1
40 448 0.477641105652 -446.0 1
41 1212 1.12056589127 -1210.0 1
42 5000 3.46243906021 -4999.0 0
43 758 0.560664892197 -756.0 1
44 2379 1.4906167984 -2377.0 1
45 522 0.253253936768 -520.0 1
46 2414 1.14140319824 -2412.0 1
47 1082 0.522847890854 -1080.0 1
48 1065 0.514156103134 -1063.0 1
49 520 0.286581993103 -518.0 1
0 911 0.502558946609 -909.0 1
1 1550 0.84591794014 -1548.0 1
2 2205 1.20475006104 -2203.0 1
3 4997 3.17161107063 -4995.0 1
4 3287 2.47194600105 -3285.0 1
5 471 0.358104944229 -469.0 1
6 886 0.67395401001 -884.0 1
7 4197 3.06972408295 -4195.0 1
8 5000 3.33118891716 -4999.0 0
9 1271 0.725964069366 -1269.0 1
10 893 0.540458917618 -891.0 1
11 5000 2.78638696671 -4999.0 0
12 783 0.493360996246 -781.0 1
13 1601 0.979160070419 -1599.0 1
14 1755 1.07168984413 -1753.0 1
15 3550 2.10933184624 -3548.0 1
16 1895 1.10880804062 -1893.0 1
17 2834 1.65901684761 -2832.0 1
18 935 0.547669172287 -933.0 1
19 2155 1.30109095573 -2153.0 1
20 968 0.582113981247 -966.0 1
21 2361 1.43870592117 -2359.0 1
22 2970 1.77464795113 -2968.0 1
23 1288 0.758178949356 -1286.0 1
24 1194 0.69609618187 -1192.0 1
25 1605 0.959417104721 -1603.0 1
26 3290 1.98512601852 -3288.0 1
27 1962 1.21735286713 -1960.0 1
28 3545 2.0522749424 -3543.0 1
29 1599 0.956254959106 -1597.0 1
30 468 0.27296090126 -466.0 1
31 1319 0.76255106926 -1317.0 1
32 3643 2.11871314049 -3641.0 1
33 1039 0.609728097916 -1037.0 1
34 1208 0.70734500885 -1206.0 1
35 2059 1.20846295357 -2057.0 1
36 1943 1.10691714287 -1941.0 1
37 498 0.286186933517 -496.0 1
38 1987 1.14526104927 -1985.0 1
39 452 0.262351036072 -450.0 1
40 1463 0.947566986084 -1461.0 1
41 717 0.484482049942 -715.0 1
42 2936 2.01234602928 -2934.0 1
43 2152 1.54047179222 -2150.0 1
44 932 0.626629114151 -930.0 1
45 1165 0.792861938477 -1163.0 1
46 4643 3.10574507713 -4641.0 1
47 2071 1.51162481308 -2069.0 1
48 966 0.692965984344 -964.0 1
49 1076 0.71225810051 -1074.0 1
0 1213 0.826150894165 -1211.0 1
1 1412 0.982628107071 -1410.0 1
2 1161 0.805913209915 -1159.0 1
3 2845 1.98913908005 -2843.0 1
4 848 0.614304065704 -846.0 1
5 1113 0.823288917542 -1111.0 1
6 2481 1.81886911392 -2479.0 1
7 706 0.495023965836 -704.0 1
8 2870 2.08212399483 -2868.0 1
9 1309 0.948084115982 -1307.0 1
10 970 0.675495147705 -968.0 1
11 1196 0.867968082428 -1194.0 1
12 1320 0.975131034851 -1318.0 1
13 767 0.566680192947 -765.0 1
14 2459 1.7588288784 -2457.0 1
15 1172 0.836272001266 -1170.0 1
16 2779 2.03663992882 -2777.0 1
17 2459 1.75574707985 -2457.0 1
18 470 0.336218118668 -468.0 1
19 1407 0.983672142029 -1405.0 1
20 2764 1.98497390747 -2762.0 1
21 2520 1.7598798275 -2518.0 1
22 940 0.649936914444 -938.0 1
23 1707 1.18770194054 -1705.0 1
24 3101 2.23371100426 -3099.0 1
25 1100 0.756935119629 -1098.0 1
26 2133 1.46954607964 -2131.0 1
27 323 0.222965955734 -321.0 1
28 2379 1.67591500282 -2377.0 1
29 1843 1.31419897079 -1841.0 1
30 2183 1.54975104332 -2181.0 1
31 1721 1.26068401337 -1719.0 1
32 2383 1.7435529232 -2381.0 1
33 830 0.599652051926 -828.0 1
34 360 0.259397029877 -358.0 1
35 1570 1.10348796844 -1568.0 1
36 1985 1.38128304482 -1983.0 1
37 2465 1.720236063 -2463.0 1
38 1445 1.01472711563 -1443.0 1
39 409 0.159206867218 -407.0 1
40 2445 1.37408089638 -2443.0 1
41 1256 0.628756999969 -1254.0 1
42 2856 1.57329702377 -2854.0 1
43 2357 1.32301902771 -2355.0 1
44 1330 0.758229017258 -1328.0 1
45 1398 0.79061293602 -1396.0 1
46 2477 1.38619399071 -2475.0 1
47 450 0.263880968094 -448.0 1
48 1786 1.0187921524 -1784.0 1
49 3046 1.73022890091 -3044.0 1
0 668 0.390026807785 -666.0 1
1 538 0.313549041748 -536.0 1
2 5000 2.9731528759 -4999.0 0
3 758 0.45530295372 -756.0 1
4 898 0.529744148254 -896.0 1
5 655 0.386981010437 -653.0 1
6 1336 0.788292884827 -1334.0 1
7 566 0.330726146698 -564.0 1
8 2820 1.63548994064 -2818.0 1
9 1956 1.16614198685 -1954.0 1
10 1316 0.784101009369 -1314.0 1
11 1353 0.825567007065 -1351.0 1
12 2707 1.66247296333 -2705.0 1
13 1524 0.951609134674 -1522.0 1
14 1846 1.11358714104 -1844.0 1
15 959 0.555099010468 -957.0 1
16 1452 0.873445034027 -1450.0 1
17 1118 0.679645061493 -1116.0 1
18 1423 0.869953155518 -1421.0 1
19 1256 0.773289203644 -1254.0 1
20 1555 0.926685094833 -1553.0 1
21 5000 3.04284882545 -4999.0 0
22 1082 0.659476041794 -1080.0 1
23 1911 1.150826931 -1909.0 1
24 321 0.193592071533 -319.0 1
25 1146 0.685301065445 -1144.0 1
26 1503 0.923892974854 -1501.0 1
27 1759 1.06673002243 -1757.0 1
28 1444 0.866714000702 -1442.0 1
29 663 0.397169113159 -661.0 1
30 1860 1.11944699287 -1858.0 1
31 1283 0.769268989563 -1281.0 1
32 331 0.194152832031 -329.0 1
33 3109 1.83299207687 -3107.0 1
34 3048 1.801664114 -3046.0 1
35 1498 0.915488958359 -1496.0 1
36 4278 2.6311109066 -4276.0 1
37 1087 0.666121006012 -1085.0 1
38 1058 0.635511875153 -1056.0 1
39 1700 0.996513843536 -1698.0 1
40 2993 1.79344010353 -2991.0 1
41 1310 0.794768095016 -1308.0 1
42 494 0.298668861389 -492.0 1
43 1197 0.743396043777 -1195.0 1
44 1654 1.02277684212 -1652.0 1
45 2299 1.41142082214 -2297.0 1
46 558 0.346056938171 -556.0 1
47 1692 1.00904297829 -1690.0 1
48 1424 0.838413953781 -1422.0 1
49 5000 3.06202197075 -4999.0 0
0 619 0.371942043304 -617.0 1
1 793 0.463656902313 -791.0 1
2 1914 1.12784290314 -1912.0 1
3 1048 0.607737779617 -1046.0 1
4 1077 0.62854385376 -1075.0 1
5 2014 1.18643093109 -2012.0 1
6 1485 0.881580114365 -1483.0 1
7 2345 1.39748501778 -2343.0 1
8 3119 1.78405594826 -3117.0 1
9 1931 1.11924481392 -1929.0 1
10 1089 0.651887893677 -1087.0 1
11 2423 1.42280292511 -2421.0 1
12 3548 1.98225617409 -3546.0 1
13 2640 1.48382687569 -2638.0 1
14 4349 2.58720612526 -4347.0 1
15 1012 0.613887071609 -1010.0 1
16 1238 0.751752853394 -1236.0 1
17 1432 0.838373184204 -1430.0 1
18 1253 0.741368055344 -1251.0 1
19 1077 0.659555912018 -1075.0 1
20 2152 1.31196904182 -2150.0 1
21 2711 1.63172388077 -2709.0 1
22 2341 1.40515494347 -2339.0 1
23 890 0.524626970291 -888.0 1
24 1848 1.08437299728 -1846.0 1
25 716 0.426764965057 -714.0 1
26 1166 0.729007005692 -1164.0 1
27 930 0.570129871368 -928.0 1
28 845 0.504151821136 -843.0 1
29 1749 1.03927278519 -1747.0 1
30 1110 0.669724941254 -1108.0 1
31 1699 1.02856397629 -1697.0 1
32 1067 0.650938034058 -1065.0 1
33 950 0.583340883255 -948.0 1
34 981 0.599102973938 -979.0 1
35 2534 1.52100086212 -2532.0 1
36 1414 0.830514192581 -1412.0 1
37 2866 1.70778608322 -2864.0 1
38 1728 1.05075502396 -1726.0 1
39 1771 1.04731988907 -1769.0 1
40 2661 1.60853505135 -2659.0 1
41 1100 0.678640127182 -1098.0 1
42 1366 0.834525108337 -1364.0 1
43 931 0.573733091354 -929.0 1
44 1202 0.731462955475 -1200.0 1
45 3102 1.84970211983 -3100.0 1
46 3196 1.86736297607 -3194.0 1
47 829 0.5079870224 -827.0 1
48 2086 1.26590800285 -2084.0 1
49 1648 1.00615692139 -1646.0 1
0 504 0.305308818817 -502.0 1
1 644 0.409288883209 -642.0 1
2 2808 1.68393802643 -2806.0 1
3 826 0.49680018425 -824.0 1
4 899 0.541743040085 -897.0 1
5 564 0.334619998932 -562.0 1
6 4460 2.561825037 -4458.0 1
7 916 0.52360200882 -914.0 1
8 556 0.320585012436 -554.0 1
9 1936 1.11821198463 -1934.0 1
10 2169 1.21588611603 -2167.0 1
11 379 0.221441984177 -377.0 1
12 2150 1.24501395226 -2148.0 1
13 2117 1.22418999672 -2115.0 1
14 396 0.235827922821 -394.0 1
15 3378 1.97215509415 -3376.0 1
16 4667 2.69005489349 -4665.0 1
17 2652 1.52886605263 -2650.0 1
18 2643 1.49202299118 -2641.0 1
19 1531 0.871103048325 -1529.0 1
20 2137 1.24450707436 -2135.0 1
21 781 0.446232795715 -779.0 1
22 800 0.472253084183 -798.0 1
23 2046 1.2032790184 -2044.0 1
24 796 0.462041139603 -794.0 1
25 955 0.557874202728 -953.0 1
26 759 0.446342945099 -757.0 1
27 2437 1.4524679184 -2435.0 1
28 1306 0.766510009766 -1304.0 1
29 711 0.408062934875 -709.0 1
30 841 0.482021093369 -839.0 1
31 813 0.463411808014 -811.0 1
32 2755 1.54307484627 -2753.0 1
33 1041 0.596457958221 -1039.0 1
34 1396 0.788812160492 -1394.0 1
35 1345 0.757011175156 -1343.0 1
36 3212 1.87359809875 -3210.0 1
37 484 0.286098003387 -482.0 1
38 2708 1.54987215996 -2706.0 1
39 632 0.368059158325 -630.0 1
40 824 0.478194952011 -822.0 1
41 2297 1.30688500404 -2295.0 1
42 1163 0.656111001968 -1161.0 1
43 1910 1.08555293083 -1908.0 1
44 2201 1.270373106 -2199.0 1
45 2417 1.42736196518 -2415.0 1
46 203 0.124032974243 -201.0 1
47 3146 2.25582003593 -3144.0 1
48 1201 0.829459905624 -1199.0 1
49 722 0.488243103027 -720.0 1
0 522 0.3605260849 -520.0 1
1 2741 1.86023402214 -2739.0 1
2 387 0.282896995544 -385.0 1
3 1547 1.13014006615 -1545.0 1
4 1889 1.40201997757 -1887.0 1
5 449 0.334689855576 -447.0 1
6 1850 1.37761616707 -1848.0 1
7 2361 1.7421169281 -2359.0 1
8 2543 1.84781289101 -2541.0 1
9 2600 1.83843588829 -2598.0 1
10 3109 2.11309194565 -3107.0 1
11 1596 1.02014994621 -1594.0 1
12 1141 0.724680185318 -1139.0 1
13 3389 2.22634100914 -3387.0 1
14 1634 1.06700086594 -1632.0 1
15 1897 1.22574591637 -1895.0 1
16 869 0.549576044083 -867.0 1
17 2273 1.45076608658 -2271.0 1
18 1758 1.10270690918 -1756.0 1
19 2421 1.47154998779 -2419.0 1
20 1600 0.96617603302 -1598.0 1
21 3138 1.87573289871 -3136.0 1
22 1423 0.836025953293 -1421.0 1
23 2728 1.63524699211 -2726.0 1
24 1004 0.619964122772 -1002.0 1
25 848 0.519951105118 -846.0 1
26 1322 0.800550222397 -1320.0 1
27 937 0.567749977112 -935.0 1
28 972 0.588155031204 -970.0 1
29 1579 0.973086118698 -1577.0 1
30 5000 3.07808589935 -4999.0 0
31 772 0.489549160004 -770.0 1
32 1100 0.695182085037 -1098.0 1
33 1552 0.972989082336 -1550.0 1
34 2434 1.51075792313 -2432.0 1
35 2381 1.49063396454 -2379.0 1
36 1764 1.10465812683 -1762.0 1
37 2925 1.82779788971 -2923.0 1
38 1319 0.816390991211 -1317.0 1
39 502 0.281280994415 -500.0 1
40 1470 0.863682985306 -1468.0 1
41 1302 0.791300058365 -1300.0 1
42 1729 1.04741311073 -1727.0 1
43 2701 1.58910107613 -2699.0 1
44 2243 1.13686299324 -2241.0 1
45 1732 0.957094192505 -1730.0 1
46 1342 0.779766082764 -1340.0 1
47 1433 0.847786903381 -1431.0 1
48 4285 2.54357981682 -4283.0 1
49 854 0.519881010056 -852.0 1
0 1327 0.805409908295 -1325.0 1
1 1353 0.796782970428 -1351.0 1
2 622 0.363984107971 -620.0 1
3 1470 0.851099014282 -1468.0 1
4 1717 0.99641084671 -1715.0 1
5 2941 1.75931119919 -2939.0 1
6 468 0.29048705101 -466.0 1
7 3337 2.07080078125 -3335.0 1
8 1166 0.713573932648 -1164.0 1
9 1199 0.708560943604 -1197.0 1
10 2179 1.31455492973 -2177.0 1
11 1636 1.01972794533 -1634.0 1
12 1721 1.06694197655 -1719.0 1
13 5000 3.1047949791 -4999.0 0
14 1678 1.05932998657 -1676.0 1
15 3687 2.26405310631 -3685.0 1
16 2292 1.3786919117 -2290.0 1
17 388 0.236455917358 -386.0 1
18 1057 0.632608890533 -1055.0 1
19 2176 1.30616998672 -2174.0 1
20 1470 0.887213945389 -1468.0 1
21 754 0.463351011276 -752.0 1
22 1207 0.750228881836 -1205.0 1
23 1460 0.886863946915 -1458.0 1
24 1624 0.970242977142 -1622.0 1
25 1857 1.11059904099 -1855.0 1
26 380 0.22912311554 -378.0 1
27 1912 1.13755702972 -1910.0 1
28 2269 1.31131887436 -2267.0 1
29 1164 0.715505123138 -1162.0 1
30 600 0.359313964844 -598.0 1
31 1497 0.895911216736 -1495.0 1
32 1387 0.836227893829 -1385.0 1
33 1625 0.994719028473 -1623.0 1
34 1419 0.812012910843 -1417.0 1
35 940 0.533951997757 -938.0 1
36 1247 0.717072963715 -1245.0 1
37 1548 0.888361930847 -1546.0 1
38 885 0.517601013184 -883.0 1
39 627 0.387964963913 -625.0 1
40 681 0.402805805206 -679.0 1
41 853 0.529970884323 -851.0 1
42 1669 1.06201291084 -1667.0 1
43 660 0.421499967575 -658.0 1
44 1399 0.86244893074 -1397.0 1
45 1164 0.705749988556 -1162.0 1
46 1244 0.727009057999 -1242.0 1
47 2622 1.55614686012 -2620.0 1
48 330 0.206065893173 -328.0 1
49 1196 0.701359033585 -1194.0 1
0 3003 1.75347805023 -3001.0 1
1 1127 0.676270961761 -1125.0 1
2 2226 1.32846903801 -2224.0 1
3 1828 1.07317614555 -1826.0 1
4 1248 0.742845058441 -1246.0 1
5 1167 0.693222999573 -1165.0 1
6 1062 0.62233710289 -1060.0 1
7 486 0.297221183777 -484.0 1
8 691 0.41170501709 -689.0 1
9 1348 0.793080091476 -1346.0 1
10 525 0.25763297081 -523.0 1
11 1692 0.895165920258 -1690.0 1
12 2876 1.99268388748 -2874.0 1
13 1568 1.1571700573 -1566.0 1
14 594 0.419851064682 -592.0 1
15 1169 0.903714895248 -1167.0 1
16 2790 2.44058203697 -2788.0 1
17 1371 1.20339488983 -1369.0 1
18 2450 2.05060601234 -2448.0 1
19 1298 1.09822392464 -1296.0 1
20 728 0.628458023071 -726.0 1
21 371 0.323394060135 -369.0 1
22 1164 1.00805020332 -1162.0 1
23 1359 1.16853499413 -1357.0 1
24 842 0.726118087769 -840.0 1
25 870 0.733006954193 -868.0 1
26 1205 1.0396399498 -1203.0 1
27 1805 1.57306694984 -1803.0 1
28 1549 1.38229799271 -1547.0 1
29 4387 3.88914084435 -4385.0 1
30 1455 1.29162502289 -1453.0 1
31 1163 1.0140171051 -1161.0 1
32 3060 2.69140100479 -3058.0 1
33 1630 1.38765597343 -1628.0 1
34 575 0.491779088974 -573.0 1
35 1749 1.51066684723 -1747.0 1
36 1459 1.25935411453 -1457.0 1
37 2124 1.80137205124 -2122.0 1
38 1283 1.06050109863 -1281.0 1
39 874 0.764223098755 -872.0 1
40 1010 0.889845848083 -1008.0 1
41 1251 1.0837020874 -1249.0 1
42 1566 1.39672708511 -1564.0 1
43 1412 1.26454997063 -1410.0 1
44 1061 0.961139917374 -1059.0 1
45 1756 1.56367182732 -1754.0 1
46 1271 1.08272409439 -1269.0 1
47 1568 1.35780596733 -1566.0 1
48 1104 0.956954956055 -1102.0 1
49 2029 1.749958992 -2027.0 1
