trial, number of steps, runtime, accumulated reward, termination
0 121 0.0481050014496 118.0 1
1 47 0.020416021347 44.0 1
2 92 0.0399210453033 89.0 1
3 29 0.0102791786194 26.0 1
4 11 0.00374794006348 8.0 1
5 42 0.0180160999298 39.0 1
6 100 0.0426919460297 97.0 1
7 30 0.0126469135284 27.0 1
8 10 0.00393199920654 7.0 1
9 158 0.0676710605621 155.0 1
10 180 0.0783941745758 177.0 1
11 180 0.076443195343 177.0 1
12 29 0.0121479034424 26.0 1
13 8 0.00298094749451 5.0 1
14 11 0.00453495979309 8.0 1
15 11 0.00439310073853 8.0 1
16 12 0.00467896461487 9.0 1
17 9 0.00332999229431 6.0 1
18 8 0.00292491912842 5.0 1
19 9 0.00370502471924 6.0 1
20 8 0.00336003303528 5.0 1
21 9 0.00372815132141 6.0 1
22 11 0.00454711914062 8.0 1
23 126 0.0518620014191 123.0 1
24 10 0.00376915931702 7.0 1
25 9 0.00358200073242 6.0 1
26 8 0.00223612785339 5.0 1
27 114 0.0485928058624 111.0 1
28 9 0.00367403030396 6.0 1
29 101 0.0465278625488 98.0 1
30 9 0.00375080108643 6.0 1
31 109 0.0500559806824 106.0 1
32 8 0.00348687171936 5.0 1
33 8 0.00350093841553 5.0 1
34 117 0.0510818958282 114.0 1
35 10 0.00409007072449 7.0 1
36 8 0.00292897224426 5.0 1
37 106 0.0451900959015 103.0 1
38 99 0.045578956604 96.0 1
39 102 0.0471520423889 99.0 1
40 93 0.0427811145782 90.0 1
41 13 0.00564002990723 10.0 1
42 88 0.0403070449829 85.0 1
43 5000 2.31064486504 4999.0 0
44 15 0.00664877891541 12.0 1
45 9 0.00382709503174 6.0 1
46 14 0.00620293617249 11.0 1
47 104 0.0477890968323 101.0 1
48 148 0.0674760341644 145.0 1
49 130 0.0594301223755 127.0 1
0 164 0.0748000144958 161.0 1
1 11 0.00466394424438 8.0 1
2 12 0.00506711006165 9.0 1
3 16 0.0069739818573 13.0 1
4 12 0.0051281452179 9.0 1
5 38 0.0172488689423 35.0 1
6 13 0.00563216209412 10.0 1
7 11 0.00470089912415 8.0 1
8 8 0.00324702262878 5.0 1
9 12 0.00515007972717 9.0 1
10 47 0.0213260650635 44.0 1
11 15 0.00643181800842 12.0 1
12 40 0.0179009437561 37.0 1
13 106 0.0483360290527 103.0 1
14 96 0.0437569618225 93.0 1
15 9 0.00381302833557 6.0 1
16 10 0.00420117378235 7.0 1
17 9 0.00369501113892 6.0 1
18 9 0.00376200675964 6.0 1
19 13 0.00559401512146 10.0 1
20 50 0.0226261615753 47.0 1
21 10 0.00419592857361 7.0 1
22 10 0.00415396690369 7.0 1
23 9 0.00377416610718 6.0 1
24 15 0.00642395019531 12.0 1
25 104 0.0473489761353 101.0 1
26 10 0.00384902954102 7.0 1
27 74 0.0314259529114 71.0 1
28 136 0.0615990161896 133.0 1
29 10 0.00419306755066 7.0 1
30 126 0.0575149059296 123.0 1
31 117 0.053435087204 114.0 1
32 116 0.0529448986053 113.0 1
33 91 0.0413000583649 88.0 1
34 8 0.0032639503479 5.0 1
35 89 0.0402829647064 86.0 1
36 14 0.00603604316711 11.0 1
37 10 0.00419902801514 7.0 1
38 9 0.0036609172821 6.0 1
39 30 0.0133950710297 27.0 1
40 16 0.00697112083435 13.0 1
41 9 0.00372219085693 6.0 1
42 8 0.00327682495117 5.0 1
43 12 0.00511002540588 9.0 1
44 8 0.00324320793152 5.0 1
45 8 0.00330495834351 5.0 1
46 16 0.00691294670105 13.0 1
47 18 0.0077908039093 15.0 1
48 10 0.00422501564026 7.0 1
49 9 0.00371694564819 6.0 1
0 238 0.109250068665 235.0 1
1 10 0.00422191619873 7.0 1
2 9 0.00370979309082 6.0 1
3 10 0.00421500205994 7.0 1
4 13 0.00554609298706 10.0 1
5 10 0.00416588783264 7.0 1
6 9 0.00377511978149 6.0 1
7 18 0.00782489776611 15.0 1
8 8 0.00334310531616 5.0 1
9 93 0.0423159599304 90.0 1
10 115 0.0524699687958 112.0 1
11 114 0.0520000457764 111.0 1
12 98 0.0445928573608 95.0 1
13 96 0.043692111969 93.0 1
14 11 0.00477004051208 8.0 1
15 8 0.00339698791504 5.0 1
16 13 0.00551605224609 10.0 1
17 9 0.00375914573669 6.0 1
18 101 0.0460999011993 98.0 1
19 80 0.0364999771118 77.0 1
20 86 0.0391499996185 83.0 1
21 91 0.0412271022797 88.0 1
22 13 0.00556898117065 10.0 1
23 9 0.00374007225037 6.0 1
24 19 0.00836706161499 16.0 1
25 5000 2.27826189995 4999.0 0
26 29 0.0129790306091 26.0 1
27 8 0.00321698188782 5.0 1
28 11 0.0046820640564 8.0 1
29 100 0.0455570220947 97.0 1
30 10 0.00414514541626 7.0 1
31 87 0.0394759178162 84.0 1
32 9 0.00380206108093 6.0 1
33 3195 1.37880992889 3192.0 1
34 221 0.0896511077881 218.0 1
35 8 0.00294399261475 5.0 1
36 111 0.0447111129761 108.0 1
37 104 0.0410711765289 101.0 1
38 75 0.0297191143036 72.0 1
39 69 0.0287959575653 66.0 1
40 10 0.0039119720459 7.0 1
41 10 0.00404191017151 7.0 1
42 8 0.00315594673157 5.0 1
43 14 0.00573492050171 11.0 1
44 10 0.0039689540863 7.0 1
45 10 0.00400495529175 7.0 1
46 73 0.031063079834 70.0 1
47 52 0.0218517780304 49.0 1
48 8 0.00309610366821 5.0 1
49 50 0.0214028358459 47.0 1
0 95 0.0408220291138 92.0 1
1 59 0.0252919197083 56.0 1
2 64 0.0274939537048 61.0 1
3 151 0.059033870697 148.0 1
4 107 0.0457918643951 104.0 1
5 1593 0.680325031281 1590.0 1
6 26 0.0106210708618 23.0 1
7 15 0.00605797767639 12.0 1
8 17 0.00678205490112 14.0 1
9 10 0.00392699241638 7.0 1
10 5000 2.11289215088 4999.0 0
11 967 0.435616970062 964.0 1
12 21 0.00857305526733 18.0 1
13 15 0.00587010383606 12.0 1
14 124 0.0540690422058 121.0 1
15 14 0.00581502914429 11.0 1
16 175 0.0767738819122 172.0 1
17 5000 2.35149216652 4999.0 0
18 5000 2.40515494347 4999.0 0
19 18 0.00702214241028 15.0 1
20 24 0.00738096237183 21.0 1
21 14 0.00359416007996 11.0 1
22 87 0.0349431037903 84.0 1
23 10 0.00400710105896 7.0 1
24 9 0.00303316116333 6.0 1
25 8 0.00314378738403 5.0 1
26 325 0.136612892151 322.0 1
27 85 0.0335118770599 82.0 1
28 27 0.0112638473511 24.0 1
29 36 0.0154719352722 33.0 1
30 23 0.00979495048523 20.0 1
31 63 0.026554107666 60.0 1
32 60 0.0246188640594 57.0 1
33 25 0.00975608825684 22.0 1
34 9 0.00354790687561 6.0 1
35 9 0.00358295440674 6.0 1
36 57 0.0236899852753 54.0 1
37 71 0.0300970077515 68.0 1
38 81 0.0335011482239 78.0 1
39 19 0.00778102874756 16.0 1
40 15 0.00620698928833 12.0 1
41 85 0.0368599891663 82.0 1
42 11 0.0044379234314 8.0 1
43 17 0.00702500343323 14.0 1
44 18 0.00751709938049 15.0 1
45 8 0.00313305854797 5.0 1
46 9 0.0035228729248 6.0 1
47 12 0.00509405136108 9.0 1
48 85 0.0329949855804 82.0 1
49 48 0.0192229747772 45.0 1
0 520 0.22188782692 517.0 1
1 14 0.00569796562195 11.0 1
2 9 0.00242900848389 6.0 1
3 10 0.00259494781494 7.0 1
4 617 0.259504079819 614.0 1
5 126 0.0557510852814 123.0 1
6 2448 1.0213971138 2445.0 1
7 5000 2.14739489555 4999.0 0
8 13 0.00468182563782 10.0 1
9 64 0.0261399745941 61.0 1
10 5000 2.12775206566 4999.0 0
11 1932 0.806837797165 1929.0 1
12 10 0.00344204902649 7.0 1
13 5000 2.08374094963 4999.0 0
14 5000 2.33137989044 4999.0 0
15 29 0.0121052265167 26.0 1
16 25 0.0103919506073 22.0 1
17 5000 2.11449694633 4999.0 0
18 5000 2.12630295753 4999.0 0
19 28 0.0119531154633 25.0 1
20 27 0.0112190246582 24.0 1
21 10 0.00395083427429 7.0 1
22 3737 1.58274483681 3734.0 1
23 1698 0.739750146866 1695.0 1
24 2559 1.18804001808 2556.0 1
25 5000 2.31791901588 4999.0 0
26 5000 2.11899018288 4999.0 0
27 5000 2.13242888451 4999.0 0
28 5000 2.10667800903 4999.0 0
29 591 0.242359161377 588.0 1
30 31 0.0128359794617 28.0 1
31 12 0.00455713272095 9.0 1
32 5000 2.09468483925 4999.0 0
33 5000 2.11933302879 4999.0 0
34 3426 1.51844191551 3423.0 1
35 128 0.0539989471436 125.0 1
36 21 0.00871300697327 18.0 1
37 9 0.00342893600464 6.0 1
38 9 0.00350594520569 6.0 1
39 5000 2.1301279068 4999.0 0
40 5000 2.07862401009 4999.0 0
41 5000 2.12247490883 4999.0 0
42 36 0.0146059989929 33.0 1
43 24 0.00979495048523 21.0 1
44 5000 2.07866001129 4999.0 0
45 5000 2.19007086754 4999.0 0
46 5000 2.2040989399 4999.0 0
47 5000 2.08334803581 4999.0 0
48 4807 2.02770495415 4804.0 1
49 12 0.0048041343689 9.0 1
0 742 0.3092648983 739.0 1
1 17 0.00696802139282 14.0 1
2 26 0.00962591171265 23.0 1
3 13 0.00513601303101 10.0 1
4 9 0.00352597236633 6.0 1
5 190 0.0816290378571 187.0 1
6 15 0.00592303276062 12.0 1
7 235 0.10111117363 232.0 1
8 19 0.0049250125885 16.0 1
9 8 0.00224709510803 5.0 1
10 154 0.065484046936 151.0 1
11 8 0.00306510925293 5.0 1
12 13 0.00514984130859 10.0 1
13 198 0.0841379165649 195.0 1
14 9 0.00355291366577 6.0 1
15 1506 0.629441022873 1503.0 1
16 13 0.00527215003967 10.0 1
17 3836 1.61274290085 3833.0 1
18 9 0.00350308418274 6.0 1
19 12 0.00479793548584 9.0 1
20 69 0.0279099941254 66.0 1
21 27 0.0113320350647 24.0 1
22 5000 2.08176708221 4999.0 0
23 13 0.00494194030762 10.0 1
24 5000 2.20797896385 4999.0 0
25 2749 1.16222214699 2746.0 1
26 40 0.0168600082397 37.0 1
27 9 0.00347304344177 6.0 1
28 5000 2.09403514862 4999.0 0
29 27 0.0110399723053 24.0 1
30 9 0.00330400466919 6.0 1
31 11 0.00434303283691 8.0 1
32 42 0.0170409679413 39.0 1
33 37 0.0146040916443 34.0 1
34 88 0.0344138145447 85.0 1
35 77 0.0323741436005 74.0 1
36 76 0.0319769382477 73.0 1
37 82 0.0353629589081 79.0 1
38 10 0.003986120224 7.0 1
39 164 0.0707340240479 161.0 1
40 17 0.0068359375 14.0 1
41 8 0.00306701660156 5.0 1
42 100 0.0413680076599 97.0 1
43 65 0.025141954422 62.0 1
44 81 0.0328788757324 78.0 1
45 13 0.00461196899414 10.0 1
46 103 0.0395460128784 100.0 1
47 9 0.00347805023193 6.0 1
48 8 0.0029239654541 5.0 1
49 119 0.0473830699921 116.0 1
0 260 0.104973077774 257.0 1
1 28 0.0112020969391 25.0 1
2 5000 2.23138618469 4999.0 0
3 4121 1.95674395561 4118.0 1
4 21 0.00946998596191 18.0 1
5 8 0.00340604782104 5.0 1
6 134 0.0629849433899 131.0 1
7 133 0.0624158382416 130.0 1
8 126 0.0589799880981 123.0 1
9 8 0.00342917442322 5.0 1
10 134 0.0625929832458 131.0 1
11 8 0.00319314002991 5.0 1
12 105 0.0486640930176 102.0 1
13 135 0.0590200424194 132.0 1
14 107 0.0408408641815 104.0 1
15 137 0.0570690631866 134.0 1
16 121 0.0532238483429 118.0 1
17 79 0.0327758789062 76.0 1
18 71 0.0279958248138 68.0 1
19 70 0.028568983078 67.0 1
20 59 0.0235769748688 56.0 1
21 82 0.0352408885956 79.0 1
22 84 0.0342080593109 81.0 1
23 79 0.0321960449219 76.0 1
24 11 0.00433993339539 8.0 1
25 71 0.0302090644836 68.0 1
26 142 0.0607650279999 139.0 1
27 93 0.0400540828705 90.0 1
28 130 0.0541758537292 127.0 1
29 138 0.0575079917908 135.0 1
30 122 0.0544469356537 119.0 1
31 144 0.0611708164215 141.0 1
32 127 0.0548920631409 124.0 1
33 126 0.0546028614044 123.0 1
34 134 0.0520310401917 131.0 1
35 120 0.0516769886017 117.0 1
36 115 0.0482409000397 112.0 1
37 102 0.0403249263763 99.0 1
38 104 0.0421528816223 101.0 1
39 101 0.0387670993805 98.0 1
40 109 0.0427050590515 106.0 1
41 85 0.0343639850616 82.0 1
42 96 0.0393469333649 93.0 1
43 111 0.0473868846893 108.0 1
44 100 0.0422179698944 97.0 1
45 86 0.0343079566956 83.0 1
46 111 0.0473430156708 108.0 1
47 84 0.0352931022644 81.0 1
48 100 0.0395400524139 97.0 1
49 124 0.0508251190186 121.0 1
0 134 0.0539350509644 131.0 1
1 27 0.0111300945282 24.0 1
2 11 0.00441694259644 8.0 1
3 14 0.00565791130066 11.0 1
4 9 0.00350618362427 6.0 1
5 16 0.00645589828491 13.0 1
6 8 0.00299596786499 5.0 1
7 14 0.00560402870178 11.0 1
8 11 0.00433993339539 8.0 1
9 19 0.00805282592773 16.0 1
10 13 0.015419960022 10.0 1
11 9 0.00373601913452 6.0 1
12 20 0.00897693634033 17.0 1
13 8 0.00316500663757 5.0 1
14 12 0.00525999069214 9.0 1
15 8 0.00336718559265 5.0 1
16 8 0.00334000587463 5.0 1
17 17 0.00751090049744 14.0 1
18 8 0.00337290763855 5.0 1
19 16 0.00708293914795 13.0 1
20 12 0.00526309013367 9.0 1
21 11 0.00478792190552 8.0 1
22 8 0.0033540725708 5.0 1
23 9 0.0037899017334 6.0 1
24 9 0.00382304191589 6.0 1
25 17 0.0075511932373 14.0 1
26 11 0.00476288795471 8.0 1
27 17 0.00750684738159 14.0 1
28 11 0.00476002693176 8.0 1
29 10 0.00429606437683 7.0 1
30 11 0.0048201084137 8.0 1
31 32 0.0147459506989 29.0 1
32 17 0.00756192207336 14.0 1
33 18 0.00797700881958 15.0 1
34 8 0.00335693359375 5.0 1
35 10 0.00431704521179 7.0 1
36 12 0.00525307655334 9.0 1
37 9 0.00387501716614 6.0 1
38 12 0.00531101226807 9.0 1
39 12 0.00517988204956 9.0 1
40 9 0.00387406349182 6.0 1
41 8 0.00336885452271 5.0 1
42 14 0.00616002082825 11.0 1
43 18 0.0080041885376 15.0 1
44 9 0.00381803512573 6.0 1
45 9 0.00380301475525 6.0 1
46 12 0.00522899627686 9.0 1
47 10 0.00433993339539 7.0 1
48 9 0.00379085540771 6.0 1
49 10 0.0043249130249 7.0 1
0 216 0.101438999176 213.0 1
1 24 0.0109610557556 21.0 1
2 25 0.0113310813904 22.0 1
3 23 0.0103948116302 20.0 1
4 121 0.0564250946045 118.0 1
5 136 0.0632450580597 133.0 1
6 182 0.0849771499634 179.0 1
7 16 0.0070629119873 13.0 1
8 11 0.0047550201416 8.0 1
9 13 0.00568079948425 10.0 1
10 14 0.0061399936676 11.0 1
11 14 0.00614500045776 11.0 1
12 9 0.00379300117493 6.0 1
13 11 0.00471115112305 8.0 1
14 12 0.00520586967468 9.0 1
15 148 0.0687921047211 145.0 1
16 12 0.00521302223206 9.0 1
17 8 0.00332403182983 5.0 1
18 9 0.00378394126892 6.0 1
19 124 0.0577499866486 121.0 1
20 225 0.10626578331 222.0 1
21 8 0.00336599349976 5.0 1
22 1385 0.647967100143 1382.0 1
23 13 0.00571894645691 10.0 1
24 35 0.0159890651703 32.0 1
25 5000 2.33346700668 4999.0 0
26 540 0.255508184433 537.0 1
27 17 0.00764489173889 14.0 1
28 23 0.0105891227722 20.0 1
29 9 0.00389289855957 6.0 1
30 81 0.0379951000214 78.0 1
31 61 0.0286729335785 58.0 1
32 10 0.00431299209595 7.0 1
33 254 0.120321035385 251.0 1
34 712 0.337304115295 709.0 1
35 8 0.00335717201233 5.0 1
36 544 0.25562620163 541.0 1
37 9 0.00385284423828 6.0 1
38 69 0.0320479869843 66.0 1
39 8 0.00336694717407 5.0 1
40 17 0.00755620002747 14.0 1
41 569 0.271484851837 566.0 1
42 12 0.00516796112061 9.0 1
43 63 0.0290508270264 60.0 1
44 267 0.12464594841 264.0 1
45 175 0.0813510417938 172.0 1
46 245 0.114614963531 242.0 1
47 1576 0.743635892868 1573.0 1
48 17 0.00769710540771 14.0 1
49 953 0.450228214264 950.0 1
0 536 0.251748800278 533.0 1
1 31 0.0143010616302 28.0 1
2 5000 2.34678506851 4999.0 0
3 14 0.00627303123474 11.0 1
4 8 0.00339603424072 5.0 1
5 10 0.00430393218994 7.0 1
6 110 0.0518589019775 107.0 1
7 5000 2.25716495514 4999.0 0
8 5000 2.09724211693 4999.0 0
9 20 0.0078558921814 17.0 1
10 16 0.00651502609253 13.0 1
11 9 0.00358915328979 6.0 1
12 34 0.012699842453 31.0 1
13 5000 2.10291814804 4999.0 0
14 5000 2.46188402176 4999.0 0
15 5000 2.09125995636 4999.0 0
16 16 0.00622892379761 13.0 1
17 12 0.00480008125305 9.0 1
18 10 0.00399804115295 7.0 1
19 77 0.0331468582153 74.0 1
20 5000 2.08709001541 4999.0 0
21 5000 2.19681215286 4999.0 0
22 1513 0.63515496254 1510.0 1
23 9 0.0035297870636 6.0 1
24 11 0.00467610359192 8.0 1
25 8 0.00301885604858 5.0 1
26 10 0.00390315055847 7.0 1
27 108 0.0466589927673 105.0 1
28 96 0.0412809848785 93.0 1
29 83 0.0313031673431 80.0 1
30 15 0.00537204742432 12.0 1
31 8 0.00230288505554 5.0 1
32 84 0.0351610183716 81.0 1
33 44 0.0188519954681 41.0 1
34 20 0.00821018218994 17.0 1
35 44 0.019199848175 41.0 1
36 69 0.0295469760895 66.0 1
37 85 0.0358941555023 82.0 1
38 35 0.0144550800323 32.0 1
39 51 0.021369934082 48.0 1
40 73 0.0305528640747 70.0 1
41 18 0.00738787651062 15.0 1
42 5000 2.08989906311 4999.0 0
43 16 0.00641107559204 13.0 1
44 25 0.00976300239563 22.0 1
45 14 0.00358891487122 11.0 1
46 5000 2.05310511589 4999.0 0
47 19 0.00567722320557 16.0 1
48 25 0.0074028968811 22.0 1
49 14 0.00556683540344 11.0 1
