trial, number of steps, runtime, accumulated reward, termination
0 9 0.00337100028992 6.0 1
1 16 0.00600409507751 13.0 1
2 9 0.00339508056641 6.0 1
3 12 0.00655603408813 9.0 1
4 12 0.00419187545776 9.0 1
5 11 0.00384497642517 8.0 1
6 9 0.0021870136261 6.0 1
7 13 0.00325012207031 10.0 1
8 11 0.00376415252686 8.0 1
9 9 0.00312304496765 6.0 1
10 17 0.00642395019531 14.0 1
11 11 0.00422811508179 8.0 1
12 10 0.0037579536438 7.0 1
13 13 0.00544595718384 10.0 1
14 10 0.00391292572021 7.0 1
15 13 0.00483417510986 10.0 1
16 12 0.00463700294495 9.0 1
17 16 0.00624513626099 13.0 1
18 10 0.0038731098175 7.0 1
19 12 0.00474095344543 9.0 1
20 25 0.00918817520142 22.0 1
21 17 0.00648283958435 14.0 1
22 19 0.00722885131836 16.0 1
23 10 0.00374698638916 7.0 1
24 10 0.00379800796509 7.0 1
25 11 0.00432705879211 8.0 1
26 11 0.00417804718018 8.0 1
27 15 0.00515007972717 12.0 1
28 11 0.00416994094849 8.0 1
29 10 0.00387406349182 7.0 1
30 11 0.00406694412231 8.0 1
31 12 0.00467205047607 9.0 1
32 15 0.00520706176758 12.0 1
33 11 0.0042040348053 8.0 1
34 10 0.00386905670166 7.0 1
35 13 0.00485181808472 10.0 1
36 9 0.00331211090088 6.0 1
37 12 0.00451493263245 9.0 1
38 12 0.0042450428009 9.0 1
39 13 0.00506591796875 10.0 1
40 13 0.0049159526825 10.0 1
41 12 0.00467896461487 9.0 1
42 12 0.00435900688171 9.0 1
43 10 0.00361800193787 7.0 1
44 18 0.00641894340515 15.0 1
45 15 0.00550103187561 12.0 1
46 -1 0.0 0.0 0
47 -1 0.0 0.0 0
48 -1 0.0 0.0 0
49 -1 0.0 0.0 0
0 10 0.00508809089661 7.0 1
1 11 0.0048508644104 8.0 1
2 15 0.00703501701355 12.0 1
3 13 0.00537085533142 10.0 1
4 17 0.00698399543762 14.0 1
5 20 0.0118250846863 17.0 1
6 15 0.0063111782074 12.0 1
7 8 0.00313901901245 5.0 1
8 8 0.00306105613708 5.0 1
9 10 0.00391507148743 7.0 1
10 16 0.00672507286072 13.0 1
11 13 0.00540781021118 10.0 1
12 10 0.00430583953857 7.0 1
13 12 0.00483798980713 9.0 1
14 16 0.00651407241821 13.0 1
15 8 0.00246787071228 5.0 1
16 11 0.00330495834351 8.0 1
17 12 0.00411295890808 9.0 1
18 11 0.00409698486328 8.0 1
19 13 0.00483584403992 10.0 1
20 13 0.00498390197754 10.0 1
21 17 0.00647592544556 14.0 1
22 20 0.00868201255798 17.0 1
23 9 0.00325512886047 6.0 1
24 12 0.00447297096252 9.0 1
25 15 0.00615787506104 12.0 1
26 12 0.00483417510986 9.0 1
27 27 0.010290145874 24.0 1
28 17 0.00616002082825 14.0 1
29 16 0.00418496131897 13.0 1
30 15 0.00573086738586 12.0 1
31 8 0.00307297706604 5.0 1
32 11 0.00460314750671 8.0 1
33 13 0.00534009933472 10.0 1
34 9 0.00350284576416 6.0 1
35 8 0.0031578540802 5.0 1
36 10 0.00382494926453 7.0 1
37 15 0.00615096092224 12.0 1
38 11 0.00368499755859 8.0 1
39 9 0.00346112251282 6.0 1
40 14 0.00588989257812 11.0 1
41 11 0.00439715385437 8.0 1
42 11 0.00441312789917 8.0 1
43 12 0.00463700294495 9.0 1
44 -1 0.0 0.0 0
45 -1 0.0 0.0 0
46 -1 0.0 0.0 0
47 -1 0.0 0.0 0
48 -1 0.0 0.0 0
49 -1 0.0 0.0 0
0 15 0.00663685798645 12.0 1
1 14 0.00566411018372 11.0 1
2 10 0.00396585464478 7.0 1
3 12 0.0047619342804 9.0 1
4 11 0.0037739276886 8.0 1
5 9 0.00288701057434 6.0 1
6 11 0.00281310081482 8.0 1
7 11 0.00416111946106 8.0 1
8 12 0.00448799133301 9.0 1
9 14 0.00461983680725 11.0 1
10 19 0.00634694099426 16.0 1
11 8 0.00298595428467 5.0 1
12 11 0.00370812416077 8.0 1
13 11 0.00372290611267 8.0 1
14 9 0.0034761428833 6.0 1
15 12 0.00364899635315 9.0 1
16 11 0.0034339427948 8.0 1
17 15 0.00573587417603 12.0 1
18 11 0.00431895256042 8.0 1
19 12 0.00475907325745 9.0 1
20 10 0.00393605232239 7.0 1
21 13 0.00520586967468 10.0 1
22 9 0.00348210334778 6.0 1
23 13 0.00505900382996 10.0 1
24 12 0.00398707389832 9.0 1
25 34 0.0131850242615 31.0 1
26 10 0.00381207466125 7.0 1
27 13 0.00519514083862 10.0 1
28 16 0.00713491439819 13.0 1
29 9 0.00350785255432 6.0 1
30 18 0.00742506980896 15.0 1
31 12 0.00483393669128 9.0 1
32 12 0.00410294532776 9.0 1
33 12 0.00464415550232 9.0 1
34 9 0.00332999229431 6.0 1
35 11 0.00428009033203 8.0 1
36 12 0.00455117225647 9.0 1
37 11 0.00414609909058 8.0 1
38 12 0.00465178489685 9.0 1
39 9 0.00343012809753 6.0 1
40 12 0.00477600097656 9.0 1
41 10 0.00359797477722 7.0 1
42 16 0.00606489181519 13.0 1
43 8 0.00306987762451 5.0 1
44 10 0.00388312339783 7.0 1
45 15 0.0059700012207 12.0 1
46 11 0.00442910194397 8.0 1
47 -1 0.0 0.0 0
48 -1 0.0 0.0 0
49 -1 0.0 0.0 0
0 15 0.00647401809692 12.0 1
1 51 0.0199739933014 48.0 1
2 13 0.00520896911621 10.0 1
3 12 0.00497579574585 9.0 1
4 15 0.0060338973999 12.0 1
5 10 0.00395607948303 7.0 1
6 13 0.00513100624084 10.0 1
7 15 0.00607204437256 12.0 1
8 8 0.00327706336975 5.0 1
9 10 0.00388312339783 7.0 1
10 10 0.00396609306335 7.0 1
11 12 0.00475001335144 9.0 1
12 9 0.00353002548218 6.0 1
13 12 0.00483298301697 9.0 1
14 12 0.00482702255249 9.0 1
15 10 0.00392985343933 7.0 1
16 11 0.00444078445435 8.0 1
17 16 0.00635004043579 13.0 1
18 12 0.00445485115051 9.0 1
19 9 0.00328302383423 6.0 1
20 13 0.00464010238647 10.0 1
21 14 0.0039918422699 11.0 1
22 12 0.00378108024597 9.0 1
23 12 0.00436019897461 9.0 1
24 12 0.00409197807312 9.0 1
25 19 0.00514316558838 16.0 1
26 10 0.00351595878601 7.0 1
27 11 0.0039439201355 8.0 1
28 14 0.00461292266846 11.0 1
29 8 0.00225710868835 5.0 1
30 10 0.00303816795349 7.0 1
31 12 0.00432586669922 9.0 1
32 15 0.0052809715271 12.0 1
33 10 0.00240087509155 7.0 1
34 12 0.00290513038635 9.0 1
35 9 0.00213217735291 6.0 1
36 21 0.00519680976868 18.0 1
37 9 0.00213885307312 6.0 1
38 11 0.00293207168579 8.0 1
39 11 0.00278306007385 8.0 1
40 26 0.00658488273621 23.0 1
41 10 0.00346398353577 7.0 1
42 45 0.0158188343048 42.0 1
43 -1 0.0 0.0 0
44 -1 0.0 0.0 0
45 -1 0.0 0.0 0
46 -1 0.0 0.0 0
47 -1 0.0 0.0 0
48 -1 0.0 0.0 0
49 -1 0.0 0.0 0
0 12 0.0032160282135 9.0 1
1 13 0.00317811965942 10.0 1
2 13 0.0031590461731 10.0 1
3 13 0.00678086280823 10.0 1
4 11 0.00292706489563 8.0 1
5 11 0.0028350353241 8.0 1
6 9 0.00215196609497 6.0 1
7 15 0.00381398200989 12.0 1
8 8 0.00248098373413 5.0 1
9 14 0.00530886650085 11.0 1
10 14 0.00537896156311 11.0 1
11 15 0.00513505935669 12.0 1
12 8 0.00282406806946 5.0 1
13 19 0.00665187835693 16.0 1
14 8 0.00189018249512 5.0 1
15 18 0.00558400154114 15.0 1
16 13 0.00400519371033 10.0 1
17 9 0.00317001342773 6.0 1
18 12 0.00452995300293 9.0 1
19 9 0.00318789482117 6.0 1
20 18 0.00450897216797 15.0 1
21 13 0.0032799243927 10.0 1
22 15 0.00378584861755 12.0 1
23 11 0.00271201133728 8.0 1
24 12 0.00300598144531 9.0 1
25 13 0.00326585769653 10.0 1
26 16 0.00406789779663 13.0 1
27 8 0.00240302085876 5.0 1
28 11 0.00280594825745 8.0 1
29 10 0.0025680065155 7.0 1
30 16 0.00409007072449 13.0 1
31 9 0.00223994255066 6.0 1
32 11 0.0027539730072 8.0 1
33 10 0.0025041103363 7.0 1
34 14 0.00469493865967 11.0 1
35 15 0.00555300712585 12.0 1
36 12 0.00392603874207 9.0 1
37 10 0.00354385375977 7.0 1
38 12 0.00316715240479 9.0 1
39 13 0.00332188606262 10.0 1
40 12 0.00304102897644 9.0 1
41 11 0.00280094146729 8.0 1
42 10 0.00252509117126 7.0 1
43 13 0.00331592559814 10.0 1
44 14 0.00355696678162 11.0 1
45 -1 0.0 0.0 0
46 -1 0.0 0.0 0
47 -1 0.0 0.0 0
48 -1 0.0 0.0 0
49 -1 0.0 0.0 0
0 10 0.00274109840393 7.0 1
1 12 0.00306105613708 9.0 1
2 9 0.00225806236267 6.0 1
3 20 0.00533986091614 17.0 1
4 20 0.00536489486694 17.0 1
5 20 0.00592303276062 17.0 1
6 16 0.00506114959717 13.0 1
7 9 0.00340414047241 6.0 1
8 13 0.00500202178955 10.0 1
9 10 0.00434708595276 7.0 1
10 13 0.00581479072571 10.0 1
11 9 0.00382995605469 6.0 1
12 12 0.00522708892822 9.0 1
13 11 0.00460410118103 8.0 1
14 10 0.00444102287292 7.0 1
15 10 0.0043089389801 7.0 1
16 11 0.00483107566833 8.0 1
17 19 0.00837016105652 16.0 1
18 9 0.00371193885803 6.0 1
19 9 0.00368309020996 6.0 1
20 10 0.0042290687561 7.0 1
21 18 0.00720810890198 15.0 1
22 10 0.00387501716614 7.0 1
23 13 0.0058000087738 10.0 1
24 9 0.00356101989746 6.0 1
25 11 0.00489211082458 8.0 1
26 16 0.00714492797852 13.0 1
27 8 0.00334906578064 5.0 1
28 9 0.00390100479126 6.0 1
29 12 0.00531506538391 9.0 1
30 14 0.00644397735596 11.0 1
31 12 0.0054931640625 9.0 1
32 11 0.00482392311096 8.0 1
33 12 0.00522398948669 9.0 1
34 10 0.00439596176147 7.0 1
35 14 0.0059859752655 11.0 1
36 10 0.00419116020203 7.0 1
37 11 0.00478291511536 8.0 1
38 12 0.00448489189148 9.0 1
39 18 0.00857210159302 15.0 1
40 11 0.00494694709778 8.0 1
41 10 0.00458002090454 7.0 1
42 11 0.00467491149902 8.0 1
43 13 0.0057520866394 10.0 1
44 -1 0.0 0.0 0
45 -1 0.0 0.0 0
46 -1 0.0 0.0 0
47 -1 0.0 0.0 0
48 -1 0.0 0.0 0
49 -1 0.0 0.0 0
0 17 0.00804114341736 14.0 1
1 14 0.00623106956482 11.0 1
2 11 0.00471305847168 8.0 1
3 9 0.00397109985352 6.0 1
4 16 0.0065758228302 13.0 1
5 10 0.00356793403625 7.0 1
6 13 0.00494599342346 10.0 1
7 9 0.00381684303284 6.0 1
8 16 0.0067880153656 13.0 1
9 10 0.00383710861206 7.0 1
10 12 0.0049831867218 9.0 1
11 10 0.0042130947113 7.0 1
12 11 0.00478100776672 8.0 1
13 10 0.00422310829163 7.0 1
14 15 0.00666308403015 12.0 1
15 11 0.00466322898865 8.0 1
16 10 0.00486207008362 7.0 1
17 9 0.00378799438477 6.0 1
18 12 0.00539803504944 9.0 1
19 10 0.00429677963257 7.0 1
20 12 0.00522017478943 9.0 1
21 22 0.00982809066772 19.0 1
22 12 0.0050060749054 9.0 1
23 10 0.00450706481934 7.0 1
24 11 0.00461006164551 8.0 1
25 10 0.00434398651123 7.0 1
26 12 0.0060179233551 9.0 1
27 11 0.00517892837524 8.0 1
28 10 0.00427103042603 7.0 1
29 11 0.0046751499176 8.0 1
30 8 0.00336718559265 5.0 1
31 11 0.00484704971313 8.0 1
32 9 0.00386309623718 6.0 1
33 12 0.00530195236206 9.0 1
34 13 0.00586605072021 10.0 1
35 11 0.00469708442688 8.0 1
36 9 0.00388789176941 6.0 1
37 12 0.0053379535675 9.0 1
38 9 0.00375199317932 6.0 1
39 17 0.00762891769409 14.0 1
40 16 0.00700092315674 13.0 1
41 9 0.00377798080444 6.0 1
42 12 0.00514817237854 9.0 1
43 9 0.0038321018219 6.0 1
44 12 0.00510501861572 9.0 1
45 9 0.00384092330933 6.0 1
46 13 0.00583600997925 10.0 1
47 -1 0.0 0.0 0
48 -1 0.0 0.0 0
49 -1 0.0 0.0 0
0 13 0.00613903999329 10.0 1
1 10 0.00438714027405 7.0 1
2 11 0.00468182563782 8.0 1
3 15 0.00652694702148 12.0 1
4 10 0.00436305999756 7.0 1
5 10 0.00420093536377 7.0 1
6 11 0.00498986244202 8.0 1
7 11 0.00483393669128 8.0 1
8 8 0.00334095954895 5.0 1
9 13 0.00577998161316 10.0 1
10 9 0.0039370059967 6.0 1
11 14 0.00609993934631 11.0 1
12 9 0.00384187698364 6.0 1
13 11 0.00481295585632 8.0 1
14 13 0.0056369304657 10.0 1
15 15 0.00663304328918 12.0 1
16 9 0.00395011901855 6.0 1
17 15 0.00680303573608 12.0 1
18 14 0.00622296333313 11.0 1
19 16 0.00702500343323 13.0 1
20 9 0.00379014015198 6.0 1
21 27 0.0119791030884 24.0 1
22 15 0.00668001174927 12.0 1
23 13 0.00575995445251 10.0 1
24 10 0.00447797775269 7.0 1
25 9 0.00382208824158 6.0 1
26 12 0.00517606735229 9.0 1
27 12 0.00508117675781 9.0 1
28 20 0.00881814956665 17.0 1
29 10 0.00432991981506 7.0 1
30 13 0.00572204589844 10.0 1
31 12 0.00504803657532 9.0 1
32 13 0.00562882423401 10.0 1
33 13 0.00564694404602 10.0 1
34 9 0.00389695167542 6.0 1
35 17 0.00755214691162 14.0 1
36 11 0.00481700897217 8.0 1
37 10 0.00427007675171 7.0 1
38 13 0.00567603111267 10.0 1
39 11 0.00470519065857 8.0 1
40 11 0.0059859752655 8.0 1
41 9 0.00473594665527 6.0 1
42 17 0.00765800476074 14.0 1
43 17 0.00784492492676 14.0 1
44 12 0.00559306144714 9.0 1
45 9 0.00408887863159 6.0 1
46 15 0.00676584243774 12.0 1
47 8 0.00332903862 5.0 1
48 10 0.00424790382385 7.0 1
49 -1 0.0 0.0 0
0 14 0.00635695457458 11.0 1
1 19 0.00858879089355 16.0 1
2 13 0.0056209564209 10.0 1
3 10 0.00449514389038 7.0 1
4 11 0.0047299861908 8.0 1
5 16 0.00711512565613 13.0 1
6 9 0.00388097763062 6.0 1
7 10 0.00435185432434 7.0 1
8 13 0.0057520866394 10.0 1
9 15 0.00668096542358 12.0 1
10 10 0.00441813468933 7.0 1
11 14 0.00636792182922 11.0 1
12 22 0.0101058483124 19.0 1
13 9 0.00391292572021 6.0 1
14 10 0.00423717498779 7.0 1
15 16 0.00729703903198 13.0 1
16 13 0.00577402114868 10.0 1
17 15 0.00674104690552 12.0 1
18 12 0.00542712211609 9.0 1
19 9 0.00388503074646 6.0 1
20 20 0.00910902023315 17.0 1
21 12 0.00535702705383 9.0 1
22 23 0.0103049278259 20.0 1
23 15 0.00677108764648 12.0 1
24 9 0.00385093688965 6.0 1
25 15 0.00660800933838 12.0 1
26 9 0.00388503074646 6.0 1
27 13 0.00573706626892 10.0 1
28 13 0.00564098358154 10.0 1
29 9 0.00388503074646 6.0 1
30 12 0.00513601303101 9.0 1
31 11 0.00472211837769 8.0 1
32 13 0.00558400154114 10.0 1
33 9 0.00438094139099 6.0 1
34 12 0.00584006309509 9.0 1
35 9 0.00437712669373 6.0 1
36 9 0.00377702713013 6.0 1
37 9 0.00378084182739 6.0 1
38 11 0.00460505485535 8.0 1
39 10 0.00434803962708 7.0 1
40 13 0.00577902793884 10.0 1
41 12 0.00524210929871 9.0 1
42 9 0.00416898727417 6.0 1
43 12 0.00514817237854 9.0 1
44 13 0.00574207305908 10.0 1
45 13 0.00574803352356 10.0 1
46 -1 0.0 0.0 0
47 -1 0.0 0.0 0
48 -1 0.0 0.0 0
49 -1 0.0 0.0 0
0 12 0.00573801994324 9.0 1
1 13 0.0057909488678 10.0 1
2 11 0.00473403930664 8.0 1
3 11 0.00484395027161 8.0 1
4 10 0.00441288948059 7.0 1
5 12 0.0053448677063 9.0 1
6 12 0.00532102584839 9.0 1
7 15 0.00701689720154 12.0 1
8 10 0.00432205200195 7.0 1
9 13 0.0058000087738 10.0 1
10 10 0.00437712669373 7.0 1
11 9 0.00389504432678 6.0 1
12 12 0.00537991523743 9.0 1
13 14 0.00634098052979 11.0 1
14 12 0.0052170753479 9.0 1
15 15 0.00678706169128 12.0 1
16 11 0.00477504730225 8.0 1
17 10 0.00441694259644 7.0 1
18 10 0.00432205200195 7.0 1
19 11 0.00486087799072 8.0 1
20 10 0.00434494018555 7.0 1
21 9 0.00405788421631 6.0 1
22 10 0.0044310092926 7.0 1
23 11 0.00489902496338 8.0 1
24 37 0.0174341201782 34.0 1
25 11 0.0049090385437 8.0 1
26 15 0.0066819190979 12.0 1
27 9 0.00392603874207 6.0 1
28 13 0.00574493408203 10.0 1
29 14 0.00622296333313 11.0 1
30 19 0.00877404212952 16.0 1
31 10 0.00440502166748 7.0 1
32 10 0.00455093383789 7.0 1
33 11 0.00467109680176 8.0 1
34 13 0.00671195983887 10.0 1
35 12 0.0053768157959 9.0 1
36 9 0.00391292572021 6.0 1
37 12 0.005450963974 9.0 1
38 10 0.00445604324341 7.0 1
39 12 0.00531101226807 9.0 1
40 10 0.00449895858765 7.0 1
41 14 0.00647497177124 11.0 1
42 8 0.00344181060791 5.0 1
43 10 0.00430488586426 7.0 1
44 11 0.00476479530334 8.0 1
45 -1 0.0 0.0 0
46 -1 0.0 0.0 0
47 -1 0.0 0.0 0
48 -1 0.0 0.0 0
49 -1 0.0 0.0 0
