trial, number of steps, runtime, accumulated reward, termination
0 964 0.485276937485 -962.0 1
1 506 0.266012191772 -504.0 1
2 326 0.168090820312 -324.0 1
3 254 0.134438991547 -252.0 1
4 168 0.109374046326 -166.0 1
5 220 0.141197919846 -218.0 1
6 357 0.230532884598 -355.0 1
7 517 0.333044052124 -515.0 1
8 248 0.159626960754 -246.0 1
9 236 0.152826070786 -234.0 1
10 186 0.118705034256 -184.0 1
11 190 0.120720148087 -188.0 1
12 211 0.13770699501 -209.0 1
13 159 0.103317022324 -157.0 1
14 158 0.102817058563 -156.0 1
15 185 0.119657993317 -183.0 1
16 212 0.138189792633 -210.0 1
17 212 0.139320135117 -210.0 1
18 220 0.145333051682 -218.0 1
19 208 0.13884806633 -206.0 1
20 116 0.0757460594177 -114.0 1
21 212 0.139971017838 -210.0 1
22 241 0.164844989777 -239.0 1
23 263 0.173883914948 -261.0 1
24 152 0.100445985794 -150.0 1
25 214 0.140571832657 -212.0 1
26 537 0.355596065521 -535.0 1
27 159 0.105792999268 -157.0 1
28 222 0.14683508873 -220.0 1
29 116 0.0764029026031 -114.0 1
30 201 0.131091117859 -199.0 1
31 102 0.0671010017395 -100.0 1
32 188 0.1251308918 -186.0 1
33 510 0.342964887619 -508.0 1
34 204 0.135642051697 -202.0 1
35 192 0.128067970276 -190.0 1
36 109 0.0731348991394 -107.0 1
37 286 0.193463087082 -284.0 1
38 121 0.0796680450439 -119.0 1
39 520 0.348144054413 -518.0 1
40 120 0.0813109874725 -118.0 1
41 151 0.101985931396 -149.0 1
42 111 0.0745749473572 -109.0 1
43 109 0.0722470283508 -107.0 1
44 216 0.143455028534 -214.0 1
45 229 0.157392978668 -227.0 1
46 143 0.0973339080811 -141.0 1
47 134 0.0900158882141 -132.0 1
48 85 0.0576250553131 -83.0 1
49 242 0.162850856781 -240.0 1
0 964 0.649136066437 -962.0 1
1 506 0.348994970322 -504.0 1
2 326 0.222071886063 -324.0 1
3 254 0.174392938614 -252.0 1
4 168 0.116250991821 -166.0 1
5 220 0.149276018143 -218.0 1
6 357 0.240501880646 -355.0 1
7 517 0.350970983505 -515.0 1
8 248 0.166843891144 -246.0 1
9 236 0.160948038101 -234.0 1
10 186 0.127370119095 -184.0 1
11 190 0.129001140594 -188.0 1
12 211 0.144371032715 -209.0 1
13 159 0.108633995056 -157.0 1
14 158 0.106788158417 -156.0 1
15 185 0.127324104309 -183.0 1
16 212 0.144675970078 -210.0 1
17 212 0.143301010132 -210.0 1
18 220 0.145528078079 -218.0 1
19 208 0.140413045883 -206.0 1
20 116 0.0782852172852 -114.0 1
21 212 0.146525144577 -210.0 1
22 241 0.167848825455 -239.0 1
23 263 0.184128046036 -261.0 1
24 152 0.102013111115 -150.0 1
25 214 0.145227193832 -212.0 1
26 537 0.375324964523 -535.0 1
27 159 0.107394933701 -157.0 1
28 222 0.147056102753 -220.0 1
29 116 0.0816509723663 -114.0 1
30 201 0.138996124268 -199.0 1
31 102 0.0698959827423 -100.0 1
32 188 0.131214857101 -186.0 1
33 510 0.350283145905 -508.0 1
34 204 0.13778591156 -202.0 1
35 192 0.129677057266 -190.0 1
36 109 0.0719728469849 -107.0 1
37 286 0.191593885422 -284.0 1
38 121 0.0790908336639 -119.0 1
39 520 0.341063022614 -518.0 1
40 120 0.0791440010071 -118.0 1
41 151 0.0974841117859 -149.0 1
42 111 0.0703001022339 -109.0 1
43 109 0.0678460597992 -107.0 1
44 216 0.137890100479 -214.0 1
45 229 0.143534183502 -227.0 1
46 143 0.0887479782104 -141.0 1
47 134 0.0818350315094 -132.0 1
48 85 0.053426027298 -83.0 1
49 242 0.153844118118 -240.0 1
0 964 0.600591897964 -962.0 1
1 506 0.319123029709 -504.0 1
2 326 0.206783056259 -324.0 1
3 254 0.163348913193 -252.0 1
4 168 0.107060194016 -166.0 1
5 220 0.140219926834 -218.0 1
6 357 0.234116077423 -355.0 1
7 517 0.350233078003 -515.0 1
8 248 0.168303012848 -246.0 1
9 236 0.163130044937 -234.0 1
10 186 0.127697944641 -184.0 1
11 190 0.130106925964 -188.0 1
12 211 0.147444009781 -209.0 1
13 159 0.111207008362 -157.0 1
14 158 0.115149021149 -156.0 1
15 185 0.126792907715 -183.0 1
16 212 0.147712945938 -210.0 1
17 212 0.145843982697 -210.0 1
18 220 0.153052091599 -218.0 1
19 208 0.144100189209 -206.0 1
20 116 0.0796048641205 -114.0 1
21 212 0.149467945099 -210.0 1
22 241 0.171186923981 -239.0 1
23 263 0.180191993713 -261.0 1
24 152 0.103104114532 -150.0 1
25 214 0.146930932999 -212.0 1
26 537 0.375441074371 -535.0 1
27 159 0.111261844635 -157.0 1
28 222 0.156165838242 -220.0 1
29 116 0.0792729854584 -114.0 1
30 201 0.137469053268 -199.0 1
31 102 0.0703411102295 -100.0 1
32 188 0.13273191452 -186.0 1
33 510 0.360755205154 -508.0 1
34 204 0.142434835434 -202.0 1
35 192 0.133131027222 -190.0 1
36 109 0.0752890110016 -107.0 1
37 286 0.198153972626 -284.0 1
38 121 0.0826671123505 -119.0 1
39 520 0.358140945435 -518.0 1
40 120 0.0816130638123 -118.0 1
41 151 0.102197170258 -149.0 1
42 111 0.0763740539551 -109.0 1
43 109 0.0769760608673 -107.0 1
44 216 0.147440910339 -214.0 1
45 229 0.155638933182 -227.0 1
46 143 0.0976760387421 -141.0 1
47 134 0.0906322002411 -132.0 1
48 85 0.0567750930786 -83.0 1
49 242 0.16486620903 -240.0 1
0 964 0.668448925018 -962.0 1
1 506 0.354084014893 -504.0 1
2 326 0.22833108902 -324.0 1
3 254 0.177239894867 -252.0 1
4 168 0.117136001587 -166.0 1
5 220 0.154047966003 -218.0 1
6 357 0.247195005417 -355.0 1
7 517 0.359704017639 -515.0 1
8 248 0.171550989151 -246.0 1
9 236 0.16362786293 -234.0 1
10 186 0.129127979279 -184.0 1
11 190 0.131083965302 -188.0 1
12 211 0.147899150848 -209.0 1
13 159 0.113651990891 -157.0 1
14 158 0.110677957535 -156.0 1
15 185 0.128993988037 -183.0 1
16 212 0.143939971924 -210.0 1
17 212 0.14725112915 -210.0 1
18 220 0.153150081635 -218.0 1
19 208 0.139905929565 -206.0 1
20 116 0.0747838020325 -114.0 1
21 212 0.135329961777 -210.0 1
22 241 0.153959035873 -239.0 1
23 263 0.171611070633 -261.0 1
24 152 0.0979628562927 -150.0 1
25 214 0.144478082657 -212.0 1
26 537 0.349812984467 -535.0 1
27 159 0.103008985519 -157.0 1
28 222 0.141705036163 -220.0 1
29 116 0.0733380317688 -114.0 1
30 201 0.129950046539 -199.0 1
31 102 0.0651910305023 -100.0 1
32 188 0.123956918716 -186.0 1
33 510 0.335850000381 -508.0 1
34 204 0.130391120911 -202.0 1
35 192 0.128494024277 -190.0 1
36 109 0.0701320171356 -107.0 1
37 286 0.183257102966 -284.0 1
38 121 0.0756990909576 -119.0 1
39 520 0.331192016602 -518.0 1
40 120 0.077171087265 -118.0 1
41 151 0.0992178916931 -149.0 1
42 111 0.0732049942017 -109.0 1
43 109 0.0707039833069 -107.0 1
44 216 0.142467975616 -214.0 1
45 229 0.152842998505 -227.0 1
46 143 0.0957119464874 -141.0 1
47 134 0.0876340866089 -132.0 1
48 85 0.0555741786957 -83.0 1
49 242 0.161349058151 -240.0 1
0 964 0.632316112518 -962.0 1
1 506 0.326521873474 -504.0 1
2 326 0.212043046951 -324.0 1
3 254 0.164352178574 -252.0 1
4 168 0.101317882538 -166.0 1
5 220 0.142169952393 -218.0 1
6 357 0.233564853668 -355.0 1
7 517 0.332958936691 -515.0 1
8 248 0.154422998428 -246.0 1
9 236 0.138785839081 -234.0 1
10 186 0.116221904755 -184.0 1
11 190 0.105369091034 -188.0 1
12 211 0.132886886597 -209.0 1
13 159 0.101323127747 -157.0 1
14 158 0.0999181270599 -156.0 1
15 185 0.117811918259 -183.0 1
16 212 0.133858203888 -210.0 1
17 212 0.133103132248 -210.0 1
18 220 0.134449005127 -218.0 1
19 208 0.127668142319 -206.0 1
20 116 0.072683095932 -114.0 1
21 212 0.131562948227 -210.0 1
22 241 0.150727987289 -239.0 1
23 263 0.165493965149 -261.0 1
24 152 0.0945000648499 -150.0 1
25 214 0.136901140213 -212.0 1
26 537 0.330782175064 -535.0 1
27 159 0.0933737754822 -157.0 1
28 222 0.132343769073 -220.0 1
29 116 0.0687639713287 -114.0 1
30 201 0.119226932526 -199.0 1
31 102 0.0604541301727 -100.0 1
32 188 0.11224603653 -186.0 1
33 510 0.317614078522 -508.0 1
34 204 0.138023138046 -202.0 1
35 192 0.117119789124 -190.0 1
36 109 0.068745136261 -107.0 1
37 286 0.156402111053 -284.0 1
38 121 0.0645391941071 -119.0 1
39 520 0.430227041245 -518.0 1
40 120 0.0822870731354 -118.0 1
41 151 0.101707935333 -149.0 1
42 111 0.074047088623 -109.0 1
43 109 0.0726969242096 -107.0 1
44 216 0.14653301239 -214.0 1
45 229 0.152306079865 -227.0 1
46 143 0.0951888561249 -141.0 1
47 134 0.0894248485565 -132.0 1
48 85 0.0559949874878 -83.0 1
49 242 0.159046888351 -240.0 1
0 964 0.656759977341 -962.0 1
1 506 0.385368108749 -504.0 1
2 326 0.260695934296 -324.0 1
3 254 0.198865175247 -252.0 1
4 168 0.131351947784 -166.0 1
5 220 0.170854091644 -218.0 1
6 357 0.276823997498 -355.0 1
7 517 0.402900934219 -515.0 1
8 248 0.193541049957 -246.0 1
9 236 0.185963153839 -234.0 1
10 186 0.0961740016937 -184.0 1
11 190 0.0745329856873 -188.0 1
12 211 0.166066169739 -209.0 1
13 159 0.118674039841 -157.0 1
14 158 0.117531061172 -156.0 1
15 185 0.136029005051 -183.0 1
16 212 0.153004169464 -210.0 1
17 212 0.149343013763 -210.0 1
18 220 0.155009031296 -218.0 1
19 208 0.146857023239 -206.0 1
20 116 0.0831079483032 -114.0 1
21 212 0.151394844055 -210.0 1
22 241 0.173583030701 -239.0 1
23 263 0.187529087067 -261.0 1
24 152 0.10723900795 -150.0 1
25 214 0.15154504776 -212.0 1
26 537 0.39133310318 -535.0 1
27 159 0.119010210037 -157.0 1
28 222 0.160652160645 -220.0 1
29 116 0.0862829685211 -114.0 1
30 201 0.149209022522 -199.0 1
31 102 0.076210975647 -100.0 1
32 188 0.138147830963 -186.0 1
33 510 0.382280826569 -508.0 1
34 204 0.153567075729 -202.0 1
35 192 0.145289897919 -190.0 1
36 109 0.0838057994843 -107.0 1
37 286 0.216482877731 -284.0 1
38 121 0.092169046402 -119.0 1
39 520 0.399432182312 -518.0 1
40 120 0.0907011032104 -118.0 1
41 151 0.114105939865 -149.0 1
42 111 0.0829329490662 -109.0 1
43 109 0.0842969417572 -107.0 1
44 216 0.163919210434 -214.0 1
45 229 0.174285888672 -227.0 1
46 143 0.10861992836 -141.0 1
47 134 0.100785017014 -132.0 1
48 85 0.0631799697876 -83.0 1
49 242 0.184612989426 -240.0 1
0 964 0.732743024826 -962.0 1
1 506 0.383394002914 -504.0 1
2 326 0.246861934662 -324.0 1
3 254 0.193442821503 -252.0 1
4 168 0.128221035004 -166.0 1
5 220 0.165189027786 -218.0 1
6 357 0.267786026001 -355.0 1
7 517 0.398185968399 -515.0 1
8 248 0.190007925034 -246.0 1
9 236 0.180224895477 -234.0 1
10 186 0.142189979553 -184.0 1
11 190 0.143527030945 -188.0 1
12 211 0.16049695015 -209.0 1
13 159 0.119070053101 -157.0 1
14 158 0.11789894104 -156.0 1
15 185 0.132045984268 -183.0 1
16 212 0.155117988586 -210.0 1
17 212 0.153750896454 -210.0 1
18 220 0.15792798996 -218.0 1
19 208 0.153295993805 -206.0 1
20 116 0.0855140686035 -114.0 1
21 212 0.157328128815 -210.0 1
22 241 0.183568954468 -239.0 1
23 263 0.200188875198 -261.0 1
24 152 0.117745161057 -150.0 1
25 214 0.167922019958 -212.0 1
26 537 0.421795845032 -535.0 1
27 159 0.129524946213 -157.0 1
28 222 0.179224967957 -220.0 1
29 116 0.0938260555267 -114.0 1
30 201 0.163506031036 -199.0 1
31 102 0.0827071666718 -100.0 1
32 188 0.151968002319 -186.0 1
33 510 0.403515100479 -508.0 1
34 204 0.161357879639 -202.0 1
35 192 0.155956983566 -190.0 1
36 109 0.0879321098328 -107.0 1
37 286 0.233974933624 -284.0 1
38 121 0.0982558727264 -119.0 1
39 520 0.416198015213 -518.0 1
40 120 0.0973999500275 -118.0 1
41 151 0.12282705307 -149.0 1
42 111 0.0866749286652 -109.0 1
43 109 0.0851979255676 -107.0 1
44 216 0.173316001892 -214.0 1
45 229 0.186651945114 -227.0 1
46 143 0.114482164383 -141.0 1
47 134 0.103803157806 -132.0 1
48 85 0.0657620429993 -83.0 1
49 242 0.190625905991 -240.0 1
0 964 0.772889137268 -962.0 1
1 506 0.397613048553 -504.0 1
2 326 0.255934000015 -324.0 1
3 254 0.200438022614 -252.0 1
4 168 0.129750967026 -166.0 1
5 220 0.174077033997 -218.0 1
6 357 0.289309978485 -355.0 1
7 517 0.405211210251 -515.0 1
8 248 0.190968990326 -246.0 1
9 236 0.182001829147 -234.0 1
10 186 0.147749900818 -184.0 1
11 190 0.151784896851 -188.0 1
12 211 0.167883872986 -209.0 1
13 159 0.126650094986 -157.0 1
14 158 0.123945951462 -156.0 1
15 185 0.140815973282 -183.0 1
16 212 0.16078209877 -210.0 1
17 212 0.162137031555 -210.0 1
18 220 0.161593914032 -218.0 1
19 208 0.160415887833 -206.0 1
20 116 0.0905530452728 -114.0 1
21 212 0.167006969452 -210.0 1
22 241 0.190877914429 -239.0 1
23 263 0.209203958511 -261.0 1
24 152 0.119688987732 -150.0 1
25 214 0.170675039291 -212.0 1
26 537 0.428435087204 -535.0 1
27 159 0.122100830078 -157.0 1
28 222 0.168370008469 -220.0 1
29 116 0.0869810581207 -114.0 1
30 201 0.150155067444 -199.0 1
31 102 0.0757188796997 -100.0 1
32 188 0.140355110168 -186.0 1
33 510 0.387698173523 -508.0 1
34 204 0.153734922409 -202.0 1
35 192 0.146243095398 -190.0 1
36 109 0.0826399326324 -107.0 1
37 286 0.223383903503 -284.0 1
38 121 0.0947670936584 -119.0 1
39 520 0.403056144714 -518.0 1
40 120 0.094654083252 -118.0 1
41 151 0.117797136307 -149.0 1
42 111 0.0846247673035 -109.0 1
43 109 0.0848209857941 -107.0 1
44 216 0.16771197319 -214.0 1
45 229 0.178464889526 -227.0 1
46 143 0.109209060669 -141.0 1
47 134 0.0995528697968 -132.0 1
48 85 0.0629839897156 -83.0 1
49 242 0.180886030197 -240.0 1
0 964 0.715597867966 -962.0 1
1 506 0.382164955139 -504.0 1
2 326 0.238645076752 -324.0 1
3 254 0.186861038208 -252.0 1
4 168 0.122723817825 -166.0 1
5 220 0.160328149796 -218.0 1
6 357 0.263887166977 -355.0 1
7 517 0.396535158157 -515.0 1
8 248 0.191575050354 -246.0 1
9 236 0.187066078186 -234.0 1
10 186 0.147863864899 -184.0 1
11 190 0.151886940002 -188.0 1
12 211 0.166694164276 -209.0 1
13 159 0.125494003296 -157.0 1
14 158 0.124228000641 -156.0 1
15 185 0.142747879028 -183.0 1
16 212 0.159942865372 -210.0 1
17 212 0.167541980743 -210.0 1
18 220 0.175303936005 -218.0 1
19 208 0.161366939545 -206.0 1
20 116 0.0882680416107 -114.0 1
21 212 0.163822174072 -210.0 1
22 241 0.182842969894 -239.0 1
23 263 0.193820953369 -261.0 1
24 152 0.111437082291 -150.0 1
25 214 0.160789012909 -212.0 1
26 537 0.410537958145 -535.0 1
27 159 0.121284008026 -157.0 1
28 222 0.168484926224 -220.0 1
29 116 0.0889811515808 -114.0 1
30 201 0.157023191452 -199.0 1
31 102 0.0788040161133 -100.0 1
32 188 0.144220113754 -186.0 1
33 510 0.401667833328 -508.0 1
34 204 0.158722162247 -202.0 1
35 192 0.147480964661 -190.0 1
36 109 0.0834839344025 -107.0 1
37 286 0.2182700634 -284.0 1
38 121 0.0896611213684 -119.0 1
39 520 0.393630027771 -518.0 1
40 120 0.0899438858032 -118.0 1
41 151 0.114922046661 -149.0 1
42 111 0.0838918685913 -109.0 1
43 109 0.0830838680267 -107.0 1
44 216 0.163952112198 -214.0 1
45 229 0.175268888474 -227.0 1
46 143 0.10707783699 -141.0 1
47 134 0.0979120731354 -132.0 1
48 85 0.0633888244629 -83.0 1
49 242 0.184890985489 -240.0 1
0 964 0.734165906906 -962.0 1
1 506 0.390480041504 -504.0 1
2 326 0.251400947571 -324.0 1
3 254 0.190582036972 -252.0 1
4 168 0.127750873566 -166.0 1
5 220 0.164433002472 -218.0 1
6 357 0.26839184761 -355.0 1
7 517 0.388298034668 -515.0 1
8 248 0.186611890793 -246.0 1
9 236 0.177264928818 -234.0 1
10 186 0.139688968658 -184.0 1
11 190 0.143532991409 -188.0 1
12 211 0.157793998718 -209.0 1
13 159 0.115053892136 -157.0 1
14 158 0.115180969238 -156.0 1
15 185 0.13995885849 -183.0 1
16 212 0.160836935043 -210.0 1
17 212 0.161349058151 -210.0 1
18 220 0.167353868484 -218.0 1
19 208 0.159226179123 -206.0 1
20 116 0.0891289710999 -114.0 1
21 212 0.165278196335 -210.0 1
22 241 0.11326789856 -239.0 1
23 263 0.0889019966125 -261.0 1
24 152 0.0565311908722 -150.0 1
25 214 0.143624067307 -212.0 1
26 537 0.355895042419 -535.0 1
27 159 0.106473922729 -157.0 1
28 222 0.150103807449 -220.0 1
29 116 0.0760550498962 -114.0 1
30 201 0.134368896484 -199.0 1
31 102 0.0686030387878 -100.0 1
32 188 0.127561092377 -186.0 1
33 510 0.346841812134 -508.0 1
34 204 0.136137008667 -202.0 1
35 192 0.129150867462 -190.0 1
36 109 0.0738368034363 -107.0 1
37 286 0.192629098892 -284.0 1
38 121 0.0808019638062 -119.0 1
39 520 0.350870132446 -518.0 1
40 120 0.078339099884 -118.0 1
41 151 0.0996317863464 -149.0 1
42 111 0.0729439258575 -109.0 1
43 109 0.0718839168549 -107.0 1
44 216 0.143642902374 -214.0 1
45 229 0.153917074203 -227.0 1
46 143 0.0974988937378 -141.0 1
47 134 0.0921111106873 -132.0 1
48 85 0.0560810565948 -83.0 1
49 242 0.164250850677 -240.0 1
