trial, number of steps, runtime, accumulated reward, termination
0 514 0.219502925873 511.0 1
1 212 0.0931251049042 209.0 1
2 5000 2.4753010273 4999.0 0
3 16 0.00793504714966 13.0 1
4 9 0.00410103797913 6.0 1
5 26 0.0124669075012 23.0 1
6 13 0.00619316101074 10.0 1
7 122 0.0586359500885 119.0 1
8 8 0.00348901748657 5.0 1
9 5000 2.53006291389 4999.0 0
10 4005 2.07801198959 4002.0 1
11 236 0.114385128021 233.0 1
12 80 0.0378458499908 77.0 1
13 94 0.0446021556854 91.0 1
14 15 0.00714206695557 12.0 1
15 9 0.00415205955505 6.0 1
16 71 0.034154176712 68.0 1
17 9 0.00395703315735 6.0 1
18 13 0.00585389137268 10.0 1
19 19 0.00884604454041 16.0 1
20 10 0.00457286834717 7.0 1
21 44 0.0215120315552 41.0 1
22 15 0.00717306137085 12.0 1
23 9 0.00418305397034 6.0 1
24 10 0.00459790229797 7.0 1
25 38 0.018951177597 35.0 1
26 14 0.0065929889679 11.0 1
27 11 0.00508904457092 8.0 1
28 8 0.00358891487122 5.0 1
29 15 0.00716996192932 12.0 1
30 9 0.00410199165344 6.0 1
31 17 0.0080828666687 14.0 1
32 8 0.00358104705811 5.0 1
33 15 0.00699996948242 12.0 1
34 10 0.0045440196991 7.0 1
35 30 0.0145649909973 27.0 1
36 8 0.00349807739258 5.0 1
37 9 0.00409293174744 6.0 1
38 15 0.00705313682556 12.0 1
39 11 0.00510501861572 8.0 1
40 9 0.00411605834961 6.0 1
41 8 0.00357294082642 5.0 1
42 31 0.015303850174 28.0 1
43 13 0.00610899925232 10.0 1
44 8 0.00374794006348 5.0 1
45 15 0.00722408294678 12.0 1
46 8 0.00373601913452 5.0 1
47 15 0.00750994682312 12.0 1
48 11 0.00513792037964 8.0 1
49 42 0.0209348201752 39.0 1
0 70 0.0346570014954 67.0 1
1 56 0.0279159545898 53.0 1
2 89 0.0445730686188 86.0 1
3 99 0.0487949848175 96.0 1
4 12 0.00543713569641 9.0 1
5 12 0.00545907020569 9.0 1
6 11 0.00496697425842 8.0 1
7 39 0.0185270309448 36.0 1
8 13 0.00608706474304 10.0 1
9 25 0.0119569301605 22.0 1
10 17 0.00786685943604 14.0 1
11 9 0.00402498245239 6.0 1
12 20 0.00954604148865 17.0 1
13 18 0.00849509239197 15.0 1
14 18 0.00846195220947 15.0 1
15 8 0.00356912612915 5.0 1
16 10 0.00457096099854 7.0 1
17 8 0.00352001190186 5.0 1
18 13 0.00607395172119 10.0 1
19 9 0.00406885147095 6.0 1
20 11 0.00502705574036 8.0 1
21 10 0.00449299812317 7.0 1
22 8 0.0035879611969 5.0 1
23 18 0.00858187675476 15.0 1
24 18 0.00848793983459 15.0 1
25 10 0.00447702407837 7.0 1
26 16 0.00757217407227 13.0 1
27 14 0.00653290748596 11.0 1
28 10 0.00453209877014 7.0 1
29 12 0.00536108016968 9.0 1
30 16 0.00740909576416 13.0 1
31 16 0.0073869228363 13.0 1
32 9 0.00596690177917 6.0 1
33 14 0.00660109519958 11.0 1
34 12 0.00552892684937 9.0 1
35 9 0.00400114059448 6.0 1
36 9 0.00403094291687 6.0 1
37 9 0.00400805473328 6.0 1
38 9 0.00401091575623 6.0 1
39 9 0.00404810905457 6.0 1
40 9 0.00394606590271 6.0 1
41 16 0.00749802589417 13.0 1
42 14 0.00662612915039 11.0 1
43 10 0.00475883483887 7.0 1
44 8 0.00360989570618 5.0 1
45 14 0.00661993026733 11.0 1
46 18 0.00867199897766 15.0 1
47 9 0.00410580635071 6.0 1
48 10 0.00454902648926 7.0 1
49 16 0.00744986534119 13.0 1
0 128 0.0633330345154 125.0 1
1 13 0.00611090660095 10.0 1
2 11 0.00498080253601 8.0 1
3 91 0.0451040267944 88.0 1
4 535 0.275685071945 532.0 1
5 11 0.0052330493927 8.0 1
6 65 0.0329689979553 62.0 1
7 852 0.439388036728 849.0 1
8 17 0.00859594345093 14.0 1
9 10 0.00477886199951 7.0 1
10 9 0.00421094894409 6.0 1
11 14 0.00691986083984 11.0 1
12 14 0.00682592391968 11.0 1
13 11 0.00536298751831 8.0 1
14 89 0.0451440811157 86.0 1
15 21 0.0103058815002 18.0 1
16 81 0.0406250953674 78.0 1
17 10 0.00488591194153 7.0 1
18 8 0.00361490249634 5.0 1
19 89 0.0445711612701 86.0 1
20 9 0.00418901443481 6.0 1
21 119 0.0600039958954 116.0 1
22 8 0.00358319282532 5.0 1
23 97 0.0478050708771 94.0 1
24 96 0.0483131408691 93.0 1
25 9 0.00429010391235 6.0 1
26 83 0.0427930355072 80.0 1
27 91 0.0458338260651 88.0 1
28 91 0.0453522205353 88.0 1
29 9 0.00419402122498 6.0 1
30 81 0.0408849716187 78.0 1
31 9 0.00421094894409 6.0 1
32 91 0.045697927475 88.0 1
33 76 0.0386018753052 73.0 1
34 10 0.00470900535583 7.0 1
35 108 0.0558340549469 105.0 1
36 68 0.0346441268921 65.0 1
37 70 0.0359189510345 67.0 1
38 78 0.0394449234009 75.0 1
39 9 0.00406002998352 6.0 1
40 115 0.0589649677277 112.0 1
41 77 0.0411632061005 74.0 1
42 9 0.00435280799866 6.0 1
43 77 0.0406868457794 74.0 1
44 73 0.0373270511627 70.0 1
45 76 0.0394160747528 73.0 1
46 71 0.0371921062469 68.0 1
47 70 0.0383689403534 67.0 1
48 64 0.0348119735718 61.0 1
49 8 0.0040910243988 5.0 1
0 115 0.0657379627228 112.0 1
1 38 0.0199379920959 35.0 1
2 87 0.0397679805756 84.0 1
3 298 0.151958942413 295.0 1
4 58 0.0296330451965 55.0 1
5 304 0.159045934677 301.0 1
6 9 0.00436496734619 6.0 1
7 11 0.00533008575439 8.0 1
8 9 0.0042610168457 6.0 1
9 10 0.00479412078857 7.0 1
10 120 0.0632510185242 117.0 1
11 8 0.00401091575623 5.0 1
12 100 0.054151058197 97.0 1
13 9 0.00452303886414 6.0 1
14 10 0.00500679016113 7.0 1
15 9 0.0042359828949 6.0 1
16 70 0.0356779098511 67.0 1
17 85 0.0456750392914 82.0 1
18 136 0.0737390518188 133.0 1
19 9 0.00456786155701 6.0 1
20 12 0.00602912902832 9.0 1
21 139 0.0742430686951 136.0 1
22 90 0.0482420921326 87.0 1
23 95 0.051952123642 92.0 1
24 9 0.00456500053406 6.0 1
25 8 0.0040910243988 5.0 1
26 82 0.0453000068665 79.0 1
27 75 0.0407741069794 72.0 1
28 8 0.00380206108093 5.0 1
29 77 0.0398919582367 74.0 1
30 79 0.0388200283051 76.0 1
31 9 0.00412702560425 6.0 1
32 8 0.00373578071594 5.0 1
33 9 0.00432515144348 6.0 1
34 65 0.0340631008148 62.0 1
35 13 0.00662994384766 10.0 1
36 8 0.00386190414429 5.0 1
37 11 0.00564813613892 8.0 1
38 8 0.00387406349182 5.0 1
39 47 0.0239210128784 44.0 1
40 9 0.00444912910461 6.0 1
41 49 0.0253691673279 46.0 1
42 38 0.0200660228729 35.0 1
43 8 0.00389194488525 5.0 1
44 51 0.0280668735504 48.0 1
45 46 0.0248739719391 43.0 1
46 49 0.026563167572 46.0 1
47 9 0.00453400611877 6.0 1
48 9 0.00452280044556 6.0 1
49 64 0.0346069335938 61.0 1
0 136 0.0727660655975 133.0 1
1 127 0.0674500465393 124.0 1
2 51 0.0271139144897 48.0 1
3 44 0.0225610733032 41.0 1
4 12 0.00602006912231 9.0 1
5 14 0.00711894035339 11.0 1
6 167 0.0838580131531 164.0 1
7 17 0.00669503211975 14.0 1
8 13 0.00508594512939 10.0 1
9 13 0.005539894104 10.0 1
10 10 0.00488090515137 7.0 1
11 9 0.0045440196991 6.0 1
12 12 0.00616908073425 9.0 1
13 11 0.00560092926025 8.0 1
14 10 0.00468683242798 7.0 1
15 26 0.0132400989532 23.0 1
16 198 0.105711936951 195.0 1
17 1166 0.627182006836 1163.0 1
18 1357 0.724927902222 1354.0 1
19 5000 2.70537400246 4999.0 0
20 35 0.0184559822083 32.0 1
21 12 0.006108045578 9.0 1
22 5000 2.77758812904 4999.0 0
23 3915 2.21788215637 3912.0 1
24 17 0.00875091552734 14.0 1
25 147 0.0808479785919 144.0 1
26 155 0.087327003479 152.0 1
27 8 0.00427603721619 5.0 1
28 16 0.00902414321899 13.0 1
29 8 0.00428009033203 5.0 1
30 8 0.00420308113098 5.0 1
31 25 0.0137419700623 22.0 1
32 61 0.0351409912109 58.0 1
33 29 0.0161530971527 26.0 1
34 10 0.00624084472656 7.0 1
35 26 0.0150301456451 23.0 1
36 10 0.00538897514343 7.0 1
37 12 0.00663995742798 9.0 1
38 23 0.0131480693817 20.0 1
39 10 0.00529098510742 7.0 1
40 9 0.00476717948914 6.0 1
41 49 0.0273001194 46.0 1
42 9 0.00472593307495 6.0 1
43 14 0.0074188709259 11.0 1
44 51 0.0285909175873 48.0 1
45 11 0.00592398643494 8.0 1
46 9 0.00463008880615 6.0 1
47 10 0.00532293319702 7.0 1
48 47 0.0203750133514 44.0 1
49 8 0.00309300422668 5.0 1
0 5000 2.6358230114 4999.0 0
1 5000 2.51664018631 4999.0 0
2 14 0.00686383247375 11.0 1
3 12 0.00569105148315 9.0 1
4 10 0.00460004806519 7.0 1
5 9 0.00413298606873 6.0 1
6 11 0.00538992881775 8.0 1
7 10 0.00462317466736 7.0 1
8 112 0.0571739673615 109.0 1
9 28 0.0143151283264 25.0 1
10 9 0.00415015220642 6.0 1
11 8 0.00388693809509 5.0 1
12 37 0.0186698436737 34.0 1
13 23 0.0106301307678 20.0 1
14 13 0.00589895248413 10.0 1
15 11 0.0050950050354 8.0 1
16 25 0.012176990509 22.0 1
17 9 0.00410199165344 6.0 1
18 9 0.00431895256042 6.0 1
19 21 0.0104060173035 18.0 1
20 8 0.00352811813354 5.0 1
21 23 0.0110559463501 20.0 1
22 13 0.0061240196228 10.0 1
23 11 0.00296592712402 8.0 1
24 46 0.0188210010529 43.0 1
25 18 0.00818705558777 15.0 1
26 93 0.0450689792633 90.0 1
27 9 0.00395393371582 6.0 1
28 20 0.0091700553894 17.0 1
29 76 0.0376319885254 73.0 1
30 98 0.0467541217804 95.0 1
31 18 0.00854015350342 15.0 1
32 39 0.0185060501099 36.0 1
33 9 0.00397515296936 6.0 1
34 8 0.00339698791504 5.0 1
35 9 0.00391912460327 6.0 1
36 21 0.00990295410156 18.0 1
37 21 0.0096709728241 18.0 1
38 10 0.00442886352539 7.0 1
39 20 0.00910401344299 17.0 1
40 8 0.00342798233032 5.0 1
41 32 0.0152258872986 29.0 1
42 31 0.0145220756531 28.0 1
43 100 0.0474128723145 97.0 1
44 23 0.0111050605774 20.0 1
45 8 0.00378108024597 5.0 1
46 8 0.00362396240234 5.0 1
47 21 0.00994896888733 18.0 1
48 41 0.0215148925781 38.0 1
49 27 0.0127789974213 24.0 1
0 181 0.0921728610992 178.0 1
1 32 0.0162961483002 29.0 1
2 10 0.0049741268158 7.0 1
3 9 0.00419807434082 6.0 1
4 11 0.00541591644287 8.0 1
5 10 0.00482892990112 7.0 1
6 8 0.00392413139343 5.0 1
7 9 0.00427389144897 6.0 1
8 9 0.00426697731018 6.0 1
9 10 0.00483393669128 7.0 1
10 29 0.014976978302 26.0 1
11 9 0.00441193580627 6.0 1
12 11 0.00535202026367 8.0 1
13 13 0.00666999816895 10.0 1
14 10 0.00486493110657 7.0 1
15 11 0.00525498390198 8.0 1
16 97 0.0502200126648 94.0 1
17 11 0.00538492202759 8.0 1
18 119 0.0613811016083 116.0 1
19 163 0.0815780162811 160.0 1
20 93 0.0418879985809 90.0 1
21 139 0.0654499530792 136.0 1
22 9 0.00402903556824 6.0 1
23 135 0.0647270679474 132.0 1
24 12 0.00519919395447 9.0 1
25 101 0.0502231121063 98.0 1
26 100 0.0470449924469 97.0 1
27 96 0.0459809303284 93.0 1
28 12 0.00547099113464 9.0 1
29 1333 0.664186954498 1330.0 1
30 20 0.0102751255035 17.0 1
31 11 0.00542187690735 8.0 1
32 5000 2.61605906487 4999.0 0
33 4763 2.63081717491 4760.0 1
34 20 0.010792016983 17.0 1
35 27 0.0147080421448 24.0 1
36 10 0.00514316558838 7.0 1
37 227 0.125370979309 224.0 1
38 12 0.00610899925232 9.0 1
39 17 0.00882005691528 14.0 1
40 58 0.0313279628754 55.0 1
41 54 0.0292038917542 51.0 1
42 64 0.0349740982056 61.0 1
43 91 0.0497698783875 88.0 1
44 5000 2.686398983 4999.0 0
45 1280 0.678143978119 1277.0 1
46 13 0.00679111480713 10.0 1
47 12 0.00601482391357 9.0 1
48 10 0.00491690635681 7.0 1
49 5000 2.71238613129 4999.0 0
0 625 0.341162919998 622.0 1
1 14 0.00724720954895 11.0 1
2 9 0.0044801235199 6.0 1
3 129 0.0704669952393 126.0 1
4 20 0.0104842185974 17.0 1
5 1369 0.738919973373 1366.0 1
6 23 0.0124571323395 20.0 1
7 77 0.0414190292358 74.0 1
8 25 0.0132870674133 22.0 1
9 57 0.0302419662476 54.0 1
10 5000 2.60431194305 4999.0 0
11 15 0.00721287727356 12.0 1
12 8 0.00363206863403 5.0 1
13 9 0.00414109230042 6.0 1
14 10 0.00464797019958 7.0 1
15 31 0.0150589942932 28.0 1
16 137 0.0697951316833 134.0 1
17 10 0.0045850276947 7.0 1
18 120 0.0603940486908 117.0 1
19 8 0.00367617607117 5.0 1
20 23 0.0111720561981 20.0 1
21 56 0.0281789302826 53.0 1
22 9 0.00415897369385 6.0 1
23 9 0.00423884391785 6.0 1
24 16 0.00770878791809 13.0 1
25 27 0.0134630203247 24.0 1
26 9 0.00419998168945 6.0 1
27 29 0.0143299102783 26.0 1
28 11 0.00517916679382 8.0 1
29 27 0.0134260654449 24.0 1
30 9 0.00417494773865 6.0 1
31 27 0.013375043869 24.0 1
32 9 0.00420689582825 6.0 1
33 8 0.00363397598267 5.0 1
34 24 0.0119459629059 21.0 1
35 11 0.00523805618286 8.0 1
36 8 0.00359392166138 5.0 1
37 9 0.00403881072998 6.0 1
38 21 0.0102019309998 18.0 1
39 10 0.00462293624878 7.0 1
40 15 0.00710487365723 12.0 1
41 9 0.00410795211792 6.0 1
42 15 0.00715613365173 12.0 1
43 9 0.00410795211792 6.0 1
44 26 0.0127229690552 23.0 1
45 8 0.00365996360779 5.0 1
46 10 0.00460410118103 7.0 1
47 9 0.00418305397034 6.0 1
48 15 0.00727391242981 12.0 1
49 9 0.00426292419434 6.0 1
0 132 0.0681898593903 129.0 1
1 11 0.00510215759277 8.0 1
2 8 0.00364685058594 5.0 1
3 10 0.00460600852966 7.0 1
4 136 0.0684158802032 133.0 1
5 13 0.00614714622498 10.0 1
6 13 0.00621390342712 10.0 1
7 129 0.0648880004883 126.0 1
8 41 0.0203549861908 38.0 1
9 9 0.00416994094849 6.0 1
10 2857 1.44918298721 2854.0 1
11 30 0.0148420333862 27.0 1
12 10 0.00460600852966 7.0 1
13 32 0.0156981945038 29.0 1
14 10 0.00490999221802 7.0 1
15 12 0.00582599639893 9.0 1
16 14 0.00707507133484 11.0 1
17 41 0.0212390422821 38.0 1
18 34 0.0175530910492 31.0 1
19 19 0.00962495803833 16.0 1
20 15 0.00751113891602 12.0 1
21 14 0.0070059299469 11.0 1
22 12 0.00593900680542 9.0 1
23 16 0.00808095932007 13.0 1
24 14 0.00698184967041 11.0 1
25 13 0.00652408599854 10.0 1
26 13 0.00648713111877 10.0 1
27 12 0.00590991973877 9.0 1
28 10 0.00488018989563 7.0 1
29 11 0.0053391456604 8.0 1
30 8 0.00384211540222 5.0 1
31 14 0.00703907012939 11.0 1
32 8 0.00382208824158 5.0 1
33 15 0.00756788253784 12.0 1
34 10 0.0048348903656 7.0 1
35 10 0.0049262046814 7.0 1
36 15 0.00751185417175 12.0 1
37 12 0.00586795806885 9.0 1
38 9 0.00434422492981 6.0 1
39 8 0.00380992889404 5.0 1
40 15 0.00757098197937 12.0 1
41 11 0.00513100624084 8.0 1
42 10 0.00456309318542 7.0 1
43 12 0.00574898719788 9.0 1
44 12 0.00548911094666 9.0 1
45 10 0.00491499900818 7.0 1
46 8 0.00378203392029 5.0 1
47 8 0.00379800796509 5.0 1
48 14 0.00642108917236 11.0 1
49 13 0.00555801391602 10.0 1
0 121 0.0578439235687 118.0 1
1 11 0.00482082366943 8.0 1
2 11 0.00486588478088 8.0 1
3 33 0.0153970718384 30.0 1
4 1139 0.585280895233 1136.0 1
5 12 0.00615310668945 9.0 1
6 12 0.00631809234619 9.0 1
7 47 0.0270140171051 44.0 1
8 16 0.00894498825073 13.0 1
9 66 0.0382151603699 63.0 1
10 60 0.0344429016113 57.0 1
11 18 0.0104389190674 15.0 1
12 453 0.263411998749 450.0 1
13 5000 2.9480137825 4999.0 0
14 48 0.0259380340576 45.0 1
15 27 0.0152142047882 24.0 1
16 10 0.00501608848572 7.0 1
17 5000 2.78885602951 4999.0 0
18 5000 2.70361614227 4999.0 0
19 15 0.00827717781067 12.0 1
20 13 0.00751113891602 10.0 1
21 34 0.0185439586639 31.0 1
22 5000 2.75230002403 4999.0 0
23 17 0.00801706314087 14.0 1
24 15 0.00719904899597 12.0 1
25 10 0.00460886955261 7.0 1
26 5000 2.54513788223 4999.0 0
27 38 0.020457983017 35.0 1
28 12 0.00594878196716 9.0 1
29 9 0.00448608398438 6.0 1
30 12 0.0062620639801 9.0 1
31 77 0.0408990383148 74.0 1
32 10 0.00505614280701 7.0 1
33 58 0.0294630527496 55.0 1
34 23 0.0107498168945 20.0 1
35 11 0.00481104850769 8.0 1
36 13 0.00606298446655 10.0 1
37 283 0.137890100479 280.0 1
38 10 0.00442504882812 7.0 1
39 9 0.00406098365784 6.0 1
40 61 0.0294480323792 58.0 1
41 47 0.0228109359741 44.0 1
42 48 0.0226829051971 45.0 1
43 9 0.00396513938904 6.0 1
44 40 0.0195391178131 37.0 1
45 44 0.0214409828186 41.0 1
46 81 0.0385849475861 78.0 1
47 15 0.00699901580811 12.0 1
48 9 0.00409483909607 6.0 1
49 31 0.0148260593414 28.0 1
