trial, number of steps, runtime, accumulated reward, termination
0 543 0.282488822937 540.0 1
1 29 0.014594078064 26.0 1
2 241 0.123302936554 238.0 1
3 11 0.00521683692932 8.0 1
4 9 0.00413393974304 6.0 1
5 35 0.017539024353 32.0 1
6 17 0.00826692581177 14.0 1
7 55 0.0275690555573 52.0 1
8 103 0.0517470836639 100.0 1
9 11 0.00516605377197 8.0 1
10 131 0.066948890686 128.0 1
11 91 0.0461430549622 88.0 1
12 124 0.0630459785461 121.0 1
13 103 0.052267074585 100.0 1
14 106 0.0538220405579 103.0 1
15 110 0.0559978485107 107.0 1
16 8 0.00364279747009 5.0 1
17 95 0.0475528240204 92.0 1
18 88 0.044627904892 85.0 1
19 109 0.0554809570312 106.0 1
20 9 0.00412797927856 6.0 1
21 101 0.0510909557343 98.0 1
22 35 0.0176010131836 32.0 1
23 8 0.00361919403076 5.0 1
24 81 0.0410158634186 78.0 1
25 9 0.00412082672119 6.0 1
26 88 0.0446929931641 85.0 1
27 75 0.0389370918274 72.0 1
28 71 0.0363240242004 68.0 1
29 69 0.0347640514374 66.0 1
30 8 0.00365805625916 5.0 1
31 62 0.0310437679291 59.0 1
32 8 0.00366902351379 5.0 1
33 8 0.00361394882202 5.0 1
34 68 0.0344219207764 65.0 1
35 8 0.00363898277283 5.0 1
36 8 0.00359320640564 5.0 1
37 65 0.0328180789948 62.0 1
38 36 0.0179858207703 33.0 1
39 9 0.00414395332336 6.0 1
40 54 0.0272319316864 51.0 1
41 59 0.0296630859375 56.0 1
42 54 0.0273108482361 51.0 1
43 57 0.0288879871368 54.0 1
44 9 0.00410485267639 6.0 1
45 57 0.0287990570068 54.0 1
46 9 0.0041298866272 6.0 1
47 61 0.0307991504669 58.0 1
48 65 0.0328919887543 62.0 1
49 60 0.0300509929657 57.0 1
0 148 0.0753011703491 145.0 1
1 11 0.00520396232605 8.0 1
2 42 0.0208780765533 39.0 1
3 582 0.294964075089 579.0 1
4 10 0.00461196899414 7.0 1
5 10 0.00463700294495 7.0 1
6 10 0.00459694862366 7.0 1
7 62 0.0308079719543 59.0 1
8 63 0.0313730239868 60.0 1
9 34 0.0167179107666 31.0 1
10 10 0.0046169757843 7.0 1
11 14 0.0065701007843 11.0 1
12 9 0.00411796569824 6.0 1
13 29 0.0156948566437 26.0 1
14 21 0.0103199481964 18.0 1
15 17 0.00812387466431 14.0 1
16 15 0.00712990760803 12.0 1
17 10 0.00465798377991 7.0 1
18 8 0.00357985496521 5.0 1
19 9 0.00410604476929 6.0 1
20 24 0.0117130279541 21.0 1
21 8 0.00364685058594 5.0 1
22 9 0.00410294532776 6.0 1
23 10 0.00459814071655 7.0 1
24 14 0.00662684440613 11.0 1
25 10 0.00459599494934 7.0 1
26 8 0.00358700752258 5.0 1
27 10 0.00457286834717 7.0 1
28 9 0.00410914421082 6.0 1
29 9 0.00411486625671 6.0 1
30 8 0.00367188453674 5.0 1
31 10 0.0046238899231 7.0 1
32 10 0.00464797019958 7.0 1
33 28 0.0137979984283 25.0 1
34 8 0.00358605384827 5.0 1
35 16 0.0076949596405 13.0 1
36 8 0.00356101989746 5.0 1
37 16 0.00764012336731 13.0 1
38 9 0.00414299964905 6.0 1
39 11 0.00518298149109 8.0 1
40 10 0.0045690536499 7.0 1
41 16 0.00770902633667 13.0 1
42 10 0.00461912155151 7.0 1
43 9 0.00413203239441 6.0 1
44 13 0.00612092018127 10.0 1
45 13 0.00607991218567 10.0 1
46 9 0.00409698486328 6.0 1
47 8 0.00354695320129 5.0 1
48 8 0.0036609172821 5.0 1
49 10 0.00469398498535 7.0 1
0 112 0.0565969944 109.0 1
1 201 0.10165309906 198.0 1
2 134 0.0674901008606 131.0 1
3 49 0.024218082428 46.0 1
4 81 0.0405929088593 78.0 1
5 137 0.06889295578 134.0 1
6 106 0.053081035614 103.0 1
7 2549 1.29185390472 2546.0 1
8 32 0.0159068107605 29.0 1
9 32 0.015732049942 29.0 1
10 220 0.110181093216 217.0 1
11 10 0.00478100776672 7.0 1
12 145 0.0730819702148 142.0 1
13 66 0.0321841239929 63.0 1
14 243 0.1190969944 240.0 1
15 12 0.00560092926025 9.0 1
16 30 0.0146591663361 27.0 1
17 11 0.00505614280701 8.0 1
18 11 0.00509285926819 8.0 1
19 10 0.00469899177551 7.0 1
20 10 0.00458812713623 7.0 1
21 261 0.131636857986 258.0 1
22 10 0.00458812713623 7.0 1
23 17 0.00811195373535 14.0 1
24 10 0.00464105606079 7.0 1
25 15 0.00720405578613 12.0 1
26 9 0.00411891937256 6.0 1
27 10 0.00461196899414 7.0 1
28 17 0.00825119018555 14.0 1
29 15 0.00712513923645 12.0 1
30 19 0.00920486450195 16.0 1
31 11 0.00508308410645 8.0 1
32 11 0.00508403778076 8.0 1
33 172 0.0669841766357 169.0 1
34 18 0.00755000114441 15.0 1
35 202 0.0849680900574 199.0 1
36 10 0.00397396087646 7.0 1
37 9 0.00357484817505 6.0 1
38 175 0.0741810798645 172.0 1
39 174 0.0761780738831 171.0 1
40 10 0.0040020942688 7.0 1
41 10 0.00400495529175 7.0 1
42 21 0.00873494148254 18.0 1
43 59 0.0253281593323 56.0 1
44 10 0.00419521331787 7.0 1
45 10 0.0040328502655 7.0 1
46 9 0.00348114967346 6.0 1
47 11 0.00441408157349 8.0 1
48 13 0.00535202026367 10.0 1
49 10 0.00404596328735 7.0 1
0 132 0.0548770427704 129.0 1
1 49 0.021301984787 46.0 1
2 908 0.388314962387 905.0 1
3 4069 1.742841959 4066.0 1
4 11 0.00444197654724 8.0 1
5 53 0.0218892097473 50.0 1
6 29 0.0119121074677 26.0 1
7 5000 2.32396388054 4999.0 0
8 2893 1.47929596901 2890.0 1
9 14 0.00661396980286 11.0 1
10 72 0.0360510349274 69.0 1
11 5000 2.52053499222 4999.0 0
12 5000 2.40809488297 4999.0 0
13 27 0.0132138729095 24.0 1
14 10 0.00463914871216 7.0 1
15 57 0.0286231040955 54.0 1
16 10 0.00460195541382 7.0 1
17 21 0.0104470252991 18.0 1
18 68 0.0342009067535 65.0 1
19 43 0.0213091373444 40.0 1
20 20 0.00964117050171 17.0 1
21 12 0.00561285018921 9.0 1
22 14 0.00665807723999 11.0 1
23 80 0.0400688648224 77.0 1
24 61 0.0304191112518 58.0 1
25 88 0.0440189838409 85.0 1
26 18 0.00866198539734 15.0 1
27 12 0.00565505027771 9.0 1
28 74 0.0369279384613 71.0 1
29 22 0.0107131004333 19.0 1
30 8 0.00359201431274 5.0 1
31 62 0.0308871269226 59.0 1
32 60 0.0298612117767 57.0 1
33 56 0.0278849601746 53.0 1
34 33 0.0161919593811 30.0 1
35 31 0.0166609287262 28.0 1
36 8 0.00365900993347 5.0 1
37 17 0.00819396972656 14.0 1
38 8 0.00360298156738 5.0 1
39 59 0.0294809341431 56.0 1
40 5000 2.53450202942 4999.0 0
41 211 0.106703042984 208.0 1
42 178 0.0897619724274 175.0 1
43 129 0.0646479129791 126.0 1
44 127 0.0634911060333 124.0 1
45 14 0.00666093826294 11.0 1
46 93 0.0466890335083 90.0 1
47 101 0.050626039505 98.0 1
48 50 0.0249710083008 47.0 1
49 76 0.0382180213928 73.0 1
0 519 0.262974977493 516.0 1
1 2908 1.47366595268 2905.0 1
2 10 0.00474214553833 7.0 1
3 28 0.0140020847321 25.0 1
4 20 0.00973510742188 17.0 1
5 93 0.046993970871 90.0 1
6 5000 2.54315304756 4999.0 0
7 16 0.00768399238586 13.0 1
8 27 0.0132718086243 24.0 1
9 14 0.00664710998535 11.0 1
10 14 0.00669884681702 11.0 1
11 1815 0.890230178833 1812.0 1
12 32 0.0136139392853 29.0 1
13 9 0.00343704223633 6.0 1
14 5000 2.1270210743 4999.0 0
15 1931 0.841761827469 1928.0 1
16 22 0.00879502296448 19.0 1
17 10 0.00407695770264 7.0 1
18 27 0.0116109848022 24.0 1
19 5000 2.29261422157 4999.0 0
20 13 0.00613594055176 10.0 1
21 198 0.100368022919 195.0 1
22 23 0.0112421512604 20.0 1
23 9 0.00412821769714 6.0 1
24 381 0.192566871643 378.0 1
25 5000 2.54055690765 4999.0 0
26 5000 2.41003298759 4999.0 0
27 5000 2.12430405617 4999.0 0
28 5000 2.1162250042 4999.0 0
29 2134 0.904895067215 2131.0 1
30 266 0.113893032074 263.0 1
31 5000 2.14988684654 4999.0 0
32 5000 2.13393211365 4999.0 0
33 5000 2.13856196404 4999.0 0
34 17 0.00700902938843 14.0 1
35 13 0.00510907173157 10.0 1
36 8 0.00302910804749 5.0 1
37 10 0.00389385223389 7.0 1
38 5000 2.08877515793 4999.0 0
39 5000 2.11455106735 4999.0 0
40 5000 2.1354830265 4999.0 0
41 5000 2.14650321007 4999.0 0
42 26 0.0115661621094 23.0 1
43 10 0.00414395332336 7.0 1
44 9 0.00373005867004 6.0 1
45 41 0.0183579921722 38.0 1
46 9 0.00374603271484 6.0 1
47 5000 2.22122907639 4999.0 0
48 33 0.0145969390869 30.0 1
49 29 0.0128078460693 26.0 1
0 517 0.233349084854 514.0 1
1 12 0.00480699539185 9.0 1
2 8 0.00312089920044 5.0 1
3 28 0.0114049911499 25.0 1
4 16 0.00561594963074 13.0 1
5 55 0.023405790329 52.0 1
6 13 0.00536704063416 10.0 1
7 70 0.029865026474 67.0 1
8 9 0.00354814529419 6.0 1
9 65 0.0270321369171 62.0 1
10 71 0.0301718711853 68.0 1
11 89 0.0387318134308 86.0 1
12 57 0.0235621929169 54.0 1
13 9 0.00370001792908 6.0 1
14 9 0.00363802909851 6.0 1
15 60 0.024640083313 57.0 1
16 47 0.0200228691101 44.0 1
17 22 0.00898098945618 19.0 1
18 12 0.00489902496338 9.0 1
19 9 0.00342392921448 6.0 1
20 48 0.0196158885956 45.0 1
21 47 0.0187599658966 44.0 1
22 20 0.00791478157043 17.0 1
23 14 0.00500297546387 11.0 1
24 14 0.0048930644989 11.0 1
25 8 0.00305199623108 5.0 1
26 53 0.0181379318237 50.0 1
27 23 0.00924801826477 20.0 1
28 10 0.00313806533813 7.0 1
29 10 0.00253582000732 7.0 1
30 9 0.00227093696594 6.0 1
31 37 0.0135109424591 34.0 1
32 9 0.00328803062439 6.0 1
33 8 0.0032069683075 5.0 1
34 8 0.00312495231628 5.0 1
35 37 0.0151660442352 34.0 1
36 33 0.0134589672089 30.0 1
37 33 0.0138959884644 30.0 1
38 10 0.00393414497375 7.0 1
39 44 0.0184731483459 41.0 1
40 10 0.00389695167542 7.0 1
41 8 0.00302314758301 5.0 1
42 44 0.0184350013733 41.0 1
43 44 0.0185260772705 41.0 1
44 36 0.015144109726 33.0 1
45 40 0.0166249275208 37.0 1
46 9 0.00351595878601 6.0 1
47 9 0.00352501869202 6.0 1
48 9 0.00346899032593 6.0 1
49 16 0.00688290596008 13.0 1
0 609 0.260558843613 606.0 1
1 13 0.00526309013367 10.0 1
2 79 0.0327460765839 76.0 1
3 5000 2.16892313957 4999.0 0
4 14 0.00583100318909 11.0 1
5 11 0.00432705879211 8.0 1
6 11 0.00435090065002 8.0 1
7 10 0.00400018692017 7.0 1
8 16 0.00692296028137 13.0 1
9 134 0.0573899745941 131.0 1
10 40 0.0174350738525 37.0 1
11 14 0.00573396682739 11.0 1
12 28 0.0116970539093 25.0 1
13 9 0.00361108779907 6.0 1
14 21 0.00888991355896 18.0 1
15 12 0.00490522384644 9.0 1
16 19 0.0078330039978 16.0 1
17 10 0.00405812263489 7.0 1
18 21 0.00897002220154 18.0 1
19 8 0.00309085845947 5.0 1
20 17 0.00589489936829 14.0 1
21 12 0.00479507446289 9.0 1
22 19 0.00776600837708 16.0 1
23 9 0.00357699394226 6.0 1
24 9 0.00360488891602 6.0 1
25 9 0.00358009338379 6.0 1
26 10 0.00405311584473 7.0 1
27 12 0.00490784645081 9.0 1
28 10 0.00419306755066 7.0 1
29 9 0.00348496437073 6.0 1
30 17 0.00505185127258 14.0 1
31 9 0.00231695175171 6.0 1
32 11 0.00431108474731 8.0 1
33 10 0.00400805473328 7.0 1
34 10 0.00404405593872 7.0 1
35 9 0.00354194641113 6.0 1
36 10 0.00402903556824 7.0 1
37 15 0.00603795051575 12.0 1
38 17 0.00717091560364 14.0 1
39 15 0.00619006156921 12.0 1
40 17 0.00706219673157 14.0 1
41 10 0.00400400161743 7.0 1
42 9 0.00356698036194 6.0 1
43 11 0.00423097610474 8.0 1
44 12 0.00473618507385 9.0 1
45 11 0.0043580532074 8.0 1
46 15 0.00610995292664 12.0 1
47 13 0.00532698631287 10.0 1
48 11 0.00445795059204 8.0 1
49 10 0.00401592254639 7.0 1
0 166 0.072037935257 163.0 1
1 15 0.00618386268616 12.0 1
2 12 0.00394201278687 9.0 1
3 26 0.00694584846497 23.0 1
4 32 0.00855803489685 29.0 1
5 9 0.00311017036438 6.0 1
6 19 0.00788593292236 16.0 1
7 67 0.0287449359894 64.0 1
8 9 0.00358700752258 6.0 1
9 19 0.00802397727966 16.0 1
10 8 0.00314688682556 5.0 1
11 232 0.101758956909 229.0 1
12 17 0.00713205337524 14.0 1
13 9 0.00361204147339 6.0 1
14 9 0.00360512733459 6.0 1
15 8 0.00317192077637 5.0 1
16 11 0.00446796417236 8.0 1
17 10 0.00394201278687 7.0 1
18 19 0.00760722160339 16.0 1
19 10 0.00364017486572 7.0 1
20 19 0.00806498527527 16.0 1
21 10 0.0039918422699 7.0 1
22 10 0.00401210784912 7.0 1
23 9 0.00327706336975 6.0 1
24 17 0.00674390792847 14.0 1
25 8 0.00321102142334 5.0 1
26 9 0.00354409217834 6.0 1
27 116 0.0510079860687 113.0 1
28 9 0.00356793403625 6.0 1
29 10 0.00389194488525 7.0 1
30 9 0.00358700752258 6.0 1
31 143 0.0610408782959 140.0 1
32 168 0.068409204483 165.0 1
33 166 0.072616815567 163.0 1
34 8 0.0034008026123 5.0 1
35 82 0.0357358455658 79.0 1
36 116 0.051924943924 113.0 1
37 8 0.00309109687805 5.0 1
38 17 0.00662398338318 14.0 1
39 10 0.00371384620667 7.0 1
40 152 0.063059091568 149.0 1
41 126 0.051353931427 123.0 1
42 31 0.0136411190033 28.0 1
43 10 0.00397086143494 7.0 1
44 107 0.0443871021271 104.0 1
45 117 0.0480949878693 114.0 1
46 9 0.00357103347778 6.0 1
47 119 0.0510339736938 116.0 1
48 9 0.00352096557617 6.0 1
49 8 0.00316309928894 5.0 1
0 135 0.0600168704987 132.0 1
1 16 0.00666499137878 13.0 1
2 8 0.00316095352173 5.0 1
3 13 0.00532698631287 10.0 1
4 10 0.00390100479126 7.0 1
5 41 0.0173079967499 38.0 1
6 58 0.0252909660339 55.0 1
7 33 0.0127201080322 30.0 1
8 9 0.00354504585266 6.0 1
9 22 0.00873112678528 19.0 1
10 10 0.0038001537323 7.0 1
11 52 0.0216460227966 49.0 1
12 75 0.0318369865417 72.0 1
13 8 0.00315308570862 5.0 1
14 119 0.0441789627075 116.0 1
15 20 0.00831294059753 17.0 1
16 9 0.00353002548218 6.0 1
17 9 0.00339198112488 6.0 1
18 91 0.0414559841156 88.0 1
19 158 0.0679309368134 155.0 1
20 131 0.057168006897 128.0 1
21 8 0.00308704376221 5.0 1
22 12 0.00496196746826 9.0 1
23 12 0.00476002693176 9.0 1
24 25 0.00897288322449 22.0 1
25 9 0.00355005264282 6.0 1
26 15 0.0062849521637 12.0 1
27 74 0.0291719436646 71.0 1
28 8 0.00291705131531 5.0 1
29 57 0.0207538604736 54.0 1
30 8 0.00308609008789 5.0 1
31 28 0.0115251541138 25.0 1
32 55 0.0224249362946 52.0 1
33 9 0.00361394882202 6.0 1
34 13 0.00530695915222 10.0 1
35 103 0.042592048645 100.0 1
36 11 0.00449514389038 8.0 1
37 10 0.00392198562622 7.0 1
38 8 0.00296497344971 5.0 1
39 11 0.00407290458679 8.0 1
40 9 0.00323104858398 6.0 1
41 9 0.00333499908447 6.0 1
42 9 0.00331783294678 6.0 1
43 8 0.00290584564209 5.0 1
44 93 0.0404040813446 90.0 1
45 30 0.0106329917908 27.0 1
46 9 0.00230503082275 6.0 1
47 61 0.021556854248 58.0 1
48 29 0.0119819641113 26.0 1
49 10 0.00390195846558 7.0 1
0 125 0.0534420013428 122.0 1
1 1151 0.500334978104 1148.0 1
2 11 0.00447607040405 8.0 1
3 12 0.0045440196991 9.0 1
4 53 0.0228471755981 50.0 1
5 18 0.00807690620422 15.0 1
6 16 0.00656294822693 13.0 1
7 10 0.00404000282288 7.0 1
8 8 0.00313997268677 5.0 1
9 8 0.00306701660156 5.0 1
10 17 0.00709700584412 14.0 1
11 17 0.00705885887146 14.0 1
12 19 0.00785684585571 16.0 1
13 9 0.00364685058594 6.0 1
14 17 0.00720596313477 14.0 1
15 9 0.00348901748657 6.0 1
16 10 0.00457286834717 7.0 1
17 10 0.00403809547424 7.0 1
18 17 0.00704598426819 14.0 1
19 8 0.00313210487366 5.0 1
20 11 0.00435400009155 8.0 1
21 16 0.00662899017334 13.0 1
22 15 0.00568294525146 12.0 1
23 13 0.00454998016357 10.0 1
24 13 0.00523900985718 10.0 1
25 9 0.00359582901001 6.0 1
26 11 0.00444602966309 8.0 1
27 8 0.00306987762451 5.0 1
28 8 0.00310683250427 5.0 1
29 9 0.0035240650177 6.0 1
30 9 0.00384283065796 6.0 1
31 8 0.00301909446716 5.0 1
32 10 0.00251722335815 7.0 1
33 13 0.00330805778503 10.0 1
34 8 0.00269198417664 5.0 1
35 14 0.00504612922668 11.0 1
36 9 0.00363397598267 6.0 1
37 17 0.0069580078125 14.0 1
38 9 0.0034658908844 6.0 1
39 14 0.00558805465698 11.0 1
40 9 0.00338411331177 6.0 1
41 13 0.00527095794678 10.0 1
42 9 0.00348806381226 6.0 1
43 13 0.00506997108459 10.0 1
44 11 0.00437092781067 8.0 1
45 13 0.00520515441895 10.0 1
46 10 0.00408601760864 7.0 1
47 13 0.00529503822327 10.0 1
48 9 0.00356101989746 6.0 1
49 14 0.00570321083069 11.0 1
