trial, number of steps, runtime, accumulated reward, termination
0 11 0.00454998016357 8.0 1
1 11 0.00426006317139 8.0 1
2 9 0.00329113006592 6.0 1
3 13 0.00493288040161 10.0 1
4 12 0.00473499298096 9.0 1
5 12 0.00521302223206 9.0 1
6 12 0.00463199615479 9.0 1
7 11 0.00430202484131 8.0 1
8 9 0.00350093841553 6.0 1
9 8 0.00305891036987 5.0 1
10 11 0.00432014465332 8.0 1
11 9 0.00379800796509 6.0 1
12 8 0.0030779838562 5.0 1
13 8 0.00301289558411 5.0 1
14 9 0.0034761428833 6.0 1
15 8 0.00307703018188 5.0 1
16 9 0.00347805023193 6.0 1
17 8 0.0030779838562 5.0 1
18 11 0.00335693359375 8.0 1
19 11 0.00418901443481 8.0 1
20 12 0.00478100776672 9.0 1
21 9 0.00346422195435 6.0 1
22 9 0.0034339427948 6.0 1
23 10 0.00391602516174 7.0 1
24 10 0.00393795967102 7.0 1
25 10 0.00381684303284 7.0 1
26 11 0.00437092781067 8.0 1
27 10 0.00394606590271 7.0 1
28 9 0.00346088409424 6.0 1
29 10 0.00389194488525 7.0 1
30 10 0.0038480758667 7.0 1
31 11 0.00414490699768 8.0 1
32 9 0.00351405143738 6.0 1
33 11 0.00430798530579 8.0 1
34 9 0.00324296951294 6.0 1
35 8 0.00287508964539 5.0 1
36 9 0.00330090522766 6.0 1
37 11 0.00429010391235 8.0 1
38 11 0.00435090065002 8.0 1
39 9 0.0035138130188 6.0 1
40 9 0.00346684455872 6.0 1
41 10 0.00387787818909 7.0 1
42 8 0.0028920173645 5.0 1
43 10 0.0039381980896 7.0 1
44 9 0.00355195999146 6.0 1
45 11 0.00438904762268 8.0 1
46 11 0.00434017181396 8.0 1
47 11 0.00432300567627 8.0 1
48 11 0.00422787666321 8.0 1
49 11 0.00442504882812 8.0 1
0 16 0.00659894943237 13.0 1
1 10 0.00363802909851 7.0 1
2 9 0.00339102745056 6.0 1
3 11 0.00381088256836 8.0 1
4 14 0.00542402267456 11.0 1
5 10 0.00396299362183 7.0 1
6 10 0.00387096405029 7.0 1
7 9 0.00344514846802 6.0 1
8 9 0.00347805023193 6.0 1
9 12 0.00465679168701 9.0 1
10 10 0.00365090370178 7.0 1
11 9 0.00348305702209 6.0 1
12 11 0.00535583496094 8.0 1
13 11 0.0042929649353 8.0 1
14 8 0.00299310684204 5.0 1
15 8 0.00305199623108 5.0 1
16 10 0.00391387939453 7.0 1
17 12 0.00473284721375 9.0 1
18 11 0.00437688827515 8.0 1
19 9 0.00338912010193 6.0 1
20 11 0.00463390350342 8.0 1
21 9 0.0034658908844 6.0 1
22 8 0.00303792953491 5.0 1
23 12 0.00474309921265 9.0 1
24 8 0.00305604934692 5.0 1
25 12 0.00473189353943 9.0 1
26 10 0.00423288345337 7.0 1
27 8 0.0030529499054 5.0 1
28 9 0.00334906578064 6.0 1
29 9 0.00316405296326 6.0 1
30 12 0.00466895103455 9.0 1
31 12 0.00439095497131 9.0 1
32 9 0.00378584861755 6.0 1
33 11 0.00281190872192 8.0 1
34 11 0.00361800193787 8.0 1
35 13 0.00512504577637 10.0 1
36 9 0.00330495834351 6.0 1
37 10 0.00368785858154 7.0 1
38 10 0.00362110137939 7.0 1
39 8 0.00297117233276 5.0 1
40 13 0.0048520565033 10.0 1
41 11 0.00406694412231 8.0 1
42 12 0.00473809242249 9.0 1
43 11 0.00442481040955 8.0 1
44 12 0.00456595420837 9.0 1
45 8 0.00285220146179 5.0 1
46 11 0.00420904159546 8.0 1
47 10 0.00369811058044 7.0 1
48 8 0.00297403335571 5.0 1
49 8 0.00287485122681 5.0 1
0 13 0.00496101379395 10.0 1
1 13 0.00499510765076 10.0 1
2 9 0.00334787368774 6.0 1
3 11 0.00606393814087 8.0 1
4 11 0.00404405593872 8.0 1
5 12 0.00460004806519 9.0 1
6 12 0.00453519821167 9.0 1
7 13 0.00492000579834 10.0 1
8 12 0.00489616394043 9.0 1
9 11 0.0042290687561 8.0 1
10 13 0.00574493408203 10.0 1
11 10 0.00382804870605 7.0 1
12 10 0.00374293327332 7.0 1
13 12 0.00463700294495 9.0 1
14 12 0.00443720817566 9.0 1
15 11 0.00452208518982 8.0 1
16 11 0.00398206710815 8.0 1
17 11 0.00472402572632 8.0 1
18 76 0.0309557914734 73.0 1
19 11 0.0041880607605 8.0 1
20 101 0.0405509471893 98.0 1
21 12 0.00442385673523 9.0 1
22 11 0.0042781829834 8.0 1
23 9 0.00333714485168 6.0 1
24 12 0.00450396537781 9.0 1
25 10 0.0036609172821 7.0 1
26 10 0.00359988212585 7.0 1
27 11 0.00438213348389 8.0 1
28 11 0.00414109230042 8.0 1
29 10 0.00373888015747 7.0 1
30 12 0.00470900535583 9.0 1
31 12 0.00467491149902 9.0 1
32 10 0.00380110740662 7.0 1
33 10 0.00374698638916 7.0 1
34 10 0.00378704071045 7.0 1
35 10 0.00375199317932 7.0 1
36 11 0.00400590896606 8.0 1
37 11 0.00399708747864 8.0 1
38 12 0.0046751499176 9.0 1
39 11 0.00414299964905 8.0 1
40 10 0.00375604629517 7.0 1
41 10 0.00378608703613 7.0 1
42 9 0.00340390205383 6.0 1
43 12 0.0046238899231 9.0 1
44 10 0.00377702713013 7.0 1
45 11 0.00430393218994 8.0 1
46 11 0.0041868686676 8.0 1
47 10 0.00373101234436 7.0 1
48 11 0.00416612625122 8.0 1
49 10 0.00369906425476 7.0 1
0 12 0.00445318222046 9.0 1
1 12 0.00455594062805 9.0 1
2 10 0.00380277633667 7.0 1
3 15 0.00610589981079 12.0 1
4 8 0.00283098220825 5.0 1
5 10 0.00360798835754 7.0 1
6 13 0.00706791877747 10.0 1
7 11 0.00529003143311 8.0 1
8 12 0.0138409137726 9.0 1
9 13 0.00866794586182 10.0 1
10 10 0.00506520271301 7.0 1
11 15 0.0079460144043 12.0 1
12 12 0.00634694099426 9.0 1
13 10 0.00536298751831 7.0 1
14 10 0.00525403022766 7.0 1
15 12 0.0063579082489 9.0 1
16 11 0.00565385818481 8.0 1
17 9 0.0044379234314 6.0 1
18 11 0.00564789772034 8.0 1
19 13 0.0067138671875 10.0 1
20 11 0.00557208061218 8.0 1
21 12 0.00618100166321 9.0 1
22 10 0.00519919395447 7.0 1
23 13 0.0067138671875 10.0 1
24 11 0.0055410861969 8.0 1
25 11 0.00539016723633 8.0 1
26 10 0.00491499900818 7.0 1
27 9 0.0044469833374 6.0 1
28 11 0.00533199310303 8.0 1
29 11 0.0053768157959 8.0 1
30 9 0.00435709953308 6.0 1
31 11 0.00542187690735 8.0 1
32 12 0.00576210021973 9.0 1
33 11 0.00531196594238 8.0 1
34 8 0.00368404388428 5.0 1
35 13 0.00643682479858 10.0 1
36 11 0.00538206100464 8.0 1
37 8 0.00382208824158 5.0 1
38 12 0.00601601600647 9.0 1
39 13 0.00647497177124 10.0 1
40 11 0.0055718421936 8.0 1
41 11 0.00548911094666 8.0 1
42 12 0.00612497329712 9.0 1
43 10 0.00505185127258 7.0 1
44 9 0.00438094139099 6.0 1
45 8 0.00409293174744 5.0 1
46 11 0.00560402870178 8.0 1
47 12 0.00607895851135 9.0 1
48 10 0.00498604774475 7.0 1
49 9 0.00446891784668 6.0 1
0 16 0.00867486000061 13.0 1
1 11 0.00567889213562 8.0 1
2 11 0.00553703308105 8.0 1
3 9 0.00442314147949 6.0 1
4 19 0.0100440979004 16.0 1
5 13 0.00667810440063 10.0 1
6 10 0.00502514839172 7.0 1
7 11 0.00581789016724 8.0 1
8 9 0.00457191467285 6.0 1
9 9 0.00467205047607 6.0 1
10 12 0.00617718696594 9.0 1
11 11 0.00561499595642 8.0 1
12 12 0.00607705116272 9.0 1
13 11 0.00552606582642 8.0 1
14 12 0.00605797767639 9.0 1
15 9 0.00428605079651 6.0 1
16 10 0.00501394271851 7.0 1
17 12 0.00611901283264 9.0 1
18 10 0.00514197349548 7.0 1
19 12 0.00609588623047 9.0 1
20 11 0.00553107261658 8.0 1
21 12 0.00608682632446 9.0 1
22 8 0.00401020050049 5.0 1
23 13 0.00661492347717 10.0 1
24 10 0.00495100021362 7.0 1
25 11 0.00551986694336 8.0 1
26 10 0.00493597984314 7.0 1
27 12 0.00600290298462 9.0 1
28 9 0.0045120716095 6.0 1
29 10 0.00498819351196 7.0 1
30 10 0.00482702255249 7.0 1
31 12 0.00591897964478 9.0 1
32 9 0.00435400009155 6.0 1
33 10 0.00508213043213 7.0 1
34 10 0.0049409866333 7.0 1
35 10 0.00503611564636 7.0 1
36 9 0.00445103645325 6.0 1
37 11 0.0056779384613 8.0 1
38 11 0.00588393211365 8.0 1
39 9 0.00453686714172 6.0 1
40 9 0.00433897972107 6.0 1
41 11 0.00537800788879 8.0 1
42 9 0.00435304641724 6.0 1
43 12 0.00592589378357 9.0 1
44 12 0.0059061050415 9.0 1
45 8 0.00377917289734 5.0 1
46 12 0.00586414337158 9.0 1
47 10 0.0049159526825 7.0 1
48 10 0.00484609603882 7.0 1
49 11 0.00539302825928 8.0 1
0 10 0.00710701942444 7.0 1
1 10 0.00544905662537 7.0 1
2 17 0.00887107849121 14.0 1
3 11 0.00549793243408 8.0 1
4 9 0.00440001487732 6.0 1
5 13 0.00654911994934 10.0 1
6 11 0.0054030418396 8.0 1
7 21 0.0111269950867 18.0 1
8 21 0.0108599662781 18.0 1
9 5000 2.65181112289 4999.0 0
10 5000 2.91332197189 4999.0 0
11 5000 3.84363698959 4999.0 0
12 5000 4.16657018661 4999.0 0
13 5000 4.05202293396 4999.0 0
14 5000 3.97688984871 4999.0 0
15 15 0.0115559101105 12.0 1
16 5000 4.0022881031 4999.0 0
17 15 0.0125679969788 12.0 1
18 5000 3.75091099739 4999.0 0
19 15 0.0105929374695 12.0 1
20 5000 3.82220292091 4999.0 0
21 5000 3.72074913979 4999.0 0
22 18 0.0100560188293 15.0 1
23 5000 2.77078795433 4999.0 0
24 17 0.00922203063965 14.0 1
25 5000 2.75431513786 4999.0 0
26 5000 2.91741299629 4999.0 0
27 15 0.00865411758423 12.0 1
28 5000 2.83453702927 4999.0 0
29 15 0.00762009620667 12.0 1
30 5000 2.76854610443 4999.0 0
31 14 0.00757098197937 11.0 1
32 16 0.00840401649475 13.0 1
33 18 0.0094518661499 15.0 1
34 5000 2.85904598236 4999.0 0
35 15 0.00831580162048 12.0 1
36 5000 2.84284496307 4999.0 0
37 5000 2.61987400055 4999.0 0
38 5000 2.68228697777 4999.0 0
39 15 0.00774812698364 12.0 1
40 5000 2.59754300117 4999.0 0
41 14 0.0074200630188 11.0 1
42 25 0.0123999118805 22.0 1
43 5000 2.57983708382 4999.0 0
44 17 0.00894594192505 14.0 1
45 15 0.00769090652466 12.0 1
46 5000 2.65578103065 4999.0 0
47 15 0.00755620002747 12.0 1
48 16 0.00796413421631 13.0 1
49 16 0.00778007507324 13.0 1
0 12 0.00619411468506 9.0 1
1 11 0.00534296035767 8.0 1
2 12 0.00590705871582 9.0 1
3 12 0.00600600242615 9.0 1
4 13 0.00654792785645 10.0 1
5 13 0.00660800933838 10.0 1
6 10 0.00481200218201 7.0 1
7 11 0.00539898872375 8.0 1
8 12 0.00597786903381 9.0 1
9 11 0.00547790527344 8.0 1
10 32 0.0166711807251 29.0 1
11 10 0.00491309165955 7.0 1
12 12 0.00599384307861 9.0 1
13 11 0.00542211532593 8.0 1
14 11 0.00540804862976 8.0 1
15 36 0.0185980796814 33.0 1
16 11 0.00534605979919 8.0 1
17 10 0.00487303733826 7.0 1
18 11 0.00544309616089 8.0 1
19 10 0.00490212440491 7.0 1
20 37 0.0191118717194 34.0 1
21 11 0.00548601150513 8.0 1
22 8 0.00383400917053 5.0 1
23 8 0.00386714935303 5.0 1
24 24 0.0125670433044 21.0 1
25 24 0.0124480724335 21.0 1
26 11 0.00549101829529 8.0 1
27 11 0.00559401512146 8.0 1
28 11 0.00557899475098 8.0 1
29 11 0.00542688369751 8.0 1
30 35 0.0182428359985 32.0 1
31 36 0.0182378292084 33.0 1
32 33 0.0169401168823 30.0 1
33 11 0.00543904304504 8.0 1
34 8 0.00380206108093 5.0 1
35 11 0.00547409057617 8.0 1
36 10 0.00495195388794 7.0 1
37 12 0.0060122013092 9.0 1
38 8 0.00394010543823 5.0 1
39 29 0.0150110721588 26.0 1
40 11 0.00540399551392 8.0 1
41 8 0.00387811660767 5.0 1
42 10 0.00496101379395 7.0 1
43 35 0.0182189941406 32.0 1
44 11 0.00533199310303 8.0 1
45 32 0.0164740085602 29.0 1
46 10 0.0049729347229 7.0 1
47 11 0.00552892684937 8.0 1
48 11 0.00552201271057 8.0 1
49 29 0.0152840614319 26.0 1
0 16 0.00868391990662 13.0 1
1 9 0.00452399253845 6.0 1
2 11 0.00555992126465 8.0 1
3 12 0.00606608390808 9.0 1
4 12 0.00608396530151 9.0 1
5 26 0.0133879184723 23.0 1
6 14 0.00706005096436 11.0 1
7 65 0.0334260463715 62.0 1
8 49 0.0255460739136 46.0 1
9 46 0.0240678787231 43.0 1
10 44 0.0228250026703 41.0 1
11 45 0.0233488082886 42.0 1
12 43 0.0221569538116 40.0 1
13 49 0.0253500938416 46.0 1
14 83 0.0433809757233 80.0 1
15 38 0.0197508335114 35.0 1
16 83 0.0444858074188 80.0 1
17 14 0.00728487968445 11.0 1
18 13 0.00662207603455 10.0 1
19 39 0.0209000110626 36.0 1
20 45 0.0239419937134 42.0 1
21 37 0.0196959972382 34.0 1
22 14 0.00716614723206 11.0 1
23 12 0.00605201721191 9.0 1
24 14 0.00744295120239 11.0 1
25 42 0.0222220420837 39.0 1
26 51 0.0276069641113 48.0 1
27 38 0.0203280448914 35.0 1
28 46 0.0245959758759 43.0 1
29 40 0.0208539962769 37.0 1
30 37 0.0189919471741 34.0 1
31 13 0.00663185119629 10.0 1
32 14 0.00712108612061 11.0 1
33 13 0.00657320022583 10.0 1
34 13 0.00657391548157 10.0 1
35 44 0.0231430530548 41.0 1
36 13 0.00660800933838 10.0 1
37 40 0.0209369659424 37.0 1
38 54 0.0284168720245 51.0 1
39 35 0.018660068512 32.0 1
40 13 0.00665903091431 10.0 1
41 42 0.0220069885254 39.0 1
42 14 0.00715899467468 11.0 1
43 77 0.0414490699768 74.0 1
44 13 0.00693392753601 10.0 1
45 65 0.0351099967957 62.0 1
46 47 0.0245411396027 44.0 1
47 39 0.0201668739319 36.0 1
48 48 0.0248990058899 45.0 1
49 15 0.00743985176086 12.0 1
0 12 0.00632500648499 9.0 1
1 10 0.00494909286499 7.0 1
2 13 0.00645899772644 10.0 1
3 23 0.0116691589355 20.0 1
4 10 0.00503993034363 7.0 1
5 13 0.00642490386963 10.0 1
6 12 0.00617909431458 9.0 1
7 12 0.00600910186768 9.0 1
8 11 0.00542712211609 8.0 1
9 34 0.0172979831696 31.0 1
10 34 0.0174601078033 31.0 1
11 11 0.00532603263855 8.0 1
12 47 0.0234949588776 44.0 1
13 12 0.00575280189514 9.0 1
14 12 0.0057520866394 9.0 1
15 12 0.0058159828186 9.0 1
16 11 0.00509905815125 8.0 1
17 11 0.00519919395447 8.0 1
18 11 0.00533008575439 8.0 1
19 13 0.00637602806091 10.0 1
20 11 0.00540614128113 8.0 1
21 31 0.0157191753387 28.0 1
22 12 0.0060179233551 9.0 1
23 12 0.00587105751038 9.0 1
24 11 0.00537395477295 8.0 1
25 13 0.00646495819092 10.0 1
26 81 0.0414440631866 78.0 1
27 13 0.00636100769043 10.0 1
28 61 0.0316247940063 58.0 1
29 35 0.0176980495453 32.0 1
30 12 0.00588083267212 9.0 1
31 56 0.0283279418945 53.0 1
32 46 0.023903131485 43.0 1
33 11 0.00522613525391 8.0 1
34 11 0.00526213645935 8.0 1
35 12 0.00576400756836 9.0 1
36 37 0.0192561149597 34.0 1
37 34 0.0175771713257 31.0 1
38 10 0.00486993789673 7.0 1
39 11 0.00529289245605 8.0 1
40 11 0.00551319122314 8.0 1
41 31 0.0157179832458 28.0 1
42 11 0.00527596473694 8.0 1
43 36 0.0185000896454 33.0 1
44 27 0.0136859416962 24.0 1
45 11 0.00538396835327 8.0 1
46 12 0.00577592849731 9.0 1
47 47 0.0248358249664 44.0 1
48 13 0.00663900375366 10.0 1
49 12 0.0061731338501 9.0 1
0 15 0.00820803642273 12.0 1
1 11 0.00541806221008 8.0 1
2 11 0.00560998916626 8.0 1
3 12 0.00608992576599 9.0 1
4 13 0.00664377212524 10.0 1
5 14 0.00689888000488 11.0 1
6 12 0.0057578086853 9.0 1
7 12 0.00596785545349 9.0 1
8 8 0.00372195243835 5.0 1
9 8 0.00378608703613 5.0 1
10 11 0.00568389892578 8.0 1
11 11 0.00557494163513 8.0 1
12 12 0.00607991218567 9.0 1
13 10 0.00507116317749 7.0 1
14 11 0.0055239200592 8.0 1
15 12 0.00602293014526 9.0 1
16 11 0.005450963974 8.0 1
17 13 0.00654196739197 10.0 1
18 12 0.00598406791687 9.0 1
19 11 0.0054829120636 8.0 1
20 9 0.00444006919861 6.0 1
21 11 0.00548720359802 8.0 1
22 10 0.00491380691528 7.0 1
23 12 0.00600290298462 9.0 1
24 8 0.00400304794312 5.0 1
25 9 0.00448298454285 6.0 1
26 11 0.00534796714783 8.0 1
27 9 0.00423002243042 6.0 1
28 12 0.00595188140869 9.0 1
29 12 0.00603890419006 9.0 1
30 11 0.00536584854126 8.0 1
31 13 0.00654315948486 10.0 1
32 9 0.00447177886963 6.0 1
33 11 0.00547289848328 8.0 1
34 10 0.00495505332947 7.0 1
35 13 0.00650691986084 10.0 1
36 12 0.00605702400208 9.0 1
37 11 0.00549006462097 8.0 1
38 9 0.00431203842163 6.0 1
39 11 0.00534796714783 8.0 1
40 10 0.00492906570435 7.0 1
41 12 0.00599789619446 9.0 1
42 9 0.00452303886414 6.0 1
43 11 0.00558710098267 8.0 1
44 10 0.00503587722778 7.0 1
45 9 0.00439691543579 6.0 1
46 8 0.00388097763062 5.0 1
47 9 0.00437307357788 6.0 1
48 11 0.00558495521545 8.0 1
49 12 0.00600695610046 9.0 1
