trial, number of steps, runtime, accumulated reward, termination
0 10 0.00393891334534 7.0 1
1 12 0.00384020805359 9.0 1
2 11 0.00375699996948 8.0 1
3 10 0.00322699546814 7.0 1
4 9 0.00296115875244 6.0 1
5 12 0.004390001297 9.0 1
6 13 0.0040922164917 10.0 1
7 8 0.00293612480164 5.0 1
8 10 0.00378799438477 7.0 1
9 11 0.00407814979553 8.0 1
10 13 0.00521302223206 10.0 1
11 9 0.00370001792908 6.0 1
12 12 0.0045440196991 9.0 1
13 8 0.00293302536011 5.0 1
14 8 0.00298810005188 5.0 1
15 8 0.00297689437866 5.0 1
16 10 0.00377798080444 7.0 1
17 11 0.00418996810913 8.0 1
18 8 0.0029571056366 5.0 1
19 11 0.00408697128296 8.0 1
20 12 0.00450396537781 9.0 1
21 10 0.00369906425476 7.0 1
22 10 0.00369095802307 7.0 1
23 13 0.0049159526825 10.0 1
24 11 0.00404286384583 8.0 1
25 9 0.00326895713806 6.0 1
26 11 0.00415802001953 8.0 1
27 11 0.00406289100647 8.0 1
28 10 0.00399303436279 7.0 1
29 8 0.00299310684204 5.0 1
30 9 0.00341105461121 6.0 1
31 9 0.00337505340576 6.0 1
32 9 0.00343990325928 6.0 1
33 8 0.00300693511963 5.0 1
34 8 0.00292992591858 5.0 1
35 9 0.00343680381775 6.0 1
36 10 0.00377702713013 7.0 1
37 9 0.00274705886841 6.0 1
38 11 0.00417900085449 8.0 1
39 11 0.00420808792114 8.0 1
40 10 0.00371384620667 7.0 1
41 11 0.00382709503174 8.0 1
42 11 0.00413703918457 8.0 1
43 9 0.00331711769104 6.0 1
44 12 0.00439286231995 9.0 1
45 12 0.00483298301697 9.0 1
46 10 0.00371122360229 7.0 1
47 9 0.00341105461121 6.0 1
48 9 0.00335097312927 6.0 1
49 11 0.00408601760864 8.0 1
0 11 0.00424098968506 8.0 1
1 10 0.00380396842957 7.0 1
2 12 0.00461983680725 9.0 1
3 12 0.00464105606079 9.0 1
4 10 0.00377488136292 7.0 1
5 11 0.0041971206665 8.0 1
6 11 0.00425386428833 8.0 1
7 10 0.00298404693604 7.0 1
8 11 0.00414896011353 8.0 1
9 10 0.00379395484924 7.0 1
10 13 0.00532007217407 10.0 1
11 9 0.00301384925842 6.0 1
12 12 0.00450301170349 9.0 1
13 11 0.0041069984436 8.0 1
14 11 0.00415897369385 8.0 1
15 9 0.00336885452271 6.0 1
16 11 0.00405693054199 8.0 1
17 13 0.00459694862366 10.0 1
18 9 0.0030529499054 6.0 1
19 11 0.00413107872009 8.0 1
20 11 0.00412201881409 8.0 1
21 11 0.00411105155945 8.0 1
22 12 0.00455021858215 9.0 1
23 12 0.00458908081055 9.0 1
24 12 0.00458002090454 9.0 1
25 12 0.00416588783264 9.0 1
26 9 0.00368404388428 6.0 1
27 10 0.00384497642517 7.0 1
28 10 0.00370812416077 7.0 1
29 9 0.00323987007141 6.0 1
30 9 0.00276303291321 6.0 1
31 10 0.0037829875946 7.0 1
32 9 0.0032901763916 6.0 1
33 9 0.00316905975342 6.0 1
34 12 0.00433087348938 9.0 1
35 12 0.00467491149902 9.0 1
36 8 0.00298595428467 5.0 1
37 9 0.00341987609863 6.0 1
38 12 0.00432395935059 9.0 1
39 12 0.00410389900208 9.0 1
40 8 0.0028829574585 5.0 1
41 8 0.00279712677002 5.0 1
42 10 0.00358200073242 7.0 1
43 10 0.00358295440674 7.0 1
44 8 0.0028121471405 5.0 1
45 12 0.00458717346191 9.0 1
46 9 0.00276517868042 6.0 1
47 11 0.00407719612122 8.0 1
48 12 0.00433802604675 9.0 1
49 12 0.00438499450684 9.0 1
0 9 0.00337314605713 6.0 1
1 8 0.0025680065155 5.0 1
2 8 0.00277304649353 5.0 1
3 10 0.00353693962097 7.0 1
4 9 0.00316190719604 6.0 1
5 11 0.00418710708618 8.0 1
6 9 0.00331783294678 6.0 1
7 9 0.00345301628113 6.0 1
8 9 0.00340008735657 6.0 1
9 10 0.00375413894653 7.0 1
10 8 0.00291204452515 5.0 1
11 9 0.00360989570618 6.0 1
12 8 0.00293397903442 5.0 1
13 9 0.00334000587463 6.0 1
14 8 0.00297093391418 5.0 1
15 9 0.00336194038391 6.0 1
16 9 0.0032160282135 6.0 1
17 8 0.00292706489563 5.0 1
18 9 0.00335597991943 6.0 1
19 11 0.00416088104248 8.0 1
20 11 0.00417494773865 8.0 1
21 11 0.00414705276489 8.0 1
22 8 0.00289416313171 5.0 1
23 8 0.00267100334167 5.0 1
24 11 0.0039279460907 8.0 1
25 10 0.00360989570618 7.0 1
26 10 0.00385713577271 7.0 1
27 10 0.00379705429077 7.0 1
28 8 0.0029308795929 5.0 1
29 9 0.00311684608459 6.0 1
30 11 0.00419187545776 8.0 1
31 9 0.00333285331726 6.0 1
32 8 0.00283098220825 5.0 1
33 9 0.00316786766052 6.0 1
34 11 0.00436496734619 8.0 1
35 11 0.00510406494141 8.0 1
36 10 0.00446701049805 7.0 1
37 11 0.00488996505737 8.0 1
38 9 0.00396513938904 6.0 1
39 11 0.00496101379395 8.0 1
40 11 0.00491881370544 8.0 1
41 11 0.00487017631531 8.0 1
42 11 0.00497913360596 8.0 1
43 10 0.00448107719421 7.0 1
44 8 0.00352001190186 5.0 1
45 9 0.00409507751465 6.0 1
46 12 0.00534701347351 9.0 1
47 10 0.00446200370789 7.0 1
48 9 0.00391793251038 6.0 1
49 11 0.00507688522339 8.0 1
0 9 0.00426506996155 6.0 1
1 8 0.00349593162537 5.0 1
2 12 0.00534105300903 9.0 1
3 8 0.00371313095093 5.0 1
4 9 0.0039701461792 6.0 1
5 11 0.00495791435242 8.0 1
6 9 0.00396513938904 6.0 1
7 9 0.00401592254639 6.0 1
8 12 0.00547909736633 9.0 1
9 12 0.00541687011719 9.0 1
10 13 0.00593590736389 10.0 1
11 11 0.00497102737427 8.0 1
12 13 0.00597310066223 10.0 1
13 11 0.0050961971283 8.0 1
14 10 0.00453901290894 7.0 1
15 12 0.00545716285706 9.0 1
16 8 0.00354194641113 5.0 1
17 9 0.00399088859558 6.0 1
18 11 0.00502920150757 8.0 1
19 12 0.00541687011719 9.0 1
20 9 0.00400280952454 6.0 1
21 9 0.00408291816711 6.0 1
22 9 0.00408101081848 6.0 1
23 12 0.0054349899292 9.0 1
24 10 0.00457787513733 7.0 1
25 12 0.00549602508545 9.0 1
26 9 0.00403904914856 6.0 1
27 13 0.00589108467102 10.0 1
28 13 0.00592803955078 10.0 1
29 10 0.00441384315491 7.0 1
30 8 0.00345897674561 5.0 1
31 10 0.00449895858765 7.0 1
32 10 0.00450897216797 7.0 1
33 8 0.0035560131073 5.0 1
34 12 0.00547194480896 9.0 1
35 9 0.00410485267639 6.0 1
36 8 0.00352883338928 5.0 1
37 10 0.00450611114502 7.0 1
38 16 0.00733089447021 13.0 1
39 11 0.0049729347229 8.0 1
40 9 0.00402808189392 6.0 1
41 9 0.00398993492126 6.0 1
42 11 0.00510096549988 8.0 1
43 12 0.00546097755432 9.0 1
44 9 0.0039758682251 6.0 1
45 10 0.00461912155151 7.0 1
46 11 0.0049741268158 8.0 1
47 9 0.00401616096497 6.0 1
48 11 0.00495505332947 8.0 1
49 10 0.00447511672974 7.0 1
0 13 0.00629806518555 10.0 1
1 12 0.00545501708984 9.0 1
2 109 0.0534200668335 106.0 1
3 74 0.0363759994507 71.0 1
4 105 0.0506331920624 102.0 1
5 43 0.0206518173218 40.0 1
6 104 0.0502650737762 101.0 1
7 13 0.00593400001526 10.0 1
8 15 0.00695085525513 12.0 1
9 14 0.00648021697998 11.0 1
10 41 0.0198130607605 38.0 1
11 96 0.0473799705505 93.0 1
12 13 0.00597906112671 10.0 1
13 117 0.0566139221191 114.0 1
14 174 0.0838317871094 171.0 1
15 76 0.038348197937 73.0 1
16 13 0.00615119934082 10.0 1
17 44 0.0212030410767 41.0 1
18 14 0.00646185874939 11.0 1
19 44 0.0209159851074 41.0 1
20 40 0.0191159248352 37.0 1
21 15 0.00708103179932 12.0 1
22 98 0.0475831031799 95.0 1
23 67 0.031919002533 64.0 1
24 13 0.00591993331909 10.0 1
25 50 0.024050951004 47.0 1
26 58 0.0284481048584 55.0 1
27 112 0.0546410083771 109.0 1
28 14 0.00657296180725 11.0 1
29 98 0.0476269721985 95.0 1
30 13 0.00583100318909 10.0 1
31 14 0.00637078285217 11.0 1
32 73 0.0347499847412 70.0 1
33 14 0.00630903244019 11.0 1
34 67 0.0318648815155 64.0 1
35 66 0.0312809944153 63.0 1
36 13 0.00587201118469 10.0 1
37 55 0.0260729789734 52.0 1
38 103 0.0488791465759 100.0 1
39 98 0.0467460155487 95.0 1
40 109 0.0520989894867 106.0 1
41 46 0.0215210914612 43.0 1
42 93 0.0442199707031 90.0 1
43 38 0.0180170536041 35.0 1
44 103 0.0503108501434 100.0 1
45 101 0.0488531589508 98.0 1
46 162 0.0780289173126 159.0 1
47 98 0.0470299720764 95.0 1
48 13 0.00591206550598 10.0 1
49 106 0.0528290271759 103.0 1
0 9 0.00431084632874 6.0 1
1 10 0.00448799133301 7.0 1
2 10 0.00453901290894 7.0 1
3 12 0.00533103942871 9.0 1
4 10 0.00443005561829 7.0 1
5 10 0.0044629573822 7.0 1
6 12 0.005450963974 9.0 1
7 11 0.00497388839722 8.0 1
8 8 0.00351500511169 5.0 1
9 14 0.00644707679749 11.0 1
10 8 0.0035240650177 5.0 1
11 9 0.00406789779663 6.0 1
12 11 0.00509405136108 8.0 1
13 10 0.00451016426086 7.0 1
14 11 0.00514507293701 8.0 1
15 12 0.00549697875977 9.0 1
16 10 0.00461602210999 7.0 1
17 9 0.00412392616272 6.0 1
18 8 0.00357484817505 5.0 1
19 8 0.00352883338928 5.0 1
20 8 0.00362110137939 5.0 1
21 9 0.00398707389832 6.0 1
22 8 0.00355410575867 5.0 1
23 12 0.00554203987122 9.0 1
24 14 0.00651812553406 11.0 1
25 10 0.00447511672974 7.0 1
26 10 0.00450086593628 7.0 1
27 9 0.00393080711365 6.0 1
28 12 0.00544404983521 9.0 1
29 13 0.00597906112671 10.0 1
30 13 0.00603985786438 10.0 1
31 11 0.00496196746826 8.0 1
32 10 0.0045428276062 7.0 1
33 9 0.00399303436279 6.0 1
34 11 0.00503993034363 8.0 1
35 12 0.00557708740234 9.0 1
36 11 0.00501203536987 8.0 1
37 8 0.00356006622314 5.0 1
38 9 0.00414705276489 6.0 1
39 13 0.00606393814087 10.0 1
40 8 0.00351405143738 5.0 1
41 11 0.00496006011963 8.0 1
42 11 0.00495195388794 8.0 1
43 9 0.00407123565674 6.0 1
44 11 0.00513291358948 8.0 1
45 13 0.00592994689941 10.0 1
46 9 0.00420498847961 6.0 1
47 9 0.00401997566223 6.0 1
48 11 0.00503516197205 8.0 1
49 11 0.00490999221802 8.0 1
0 13 0.00612092018127 10.0 1
1 11 0.00499510765076 8.0 1
2 11 0.00498604774475 8.0 1
3 11 0.00500583648682 8.0 1
4 12 0.00550508499146 9.0 1
5 11 0.0050060749054 8.0 1
6 10 0.00445294380188 7.0 1
7 9 0.004065990448 6.0 1
8 9 0.00407886505127 6.0 1
9 13 0.00607419013977 10.0 1
10 9 0.00407195091248 6.0 1
11 13 0.00592112541199 10.0 1
12 11 0.00510692596436 8.0 1
13 12 0.00551605224609 9.0 1
14 10 0.0045599937439 7.0 1
15 12 0.00554704666138 9.0 1
16 10 0.00457310676575 7.0 1
17 11 0.00501608848572 8.0 1
18 8 0.00358295440674 5.0 1
19 11 0.00504612922668 8.0 1
20 10 0.00453686714172 7.0 1
21 8 0.00357794761658 5.0 1
22 9 0.00402092933655 6.0 1
23 8 0.00365400314331 5.0 1
24 12 0.00562000274658 9.0 1
25 8 0.00357294082642 5.0 1
26 13 0.00605010986328 10.0 1
27 12 0.00560593605042 9.0 1
28 8 0.00348401069641 5.0 1
29 12 0.00548005104065 9.0 1
30 8 0.00357294082642 5.0 1
31 11 0.00504302978516 8.0 1
32 11 0.00500798225403 8.0 1
33 9 0.00403213500977 6.0 1
34 12 0.00548982620239 9.0 1
35 9 0.0040647983551 6.0 1
36 12 0.00557994842529 9.0 1
37 9 0.00402498245239 6.0 1
38 9 0.00407290458679 6.0 1
39 9 0.00403380393982 6.0 1
40 9 0.00408577919006 6.0 1
41 11 0.00505590438843 8.0 1
42 10 0.00447916984558 7.0 1
43 10 0.00454807281494 7.0 1
44 12 0.00551509857178 9.0 1
45 12 0.00555205345154 9.0 1
46 8 0.00367307662964 5.0 1
47 10 0.00454902648926 7.0 1
48 8 0.0035080909729 5.0 1
49 12 0.00543808937073 9.0 1
0 13 0.00642609596252 10.0 1
1 11 0.00512909889221 8.0 1
2 11 0.00513410568237 8.0 1
3 10 0.00456500053406 7.0 1
4 11 0.00502300262451 8.0 1
5 9 0.0040271282196 6.0 1
6 9 0.00409698486328 6.0 1
7 9 0.0040590763092 6.0 1
8 11 0.00504398345947 8.0 1
9 11 0.00502300262451 8.0 1
10 9 0.00403714179993 6.0 1
11 12 0.00549101829529 9.0 1
12 11 0.00508689880371 8.0 1
13 8 0.00361514091492 5.0 1
14 8 0.00357103347778 5.0 1
15 9 0.00405406951904 6.0 1
16 11 0.00503897666931 8.0 1
17 8 0.00358700752258 5.0 1
18 10 0.00458812713623 7.0 1
19 12 0.00556898117065 9.0 1
20 8 0.00364184379578 5.0 1
21 10 0.00459694862366 7.0 1
22 8 0.00355005264282 5.0 1
23 8 0.00356888771057 5.0 1
24 10 0.00454306602478 7.0 1
25 11 0.00501990318298 8.0 1
26 12 0.0055718421936 9.0 1
27 11 0.00509285926819 8.0 1
28 11 0.005038022995 8.0 1
29 12 0.00556397438049 9.0 1
30 8 0.00357890129089 5.0 1
31 9 0.00405812263489 6.0 1
32 11 0.00493001937866 8.0 1
33 9 0.00399088859558 6.0 1
34 11 0.00497102737427 8.0 1
35 11 0.0050060749054 8.0 1
36 9 0.00407004356384 6.0 1
37 11 0.00500988960266 8.0 1
38 9 0.00394988059998 6.0 1
39 8 0.00351691246033 5.0 1
40 9 0.00405097007751 6.0 1
41 8 0.00357007980347 5.0 1
42 10 0.00454807281494 7.0 1
43 13 0.00607299804688 10.0 1
44 10 0.00461220741272 7.0 1
45 12 0.00552606582642 9.0 1
46 9 0.00403904914856 6.0 1
47 10 0.00450778007507 7.0 1
48 10 0.00454878807068 7.0 1
49 10 0.00454902648926 7.0 1
0 10 0.00483107566833 7.0 1
1 9 0.00403881072998 6.0 1
2 9 0.00407409667969 6.0 1
3 11 0.00515604019165 8.0 1
4 9 0.00408005714417 6.0 1
5 9 0.00411009788513 6.0 1
6 10 0.0045919418335 7.0 1
7 8 0.00361108779907 5.0 1
8 13 0.00607085227966 10.0 1
9 11 0.00504994392395 8.0 1
10 9 0.00412607192993 6.0 1
11 13 0.0060601234436 10.0 1
12 12 0.00557208061218 9.0 1
13 12 0.005539894104 9.0 1
14 11 0.00503301620483 8.0 1
15 9 0.00409317016602 6.0 1
16 8 0.00361084938049 5.0 1
17 8 0.00355887413025 5.0 1
18 8 0.00359797477722 5.0 1
19 12 0.00556397438049 9.0 1
20 12 0.005539894104 9.0 1
21 12 0.0056037902832 9.0 1
22 13 0.00597405433655 10.0 1
23 11 0.0049569606781 8.0 1
24 10 0.00453019142151 7.0 1
25 10 0.00450682640076 7.0 1
26 8 0.00360202789307 5.0 1
27 11 0.00507402420044 8.0 1
28 11 0.00507497787476 8.0 1
29 12 0.00552916526794 9.0 1
30 12 0.00561594963074 9.0 1
31 10 0.00463914871216 7.0 1
32 10 0.00455904006958 7.0 1
33 10 0.00459504127502 7.0 1
34 11 0.00506210327148 8.0 1
35 12 0.0055570602417 9.0 1
36 10 0.00455808639526 7.0 1
37 13 0.00601696968079 10.0 1
38 8 0.00356912612915 5.0 1
39 11 0.0050790309906 8.0 1
40 9 0.00409913063049 6.0 1
41 9 0.00408482551575 6.0 1
42 9 0.00408601760864 6.0 1
43 12 0.00553894042969 9.0 1
44 8 0.00354194641113 5.0 1
45 12 0.00552296638489 9.0 1
46 8 0.00354409217834 5.0 1
47 11 0.00511693954468 8.0 1
48 10 0.0045919418335 7.0 1
49 12 0.00552701950073 9.0 1
0 10 0.0049250125885 7.0 1
1 9 0.00413084030151 6.0 1
2 11 0.00515604019165 8.0 1
3 9 0.0042610168457 6.0 1
4 12 0.0056459903717 9.0 1
5 13 0.00606989860535 10.0 1
6 12 0.00552916526794 9.0 1
7 9 0.00408387184143 6.0 1
8 11 0.00501394271851 8.0 1
9 10 0.00468397140503 7.0 1
10 8 0.00356602668762 5.0 1
11 12 0.00560212135315 9.0 1
12 11 0.0050630569458 8.0 1
13 10 0.00462198257446 7.0 1
14 12 0.00549602508545 9.0 1
15 9 0.004075050354 6.0 1
16 9 0.00399994850159 6.0 1
17 8 0.00355887413025 5.0 1
18 8 0.0035719871521 5.0 1
19 10 0.00446891784668 7.0 1
20 12 0.00566601753235 9.0 1
21 9 0.00409293174744 6.0 1
22 12 0.00558805465698 9.0 1
23 11 0.00508093833923 8.0 1
24 8 0.00374794006348 5.0 1
25 11 0.00524401664734 8.0 1
26 10 0.00472187995911 7.0 1
27 12 0.00578808784485 9.0 1
28 12 0.00569581985474 9.0 1
29 11 0.00510621070862 8.0 1
30 11 0.00501012802124 8.0 1
31 9 0.00410294532776 6.0 1
32 9 0.00405502319336 6.0 1
33 10 0.00463604927063 7.0 1
34 11 0.00503492355347 8.0 1
35 12 0.00548195838928 9.0 1
36 12 0.00553202629089 9.0 1
37 13 0.0060088634491 10.0 1
38 12 0.00541496276855 9.0 1
39 9 0.00406193733215 6.0 1
40 9 0.00403094291687 6.0 1
41 11 0.0050311088562 8.0 1
42 9 0.00398802757263 6.0 1
43 13 0.00594186782837 10.0 1
44 10 0.00451397895813 7.0 1
45 12 0.00550103187561 9.0 1
46 14 0.00642395019531 11.0 1
47 12 0.00552105903625 9.0 1
48 13 0.00593400001526 10.0 1
49 10 0.00437688827515 7.0 1
