trial, number of steps, runtime, accumulated reward, termination
0 964 0.69340801239 -962.0 1
1 506 0.356575012207 -504.0 1
2 326 0.233762025833 -324.0 1
3 254 0.177758932114 -252.0 1
4 168 0.120052099228 -166.0 1
5 220 0.154497146606 -218.0 1
6 357 0.23322892189 -355.0 1
7 517 0.370525836945 -515.0 1
8 248 0.174774169922 -246.0 1
9 236 0.162000179291 -234.0 1
10 186 0.127960920334 -184.0 1
11 190 0.130476951599 -188.0 1
12 211 0.142790079117 -209.0 1
13 159 0.11244893074 -157.0 1
14 158 0.109616041183 -156.0 1
15 185 0.124900817871 -183.0 1
16 212 0.138245105743 -210.0 1
17 212 0.137980937958 -210.0 1
18 220 0.1413230896 -218.0 1
19 208 0.133494138718 -206.0 1
20 116 0.0737829208374 -114.0 1
21 212 0.135445833206 -210.0 1
22 241 0.157092094421 -239.0 1
23 263 0.171035051346 -261.0 1
24 152 0.0977048873901 -150.0 1
25 214 0.142471075058 -212.0 1
26 537 0.356281042099 -535.0 1
27 159 0.10521197319 -157.0 1
28 222 0.14858007431 -220.0 1
29 116 0.0775671005249 -114.0 1
30 201 0.134093999863 -199.0 1
31 102 0.0692250728607 -100.0 1
32 188 0.125535964966 -186.0 1
33 510 0.342436075211 -508.0 1
34 204 0.139978170395 -202.0 1
35 192 0.137032032013 -190.0 1
36 109 0.075501203537 -107.0 1
37 286 0.204017877579 -284.0 1
38 121 0.0881779193878 -119.0 1
39 520 0.373687982559 -518.0 1
40 120 0.0898811817169 -118.0 1
41 151 0.111989021301 -149.0 1
42 111 0.0829451084137 -109.0 1
43 109 0.0800218582153 -107.0 1
44 216 0.147348880768 -214.0 1
45 229 0.163422822952 -227.0 1
46 143 0.103233098984 -141.0 1
47 134 0.0970230102539 -132.0 1
48 85 0.0611090660095 -83.0 1
49 242 0.176568984985 -240.0 1
0 964 0.709031105042 -962.0 1
1 506 0.361300945282 -504.0 1
2 326 0.239062070847 -324.0 1
3 254 0.182471036911 -252.0 1
4 168 0.121422052383 -166.0 1
5 220 0.16001200676 -218.0 1
6 357 0.262913942337 -355.0 1
7 517 0.379730939865 -515.0 1
8 248 0.183415174484 -246.0 1
9 236 0.176922082901 -234.0 1
10 186 0.135843038559 -184.0 1
11 190 0.1383061409 -188.0 1
12 211 0.154392957687 -209.0 1
13 159 0.106477975845 -157.0 1
14 158 0.107892990112 -156.0 1
15 185 0.127374887466 -183.0 1
16 212 0.152942895889 -210.0 1
17 212 0.154788970947 -210.0 1
18 220 0.158478975296 -218.0 1
19 208 0.153789997101 -206.0 1
20 116 0.0827360153198 -114.0 1
21 212 0.155045032501 -210.0 1
22 241 0.17050909996 -239.0 1
23 263 0.186923027039 -261.0 1
24 152 0.111294031143 -150.0 1
25 214 0.159874916077 -212.0 1
26 537 0.396515130997 -535.0 1
27 159 0.115005016327 -157.0 1
28 222 0.158898115158 -220.0 1
29 116 0.0835359096527 -114.0 1
30 201 0.152616024017 -199.0 1
31 102 0.0748100280762 -100.0 1
32 188 0.142121076584 -186.0 1
33 510 0.392904043198 -508.0 1
34 204 0.157706022263 -202.0 1
35 192 0.14942908287 -190.0 1
36 109 0.0846271514893 -107.0 1
37 286 0.223534107208 -284.0 1
38 121 0.0934278964996 -119.0 1
39 520 0.40402007103 -518.0 1
40 120 0.0913290977478 -118.0 1
41 151 0.116890907288 -149.0 1
42 111 0.0834579467773 -109.0 1
43 109 0.0788159370422 -107.0 1
44 216 0.156500816345 -214.0 1
45 229 0.166973114014 -227.0 1
46 143 0.105746030807 -141.0 1
47 134 0.103735923767 -132.0 1
48 85 0.0646560192108 -83.0 1
49 242 0.188669919968 -240.0 1
0 964 0.738137960434 -962.0 1
1 506 0.366494178772 -504.0 1
2 326 0.233016967773 -324.0 1
3 254 0.185857057571 -252.0 1
4 168 0.124148130417 -166.0 1
5 220 0.159466028214 -218.0 1
6 357 0.258798122406 -355.0 1
7 517 0.389237880707 -515.0 1
8 248 0.185768127441 -246.0 1
9 236 0.172338008881 -234.0 1
10 186 0.137547016144 -184.0 1
11 190 0.138881206512 -188.0 1
12 211 0.146275043488 -209.0 1
13 159 0.119580984116 -157.0 1
14 158 0.117132902145 -156.0 1
15 185 0.136049985886 -183.0 1
16 212 0.15536403656 -210.0 1
17 212 0.154938936234 -210.0 1
18 220 0.160908937454 -218.0 1
19 208 0.150315999985 -206.0 1
20 116 0.0836689472198 -114.0 1
21 212 0.155526161194 -210.0 1
22 241 0.1730260849 -239.0 1
23 263 0.190546989441 -261.0 1
24 152 0.110646009445 -150.0 1
25 214 0.154588937759 -212.0 1
26 537 0.366549015045 -535.0 1
27 159 0.110295772552 -157.0 1
28 222 0.152976036072 -220.0 1
29 116 0.0828700065613 -114.0 1
30 201 0.144411802292 -199.0 1
31 102 0.0698578357697 -100.0 1
32 188 0.137439012527 -186.0 1
33 510 0.367475986481 -508.0 1
34 204 0.138382911682 -202.0 1
35 192 0.131785869598 -190.0 1
36 109 0.0743279457092 -107.0 1
37 286 0.196819067001 -284.0 1
38 121 0.0817558765411 -119.0 1
39 520 0.357055902481 -518.0 1
40 120 0.0887680053711 -118.0 1
41 151 0.108358860016 -149.0 1
42 111 0.0800340175629 -109.0 1
43 109 0.0777750015259 -107.0 1
44 216 0.14888715744 -214.0 1
45 229 0.161366939545 -227.0 1
46 143 0.100201129913 -141.0 1
47 134 0.0938827991486 -132.0 1
48 85 0.0594141483307 -83.0 1
49 242 0.169461965561 -240.0 1
0 964 0.676437139511 -962.0 1
1 506 0.349667072296 -504.0 1
2 326 0.225690841675 -324.0 1
3 254 0.184751987457 -252.0 1
4 168 0.118432044983 -166.0 1
5 220 0.157708883286 -218.0 1
6 357 0.265978097916 -355.0 1
7 517 0.3806848526 -515.0 1
8 248 0.181307077408 -246.0 1
9 236 0.17566204071 -234.0 1
10 186 0.137564897537 -184.0 1
11 190 0.141777038574 -188.0 1
12 211 0.1535820961 -209.0 1
13 159 0.113929033279 -157.0 1
14 158 0.114846944809 -156.0 1
15 185 0.134085178375 -183.0 1
16 212 0.158268928528 -210.0 1
17 212 0.158293008804 -210.0 1
18 220 0.161479949951 -218.0 1
19 208 0.1499979496 -206.0 1
20 116 0.0817561149597 -114.0 1
21 212 0.152017116547 -210.0 1
22 241 0.173429965973 -239.0 1
23 263 0.189563035965 -261.0 1
24 152 0.112218141556 -150.0 1
25 214 0.159222841263 -212.0 1
26 537 0.392435073853 -535.0 1
27 159 0.118170022964 -157.0 1
28 222 0.168359994888 -220.0 1
29 116 0.0870909690857 -114.0 1
30 201 0.143172979355 -199.0 1
31 102 0.0716707706451 -100.0 1
32 188 0.134209156036 -186.0 1
33 510 0.359482049942 -508.0 1
34 204 0.144868135452 -202.0 1
35 192 0.130855083466 -190.0 1
36 109 0.07093501091 -107.0 1
37 286 0.187099933624 -284.0 1
38 121 0.0825009346008 -119.0 1
39 520 0.353100061417 -518.0 1
40 120 0.0840630531311 -118.0 1
41 151 0.106917858124 -149.0 1
42 111 0.0750579833984 -109.0 1
43 109 0.0743000507355 -107.0 1
44 216 0.144148826599 -214.0 1
45 229 0.149286985397 -227.0 1
46 143 0.0961000919342 -141.0 1
47 134 0.0907020568848 -132.0 1
48 85 0.0548520088196 -83.0 1
49 242 0.16254901886 -240.0 1
0 964 0.663849115372 -962.0 1
1 506 0.333219051361 -504.0 1
2 326 0.213104963303 -324.0 1
3 254 0.166191101074 -252.0 1
4 168 0.108960866928 -166.0 1
5 220 0.141886949539 -218.0 1
6 357 0.235574007034 -355.0 1
7 517 0.33952999115 -515.0 1
8 248 0.158539056778 -246.0 1
9 236 0.15229678154 -234.0 1
10 186 0.119661092758 -184.0 1
11 190 0.123175144196 -188.0 1
12 211 0.135951042175 -209.0 1
13 159 0.103433132172 -157.0 1
14 158 0.101848840714 -156.0 1
15 185 0.120146989822 -183.0 1
16 212 0.148141860962 -210.0 1
17 212 0.138013124466 -210.0 1
18 220 0.140856027603 -218.0 1
19 208 0.1377389431 -206.0 1
20 116 0.0787529945374 -114.0 1
21 212 0.145653009415 -210.0 1
22 241 0.166693925858 -239.0 1
23 263 0.18235206604 -261.0 1
24 152 0.10445189476 -150.0 1
25 214 0.151026010513 -212.0 1
26 537 0.384829998016 -535.0 1
27 159 0.111699104309 -157.0 1
28 222 0.152435064316 -220.0 1
29 116 0.0783019065857 -114.0 1
30 201 0.137996912003 -199.0 1
31 102 0.0709400177002 -100.0 1
32 188 0.134130001068 -186.0 1
33 510 0.36233997345 -508.0 1
34 204 0.138824939728 -202.0 1
35 192 0.136868953705 -190.0 1
36 109 0.0798208713531 -107.0 1
37 286 0.209386110306 -284.0 1
38 121 0.0877809524536 -119.0 1
39 520 0.374398946762 -518.0 1
40 120 0.0840480327606 -118.0 1
41 151 0.106659889221 -149.0 1
42 111 0.0787360668182 -109.0 1
43 109 0.0806200504303 -107.0 1
44 216 0.157373189926 -214.0 1
45 229 0.166173934937 -227.0 1
46 143 0.0994188785553 -141.0 1
47 134 0.0913898944855 -132.0 1
48 85 0.0577600002289 -83.0 1
49 242 0.168979167938 -240.0 1
0 964 0.662842988968 -962.0 1
1 506 0.360543966293 -504.0 1
2 326 0.230127811432 -324.0 1
3 254 0.182003974915 -252.0 1
4 168 0.124307870865 -166.0 1
5 220 0.164947986603 -218.0 1
6 357 0.269863843918 -355.0 1
7 517 0.380538225174 -515.0 1
8 248 0.183084011078 -246.0 1
9 236 0.179563999176 -234.0 1
10 186 0.135060071945 -184.0 1
11 190 0.138521909714 -188.0 1
12 211 0.158859968185 -209.0 1
13 159 0.120463132858 -157.0 1
14 158 0.116467952728 -156.0 1
15 185 0.139744997025 -183.0 1
16 212 0.16174697876 -210.0 1
17 212 0.159951925278 -210.0 1
18 220 0.158629894257 -218.0 1
19 208 0.137908935547 -206.0 1
20 116 0.0835039615631 -114.0 1
21 212 0.158890962601 -210.0 1
22 241 0.179486989975 -239.0 1
23 263 0.195648193359 -261.0 1
24 152 0.112944126129 -150.0 1
25 214 0.160222053528 -212.0 1
26 537 0.375211000443 -535.0 1
27 159 0.113798856735 -157.0 1
28 222 0.159606933594 -220.0 1
29 116 0.0795359611511 -114.0 1
30 201 0.136950969696 -199.0 1
31 102 0.0720338821411 -100.0 1
32 188 0.132812976837 -186.0 1
33 510 0.35623216629 -508.0 1
34 204 0.143908977509 -202.0 1
35 192 0.128279924393 -190.0 1
36 109 0.0732269287109 -107.0 1
37 286 0.200297117233 -284.0 1
38 121 0.0868360996246 -119.0 1
39 520 0.388130187988 -518.0 1
40 120 0.0853099822998 -118.0 1
41 151 0.109973907471 -149.0 1
42 111 0.0827388763428 -109.0 1
43 109 0.0802841186523 -107.0 1
44 216 0.156700134277 -214.0 1
45 229 0.168477058411 -227.0 1
46 143 0.107882022858 -141.0 1
47 134 0.101125955582 -132.0 1
48 85 0.0632829666138 -83.0 1
49 242 0.178611040115 -240.0 1
0 964 0.679171085358 -962.0 1
1 506 0.347067832947 -504.0 1
2 326 0.222153186798 -324.0 1
3 254 0.182032108307 -252.0 1
4 168 0.1173620224 -166.0 1
5 220 0.153797149658 -218.0 1
6 357 0.245124816895 -355.0 1
7 517 0.359998941422 -515.0 1
8 248 0.165553092957 -246.0 1
9 236 0.15856218338 -234.0 1
10 186 0.129107952118 -184.0 1
11 190 0.128638029099 -188.0 1
12 211 0.153069972992 -209.0 1
13 159 0.105572938919 -157.0 1
14 158 0.105962991714 -156.0 1
15 185 0.124358892441 -183.0 1
16 212 0.144838094711 -210.0 1
17 212 0.145575046539 -210.0 1
18 220 0.144795179367 -218.0 1
19 208 0.14248585701 -206.0 1
20 116 0.0778839588165 -114.0 1
21 212 0.139579057693 -210.0 1
22 241 0.161401987076 -239.0 1
23 263 0.174074172974 -261.0 1
24 152 0.0995569229126 -150.0 1
25 214 0.149475097656 -212.0 1
26 537 0.373559951782 -535.0 1
27 159 0.113455057144 -157.0 1
28 222 0.159673213959 -220.0 1
29 116 0.0866420269012 -114.0 1
30 201 0.141746044159 -199.0 1
31 102 0.0694470405579 -100.0 1
32 188 0.128135919571 -186.0 1
33 510 0.351430892944 -508.0 1
34 204 0.137395858765 -202.0 1
35 192 0.132536172867 -190.0 1
36 109 0.0744149684906 -107.0 1
37 286 0.198204994202 -284.0 1
38 121 0.081179857254 -119.0 1
39 520 0.371194839478 -518.0 1
40 120 0.0836839675903 -118.0 1
41 151 0.107206821442 -149.0 1
42 111 0.0788028240204 -109.0 1
43 109 0.0743029117584 -107.0 1
44 216 0.148835897446 -214.0 1
45 229 0.160081148148 -227.0 1
46 143 0.118921995163 -141.0 1
47 134 0.0955631732941 -132.0 1
48 85 0.061653137207 -83.0 1
49 242 0.176249980927 -240.0 1
0 964 0.695842981339 -962.0 1
1 506 0.3585729599 -504.0 1
2 326 0.240251064301 -324.0 1
3 254 0.181859970093 -252.0 1
4 168 0.119421958923 -166.0 1
5 220 0.155679941177 -218.0 1
6 357 0.255410909653 -355.0 1
7 517 0.383013010025 -515.0 1
8 248 0.178213119507 -246.0 1
9 236 0.165923118591 -234.0 1
10 186 0.138438940048 -184.0 1
11 190 0.135313034058 -188.0 1
12 211 0.153021097183 -209.0 1
13 159 0.117053031921 -157.0 1
14 158 0.11720085144 -156.0 1
15 185 0.131332159042 -183.0 1
16 212 0.155995845795 -210.0 1
17 212 0.14554810524 -210.0 1
18 220 0.146550893784 -218.0 1
19 208 0.136442899704 -206.0 1
20 116 0.0781359672546 -114.0 1
21 212 0.13317990303 -210.0 1
22 241 0.162804841995 -239.0 1
23 263 0.176027059555 -261.0 1
24 152 0.101699113846 -150.0 1
25 214 0.143500804901 -212.0 1
26 537 0.368425130844 -535.0 1
27 159 0.112758874893 -157.0 1
28 222 0.154381990433 -220.0 1
29 116 0.0835239887238 -114.0 1
30 201 0.140115022659 -199.0 1
31 102 0.0673570632935 -100.0 1
32 188 0.126814842224 -186.0 1
33 510 0.343359947205 -508.0 1
34 204 0.133512020111 -202.0 1
35 192 0.11691904068 -190.0 1
36 109 0.0685479640961 -107.0 1
37 286 0.183246135712 -284.0 1
38 121 0.0779099464417 -119.0 1
39 520 0.333376169205 -518.0 1
40 120 0.0751128196716 -118.0 1
41 151 0.0958750247955 -149.0 1
42 111 0.0706679821014 -109.0 1
43 109 0.0693490505219 -107.0 1
44 216 0.134380817413 -214.0 1
45 229 0.140761137009 -227.0 1
46 143 0.0877151489258 -141.0 1
47 134 0.0823509693146 -132.0 1
48 85 0.0527510643005 -83.0 1
49 242 0.159055948257 -240.0 1
0 964 0.644973993301 -962.0 1
1 506 0.346137046814 -504.0 1
2 326 0.228783845901 -324.0 1
3 254 0.180993080139 -252.0 1
4 168 0.115648031235 -166.0 1
5 220 0.14825797081 -218.0 1
6 357 0.238798141479 -355.0 1
7 517 0.349265098572 -515.0 1
8 248 0.17319393158 -246.0 1
9 236 0.164289951324 -234.0 1
10 186 0.129499912262 -184.0 1
11 190 0.131214857101 -188.0 1
12 211 0.146916866302 -209.0 1
13 159 0.108246088028 -157.0 1
14 158 0.108571052551 -156.0 1
15 185 0.129645824432 -183.0 1
16 212 0.147752046585 -210.0 1
17 212 0.146418809891 -210.0 1
18 220 0.154757976532 -218.0 1
19 208 0.145776033401 -206.0 1
20 116 0.0779371261597 -114.0 1
21 212 0.141912937164 -210.0 1
22 241 0.157561063766 -239.0 1
23 263 0.174710035324 -261.0 1
24 152 0.103680849075 -150.0 1
25 214 0.145699977875 -212.0 1
26 537 0.363264799118 -535.0 1
27 159 0.105370998383 -157.0 1
28 222 0.144620895386 -220.0 1
29 116 0.0776700973511 -114.0 1
30 201 0.134902954102 -199.0 1
31 102 0.0680391788483 -100.0 1
32 188 0.127264022827 -186.0 1
33 510 0.353547096252 -508.0 1
34 204 0.143634796143 -202.0 1
35 192 0.134607076645 -190.0 1
36 109 0.0767660140991 -107.0 1
37 286 0.198575019836 -284.0 1
38 121 0.0825800895691 -119.0 1
39 520 0.342586994171 -518.0 1
40 120 0.0754821300507 -118.0 1
41 151 0.0937550067902 -149.0 1
42 111 0.0680251121521 -109.0 1
43 109 0.0665919780731 -107.0 1
44 216 0.129955053329 -214.0 1
45 229 0.136765956879 -227.0 1
46 143 0.0785441398621 -141.0 1
47 134 0.0756480693817 -132.0 1
48 85 0.0448188781738 -83.0 1
49 242 0.123255968094 -240.0 1
0 964 0.58934211731 -962.0 1
1 506 0.39617395401 -504.0 1
2 326 0.27525305748 -324.0 1
3 254 0.21196103096 -252.0 1
4 168 0.138829946518 -166.0 1
5 220 0.184136867523 -218.0 1
6 357 0.295917987823 -355.0 1
7 517 0.421439170837 -515.0 1
8 248 0.208070993423 -246.0 1
9 236 0.197666168213 -234.0 1
10 186 0.155187129974 -184.0 1
11 190 0.159157037735 -188.0 1
12 211 0.179371118546 -209.0 1
13 159 0.135031938553 -157.0 1
14 158 0.13515996933 -156.0 1
15 185 0.160331010818 -183.0 1
16 212 0.177299976349 -210.0 1
17 212 0.17991399765 -210.0 1
18 220 0.170933008194 -218.0 1
19 208 0.17831492424 -206.0 1
20 116 0.0978031158447 -114.0 1
21 212 0.178822040558 -210.0 1
22 241 0.203839063644 -239.0 1
23 263 0.219638109207 -261.0 1
24 152 0.13521194458 -150.0 1
25 214 0.184674978256 -212.0 1
26 537 0.456993103027 -535.0 1
27 159 0.132441043854 -157.0 1
28 222 0.182615995407 -220.0 1
29 116 0.0966010093689 -114.0 1
30 201 0.165993213654 -199.0 1
31 102 0.0839250087738 -100.0 1
32 188 0.15469789505 -186.0 1
33 510 0.41841506958 -508.0 1
34 204 0.164520978928 -202.0 1
35 192 0.155894041061 -190.0 1
36 109 0.0865199565887 -107.0 1
37 286 0.230062007904 -284.0 1
38 121 0.09792304039 -119.0 1
39 520 0.425575017929 -518.0 1
40 120 0.0989029407501 -118.0 1
41 151 0.123211860657 -149.0 1
42 111 0.0911040306091 -109.0 1
43 109 0.0897879600525 -107.0 1
44 216 0.177800893784 -214.0 1
45 229 0.185458898544 -227.0 1
46 143 0.119774103165 -141.0 1
47 134 0.113737106323 -132.0 1
48 85 0.0720949172974 -83.0 1
49 242 0.206979990005 -240.0 1
