trial, number of steps, runtime, accumulated reward, termination
0 964 0.488276958466 -962.0 1
1 506 0.249752044678 -504.0 1
2 326 0.219902992249 -324.0 1
3 254 0.198170900345 -252.0 1
4 168 0.131885051727 -166.0 1
5 220 0.169983863831 -218.0 1
6 357 0.280247926712 -355.0 1
7 517 0.407257080078 -515.0 1
8 248 0.196711063385 -246.0 1
9 236 0.185820102692 -234.0 1
10 186 0.125836849213 -184.0 1
11 190 0.149538993835 -188.0 1
12 211 0.167421102524 -209.0 1
13 159 0.125267028809 -157.0 1
14 158 0.12445306778 -156.0 1
15 185 0.145143985748 -183.0 1
16 212 0.164942026138 -210.0 1
17 212 0.164236068726 -210.0 1
18 220 0.176768064499 -218.0 1
19 208 0.164791107178 -206.0 1
20 116 0.0908098220825 -114.0 1
21 212 0.167018890381 -210.0 1
22 241 0.191802978516 -239.0 1
23 263 0.2075548172 -261.0 1
24 152 0.11983704567 -150.0 1
25 214 0.167144060135 -212.0 1
26 537 0.425211906433 -535.0 1
27 159 0.12455701828 -157.0 1
28 222 0.181828022003 -220.0 1
29 116 0.0931439399719 -114.0 1
30 201 0.163076877594 -199.0 1
31 102 0.0815842151642 -100.0 1
32 188 0.150864124298 -186.0 1
33 510 0.403599023819 -508.0 1
34 204 0.159222126007 -202.0 1
35 192 0.149228096008 -190.0 1
36 109 0.0852289199829 -107.0 1
37 286 0.221264839172 -284.0 1
38 121 0.0933890342712 -119.0 1
39 520 0.400394916534 -518.0 1
40 120 0.0924429893494 -118.0 1
41 151 0.115670204163 -149.0 1
42 111 0.0847320556641 -109.0 1
43 109 0.0828590393066 -107.0 1
44 216 0.164725065231 -214.0 1
45 229 0.171358823776 -227.0 1
46 143 0.0990600585938 -141.0 1
47 134 0.0788321495056 -132.0 1
48 85 0.0527260303497 -83.0 1
49 242 0.147211074829 -240.0 1
0 964 0.566061019897 -962.0 1
1 506 0.304490089417 -504.0 1
2 326 0.191001176834 -324.0 1
3 254 0.128649950027 -252.0 1
4 168 0.0679988861084 -166.0 1
5 220 0.114104032516 -218.0 1
6 357 0.214500188828 -355.0 1
7 517 0.308703899384 -515.0 1
8 248 0.111238956451 -246.0 1
9 236 0.0928919315338 -234.0 1
10 186 0.0773448944092 -184.0 1
11 190 0.0803179740906 -188.0 1
12 211 0.0810568332672 -209.0 1
13 159 0.0650310516357 -157.0 1
14 158 0.0703749656677 -156.0 1
15 185 0.0740339756012 -183.0 1
16 212 0.0954940319061 -210.0 1
17 212 0.125608921051 -210.0 1
18 220 0.131458997726 -218.0 1
19 208 0.112201929092 -206.0 1
20 116 0.0575568675995 -114.0 1
21 212 0.126074075699 -210.0 1
22 241 0.140386104584 -239.0 1
23 263 0.142574071884 -261.0 1
24 152 0.0871670246124 -150.0 1
25 214 0.117136955261 -212.0 1
26 537 0.412149906158 -535.0 1
27 159 0.123564004898 -157.0 1
28 222 0.172110080719 -220.0 1
29 116 0.0902349948883 -114.0 1
30 201 0.156159162521 -199.0 1
31 102 0.0788609981537 -100.0 1
32 188 0.146057128906 -186.0 1
33 510 0.377110958099 -508.0 1
34 204 0.152110099792 -202.0 1
35 192 0.145269155502 -190.0 1
36 109 0.0797591209412 -107.0 1
37 286 0.216532945633 -284.0 1
38 121 0.0912890434265 -119.0 1
39 520 0.220176935196 -518.0 1
40 120 0.0442230701447 -118.0 1
41 151 0.0734620094299 -149.0 1
42 111 0.0690801143646 -109.0 1
43 109 0.0696489810944 -107.0 1
44 216 0.141661167145 -214.0 1
45 229 0.152806997299 -227.0 1
46 143 0.0914571285248 -141.0 1
47 134 0.0888149738312 -132.0 1
48 85 0.0543448925018 -83.0 1
49 242 0.157787799835 -240.0 1
0 964 0.552718877792 -962.0 1
1 506 0.19441485405 -504.0 1
2 326 0.113926172256 -324.0 1
3 254 0.0893139839172 -252.0 1
4 168 0.0791599750519 -166.0 1
5 220 0.096549987793 -218.0 1
6 357 0.128433942795 -355.0 1
7 517 0.192982912064 -515.0 1
8 248 0.176573038101 -246.0 1
9 236 0.162221193314 -234.0 1
10 186 0.140930175781 -184.0 1
11 190 0.136554002762 -188.0 1
12 211 0.148173093796 -209.0 1
13 159 0.112215042114 -157.0 1
14 158 0.11252784729 -156.0 1
15 185 0.136245965958 -183.0 1
16 212 0.149425029755 -210.0 1
17 212 0.148193120956 -210.0 1
18 220 0.151645898819 -218.0 1
19 208 0.144339799881 -206.0 1
20 116 0.080384016037 -114.0 1
21 212 0.175649881363 -210.0 1
22 241 0.170027971268 -239.0 1
23 263 0.178755044937 -261.0 1
24 152 0.103888988495 -150.0 1
25 214 0.147089004517 -212.0 1
26 537 0.375842094421 -535.0 1
27 159 0.107734918594 -157.0 1
28 222 0.151077985764 -220.0 1
29 116 0.0786600112915 -114.0 1
30 201 0.132174015045 -199.0 1
31 102 0.0675899982452 -100.0 1
32 188 0.121541023254 -186.0 1
33 510 0.339524030685 -508.0 1
34 204 0.13613820076 -202.0 1
35 192 0.129283905029 -190.0 1
36 109 0.0735578536987 -107.0 1
37 286 0.193933010101 -284.0 1
38 121 0.0811061859131 -119.0 1
39 520 0.360861063004 -518.0 1
40 120 0.0815529823303 -118.0 1
41 151 0.104871988297 -149.0 1
42 111 0.0771310329437 -109.0 1
43 109 0.0739970207214 -107.0 1
44 216 0.145385980606 -214.0 1
45 229 0.156270027161 -227.0 1
46 143 0.0978469848633 -141.0 1
47 134 0.0917479991913 -132.0 1
48 85 0.0578060150146 -83.0 1
49 242 0.164595127106 -240.0 1
0 964 0.650578975677 -962.0 1
1 506 0.34486413002 -504.0 1
2 326 0.224671840668 -324.0 1
3 254 0.173010826111 -252.0 1
4 168 0.112336874008 -166.0 1
5 220 0.148967981339 -218.0 1
6 357 0.24990606308 -355.0 1
7 517 0.36442899704 -515.0 1
8 248 0.176342010498 -246.0 1
9 236 0.167413949966 -234.0 1
10 186 0.130172967911 -184.0 1
11 190 0.136620998383 -188.0 1
12 211 0.148408889771 -209.0 1
13 159 0.11080288887 -157.0 1
14 158 0.109519958496 -156.0 1
15 185 0.131593942642 -183.0 1
16 212 0.148582935333 -210.0 1
17 212 0.152753829956 -210.0 1
18 220 0.150001049042 -218.0 1
19 208 0.128163099289 -206.0 1
20 116 0.072546005249 -114.0 1
21 212 0.135570049286 -210.0 1
22 241 0.145853996277 -239.0 1
23 263 0.159655809402 -261.0 1
24 152 0.0867109298706 -150.0 1
25 214 0.124609947205 -212.0 1
26 537 0.272737026215 -535.0 1
27 159 0.0950529575348 -157.0 1
28 222 0.140300989151 -220.0 1
29 116 0.0679039955139 -114.0 1
30 201 0.121971130371 -199.0 1
31 102 0.0634210109711 -100.0 1
32 188 0.114097118378 -186.0 1
33 510 0.308408975601 -508.0 1
34 204 0.119457960129 -202.0 1
35 192 0.113305807114 -190.0 1
36 109 0.06636095047 -107.0 1
37 286 0.168913841248 -284.0 1
38 121 0.0701439380646 -119.0 1
39 520 0.323338031769 -518.0 1
40 120 0.0746879577637 -118.0 1
41 151 0.0902841091156 -149.0 1
42 111 0.0641920566559 -109.0 1
43 109 0.0640969276428 -107.0 1
44 216 0.12468791008 -214.0 1
45 229 0.135402917862 -227.0 1
46 143 0.087424993515 -141.0 1
47 134 0.0828301906586 -132.0 1
48 85 0.0542588233948 -83.0 1
49 242 0.148025989532 -240.0 1
0 964 0.577280044556 -962.0 1
1 506 0.340779066086 -504.0 1
2 326 0.218688011169 -324.0 1
3 254 0.173565149307 -252.0 1
4 168 0.114629030228 -166.0 1
5 220 0.148797035217 -218.0 1
6 357 0.244709968567 -355.0 1
7 517 0.365905046463 -515.0 1
8 248 0.175948858261 -246.0 1
9 236 0.172075033188 -234.0 1
10 186 0.13073682785 -184.0 1
11 190 0.134186029434 -188.0 1
12 211 0.14909696579 -209.0 1
13 159 0.11182308197 -157.0 1
14 158 0.111162900925 -156.0 1
15 185 0.131400108337 -183.0 1
16 212 0.149798154831 -210.0 1
17 212 0.146863937378 -210.0 1
18 220 0.153341054916 -218.0 1
19 208 0.141947984695 -206.0 1
20 116 0.078950881958 -114.0 1
21 212 0.146901845932 -210.0 1
22 241 0.167722940445 -239.0 1
23 263 0.182946920395 -261.0 1
24 152 0.105546951294 -150.0 1
25 214 0.147693872452 -212.0 1
26 537 0.370761871338 -535.0 1
27 159 0.109762907028 -157.0 1
28 222 0.153828144073 -220.0 1
29 116 0.0799419879913 -114.0 1
30 201 0.139079809189 -199.0 1
31 102 0.0702269077301 -100.0 1
32 188 0.129328966141 -186.0 1
33 510 0.351735830307 -508.0 1
34 204 0.139742851257 -202.0 1
35 192 0.131057977676 -190.0 1
36 109 0.0746669769287 -107.0 1
37 286 0.196007966995 -284.0 1
38 121 0.0822398662567 -119.0 1
39 520 0.356403112411 -518.0 1
40 120 0.0815789699554 -118.0 1
41 151 0.104240894318 -149.0 1
42 111 0.0759229660034 -109.0 1
43 109 0.075080871582 -107.0 1
44 216 0.14949798584 -214.0 1
45 229 0.161060094833 -227.0 1
46 143 0.100651025772 -141.0 1
47 134 0.0947999954224 -132.0 1
48 85 0.0596899986267 -83.0 1
49 242 0.167900085449 -240.0 1
0 964 0.659721851349 -962.0 1
1 506 0.340730905533 -504.0 1
2 326 0.219121932983 -324.0 1
3 254 0.172106981277 -252.0 1
4 168 0.11177110672 -166.0 1
5 220 0.148008108139 -218.0 1
6 357 0.243459939957 -355.0 1
7 517 0.349431991577 -515.0 1
8 248 0.169575929642 -246.0 1
9 236 0.16496515274 -234.0 1
10 186 0.128528118134 -184.0 1
11 190 0.131237983704 -188.0 1
12 211 0.146093130112 -209.0 1
13 159 0.108645915985 -157.0 1
14 158 0.108235120773 -156.0 1
15 185 0.13010597229 -183.0 1
16 212 0.147417068481 -210.0 1
17 212 0.147224903107 -210.0 1
18 220 0.155519008636 -218.0 1
19 208 0.146348953247 -206.0 1
20 116 0.0802788734436 -114.0 1
21 212 0.148741960526 -210.0 1
22 241 0.165885925293 -239.0 1
23 263 0.179492950439 -261.0 1
24 152 0.103498935699 -150.0 1
25 214 0.146026134491 -212.0 1
26 537 0.369705915451 -535.0 1
27 159 0.110006809235 -157.0 1
28 222 0.156157970428 -220.0 1
29 116 0.0810301303864 -114.0 1
30 201 0.141691923141 -199.0 1
31 102 0.072448015213 -100.0 1
32 188 0.132641077042 -186.0 1
33 510 0.358133077621 -508.0 1
34 204 0.140441179276 -202.0 1
35 192 0.131809949875 -190.0 1
36 109 0.0725319385529 -107.0 1
37 286 0.196517944336 -284.0 1
38 121 0.0844719409943 -119.0 1
39 520 0.369022846222 -518.0 1
40 120 0.0844230651855 -118.0 1
41 151 0.106160163879 -149.0 1
42 111 0.0780649185181 -109.0 1
43 109 0.0771651268005 -107.0 1
44 216 0.150048971176 -214.0 1
45 229 0.157955884933 -227.0 1
46 143 0.0999610424042 -141.0 1
47 134 0.0932040214539 -132.0 1
48 85 0.0585219860077 -83.0 1
49 242 0.168467998505 -240.0 1
0 964 0.683984041214 -962.0 1
1 506 0.359313964844 -504.0 1
2 326 0.227547883987 -324.0 1
3 254 0.174654960632 -252.0 1
4 168 0.115271091461 -166.0 1
5 220 0.149943113327 -218.0 1
6 357 0.24425983429 -355.0 1
7 517 0.354048013687 -515.0 1
8 248 0.169970989227 -246.0 1
9 236 0.160654067993 -234.0 1
10 186 0.127401828766 -184.0 1
11 190 0.130439043045 -188.0 1
12 211 0.144941091537 -209.0 1
13 159 0.108438968658 -157.0 1
14 158 0.106809139252 -156.0 1
15 185 0.125267028809 -183.0 1
16 212 0.142558097839 -210.0 1
17 212 0.143619060516 -210.0 1
18 220 0.149946928024 -218.0 1
19 208 0.141525030136 -206.0 1
20 116 0.0771200656891 -114.0 1
21 212 0.142447948456 -210.0 1
22 241 0.162283182144 -239.0 1
23 263 0.176935911179 -261.0 1
24 152 0.102339029312 -150.0 1
25 214 0.143825054169 -212.0 1
26 537 0.364310026169 -535.0 1
27 159 0.106600046158 -157.0 1
28 222 0.150454998016 -220.0 1
29 116 0.0793368816376 -114.0 1
30 201 0.139084815979 -199.0 1
31 102 0.0703048706055 -100.0 1
32 188 0.130957126617 -186.0 1
33 510 0.357223033905 -508.0 1
34 204 0.142017126083 -202.0 1
35 192 0.131880998611 -190.0 1
36 109 0.074324131012 -107.0 1
37 286 0.199386119843 -284.0 1
38 121 0.0841069221497 -119.0 1
39 520 0.367031097412 -518.0 1
40 120 0.0843210220337 -118.0 1
41 151 0.106173038483 -149.0 1
42 111 0.0774629116058 -109.0 1
43 109 0.0763971805573 -107.0 1
44 216 0.151515007019 -214.0 1
45 229 0.161923885345 -227.0 1
46 143 0.100883960724 -141.0 1
47 134 0.0933930873871 -132.0 1
48 85 0.0595319271088 -83.0 1
49 242 0.170013904572 -240.0 1
0 964 0.660778045654 -962.0 1
1 506 0.347389936447 -504.0 1
2 326 0.226460933685 -324.0 1
3 254 0.176247119904 -252.0 1
4 168 0.114989995956 -166.0 1
5 220 0.149500131607 -218.0 1
6 357 0.246132850647 -355.0 1
7 517 0.359130144119 -515.0 1
8 248 0.17222905159 -246.0 1
9 236 0.164369106293 -234.0 1
10 186 0.128093957901 -184.0 1
11 190 0.130318164825 -188.0 1
12 211 0.144457101822 -209.0 1
13 159 0.109148025513 -157.0 1
14 158 0.108248949051 -156.0 1
15 185 0.127491950989 -183.0 1
16 212 0.145916938782 -210.0 1
17 212 0.147788047791 -210.0 1
18 220 0.150614976883 -218.0 1
19 208 0.142439842224 -206.0 1
20 116 0.0782241821289 -114.0 1
21 212 0.146739006042 -210.0 1
22 241 0.165301084518 -239.0 1
23 263 0.181237220764 -261.0 1
24 152 0.104537963867 -150.0 1
25 214 0.146219968796 -212.0 1
26 537 0.367074966431 -535.0 1
27 159 0.109230995178 -157.0 1
28 222 0.15177989006 -220.0 1
29 116 0.0793828964233 -114.0 1
30 201 0.137291908264 -199.0 1
31 102 0.0709750652313 -100.0 1
32 188 0.132700920105 -186.0 1
33 510 0.359338998795 -508.0 1
34 204 0.143477916718 -202.0 1
35 192 0.135633945465 -190.0 1
36 109 0.0771639347076 -107.0 1
37 286 0.202133893967 -284.0 1
38 121 0.0858790874481 -119.0 1
39 520 0.363081932068 -518.0 1
40 120 0.0828790664673 -118.0 1
41 151 0.104202985764 -149.0 1
42 111 0.075975894928 -109.0 1
43 109 0.0750710964203 -107.0 1
44 216 0.149791955948 -214.0 1
45 229 0.159716844559 -227.0 1
46 143 0.0989019870758 -141.0 1
47 134 0.09223985672 -132.0 1
48 85 0.0587692260742 -83.0 1
49 242 0.164629936218 -240.0 1
0 964 0.646640062332 -962.0 1
1 506 0.336105823517 -504.0 1
2 326 0.218090057373 -324.0 1
3 254 0.169456005096 -252.0 1
4 168 0.110980033875 -166.0 1
5 220 0.145370006561 -218.0 1
6 357 0.233815193176 -355.0 1
7 517 0.340667009354 -515.0 1
8 248 0.163687944412 -246.0 1
9 236 0.15839099884 -234.0 1
10 186 0.129446029663 -184.0 1
11 190 0.128906965256 -188.0 1
12 211 0.142681121826 -209.0 1
13 159 0.107558965683 -157.0 1
14 158 0.105793952942 -156.0 1
15 185 0.124245882034 -183.0 1
16 212 0.142647027969 -210.0 1
17 212 0.145996809006 -210.0 1
18 220 0.151821136475 -218.0 1
19 208 0.143538951874 -206.0 1
20 116 0.0792908668518 -114.0 1
21 212 0.142117023468 -210.0 1
22 241 0.159780979156 -239.0 1
23 263 0.176328897476 -261.0 1
24 152 0.102518081665 -150.0 1
25 214 0.143821001053 -212.0 1
26 537 0.360397100449 -535.0 1
27 159 0.0852279663086 -157.0 1
28 222 0.0755021572113 -220.0 1
29 116 0.0392088890076 -114.0 1
30 201 0.0686690807343 -199.0 1
31 102 0.0345330238342 -100.0 1
32 188 0.0640091896057 -186.0 1
33 510 0.174283981323 -508.0 1
34 204 0.0696251392365 -202.0 1
35 192 0.0655732154846 -190.0 1
36 109 0.0368418693542 -107.0 1
37 286 0.0976679325104 -284.0 1
38 121 0.0415968894958 -119.0 1
39 520 0.196057081223 -518.0 1
40 120 0.0758879184723 -118.0 1
41 151 0.0961861610413 -149.0 1
42 111 0.0706958770752 -109.0 1
43 109 0.0679337978363 -107.0 1
44 216 0.127768039703 -214.0 1
45 229 0.142524003983 -227.0 1
46 143 0.0924100875854 -141.0 1
47 134 0.0850989818573 -132.0 1
48 85 0.0551979541779 -83.0 1
49 242 0.124898910522 -240.0 1
0 964 0.603052139282 -962.0 1
1 506 0.223202943802 -504.0 1
2 326 0.137383937836 -324.0 1
3 254 0.163571119308 -252.0 1
4 168 0.1192882061 -166.0 1
5 220 0.0871891975403 -218.0 1
6 357 0.133049964905 -355.0 1
7 517 0.214915037155 -515.0 1
8 248 0.163308858871 -246.0 1
9 236 0.157351970673 -234.0 1
10 186 0.122792005539 -184.0 1
11 190 0.126819849014 -188.0 1
12 211 0.141710996628 -209.0 1
13 159 0.104874849319 -157.0 1
14 158 0.104475021362 -156.0 1
15 185 0.12132692337 -183.0 1
16 212 0.140380859375 -210.0 1
17 212 0.14057803154 -210.0 1
18 220 0.146250963211 -218.0 1
19 208 0.13888001442 -206.0 1
20 116 0.0774538516998 -114.0 1
21 212 0.139976024628 -210.0 1
22 241 0.157207965851 -239.0 1
23 263 0.174506187439 -261.0 1
24 152 0.10039806366 -150.0 1
25 214 0.142347812653 -212.0 1
26 537 0.352123022079 -535.0 1
27 159 0.103802919388 -157.0 1
28 222 0.142266988754 -220.0 1
29 116 0.0733358860016 -114.0 1
30 201 0.129743099213 -199.0 1
31 102 0.0653250217438 -100.0 1
32 188 0.120131969452 -186.0 1
33 510 0.330273866653 -508.0 1
34 204 0.132068872452 -202.0 1
35 192 0.124702215195 -190.0 1
36 109 0.0713410377502 -107.0 1
37 286 0.187440872192 -284.0 1
38 121 0.0788857936859 -119.0 1
39 520 0.3432700634 -518.0 1
40 120 0.0785200595856 -118.0 1
41 151 0.097767829895 -149.0 1
42 111 0.0723831653595 -109.0 1
43 109 0.0721600055695 -107.0 1
44 216 0.141629934311 -214.0 1
45 229 0.14946103096 -227.0 1
46 143 0.0929460525513 -141.0 1
47 134 0.089161157608 -132.0 1
48 85 0.0561809539795 -83.0 1
49 242 0.155343055725 -240.0 1
