trial, number of steps, runtime, accumulated reward, termination
0 137 0.0605490207672 134.0 1
1 208 0.090371131897 205.0 1
2 12 0.00490212440491 9.0 1
3 214 0.0932059288025 211.0 1
4 9 0.00344204902649 6.0 1
5 1539 0.658312082291 1536.0 1
6 27 0.0113961696625 24.0 1
7 9 0.00334286689758 6.0 1
8 11 0.00366306304932 8.0 1
9 8 0.00253391265869 5.0 1
10 10 0.00389909744263 7.0 1
11 11 0.00434803962708 8.0 1
12 10 0.00388884544373 7.0 1
13 12 0.00479888916016 9.0 1
14 9 0.00352907180786 6.0 1
15 11 0.00427103042603 8.0 1
16 9 0.00306487083435 6.0 1
17 92 0.0805389881134 89.0 1
18 74 0.0482888221741 71.0 1
19 24 0.0168719291687 21.0 1
20 8 0.00495409965515 5.0 1
21 11 0.00691604614258 8.0 1
22 21 0.0138959884644 18.0 1
23 9 0.00557494163513 6.0 1
24 16 0.0102081298828 13.0 1
25 9 0.00545001029968 6.0 1
26 42 0.0296101570129 39.0 1
27 15 0.00962781906128 12.0 1
28 79 0.0524368286133 76.0 1
29 9 0.00553488731384 6.0 1
30 74 0.0490469932556 71.0 1
31 83 0.0568947792053 80.0 1
32 9 0.00581383705139 6.0 1
33 156 0.10401391983 153.0 1
34 75 0.0485320091248 72.0 1
35 8 0.00473308563232 5.0 1
36 87 0.0569071769714 84.0 1
37 73 0.0474119186401 70.0 1
38 10 0.00596499443054 7.0 1
39 123 0.0814301967621 120.0 1
40 21 0.0134649276733 18.0 1
41 9 0.00552296638489 6.0 1
42 8 0.00486302375793 5.0 1
43 10 0.00615310668945 7.0 1
44 104 0.0689680576324 101.0 1
45 100 0.0627629756927 97.0 1
46 33 0.0215549468994 30.0 1
47 9 0.0054759979248 6.0 1
48 18 0.011579990387 15.0 1
49 9 0.00542092323303 6.0 1
0 169 0.112731933594 166.0 1
1 22 0.0139298439026 19.0 1
2 46 0.0296828746796 43.0 1
3 35 0.0228960514069 32.0 1
4 859 0.573208093643 856.0 1
5 14 0.0087468624115 11.0 1
6 9 0.00545597076416 6.0 1
7 5000 3.45785403252 4999.0 0
8 16 0.0114159584045 13.0 1
9 10 0.00656294822693 7.0 1
10 29 0.0198531150818 26.0 1
11 37 0.0264468193054 34.0 1
12 82 0.0564939975739 79.0 1
13 5000 3.27368283272 4999.0 0
14 1648 1.12259697914 1645.0 1
15 8 0.00522112846375 5.0 1
16 5000 3.42611217499 4999.0 0
17 5000 3.37677192688 4999.0 0
18 17 0.011430978775 14.0 1
19 11 0.00709581375122 8.0 1
20 57 0.0386469364166 54.0 1
21 15 0.00969505310059 12.0 1
22 5000 3.37128996849 4999.0 0
23 14 0.00884985923767 11.0 1
24 14 0.010421037674 11.0 1
25 42 0.0279059410095 39.0 1
26 112 0.0740940570831 109.0 1
27 9 0.00602006912231 6.0 1
28 5000 2.8329410553 4999.0 0
29 5000 2.66743087769 4999.0 0
30 17 0.00811886787415 14.0 1
31 9 0.00416898727417 6.0 1
32 2423 1.41119980812 2420.0 1
33 14 0.00833892822266 11.0 1
34 11 0.00670909881592 8.0 1
35 5000 3.12789011002 4999.0 0
36 5000 2.86930012703 4999.0 0
37 5000 2.94025802612 4999.0 0
38 5000 3.52073597908 4999.0 0
39 5000 3.45874714851 4999.0 0
40 5000 3.25232815742 4999.0 0
41 18 0.0134699344635 15.0 1
42 9 0.00632309913635 6.0 1
43 13 0.00978803634644 10.0 1
44 10 0.00721406936646 7.0 1
45 12 0.00570297241211 9.0 1
46 54 0.0375781059265 51.0 1
47 10 0.00727391242981 7.0 1
48 8 0.00546288490295 5.0 1
49 37 0.0287539958954 34.0 1
0 97 0.0738291740417 94.0 1
1 28 0.0211098194122 25.0 1
2 8 0.00557208061218 5.0 1
3 8 0.00571799278259 5.0 1
4 595 0.468502044678 592.0 1
5 10 0.00715613365173 7.0 1
6 12 0.00900912284851 9.0 1
7 46 0.0355470180511 43.0 1
8 10 0.00756406784058 7.0 1
9 61 0.0483870506287 58.0 1
10 9 0.00635504722595 6.0 1
11 47 0.0356709957123 44.0 1
12 33 0.0254521369934 30.0 1
13 14 0.0102889537811 11.0 1
14 48 0.037556886673 45.0 1
15 9 0.00658488273621 6.0 1
16 19 0.0148060321808 16.0 1
17 32 0.0239179134369 29.0 1
18 10 0.00710511207581 7.0 1
19 15 0.0111880302429 12.0 1
20 10 0.00741291046143 7.0 1
21 38 0.0296609401703 35.0 1
22 8 0.00573706626892 5.0 1
23 10 0.00750684738159 7.0 1
24 10 0.00739693641663 7.0 1
25 10 0.00728797912598 7.0 1
26 9 0.00649094581604 6.0 1
27 10 0.00722098350525 7.0 1
28 10 0.00728297233582 7.0 1
29 44 0.0353219509125 41.0 1
30 25 0.019345998764 22.0 1
31 8 0.00568509101868 5.0 1
32 16 0.0116100311279 13.0 1
33 9 0.00625205039978 6.0 1
34 10 0.0071280002594 7.0 1
35 10 0.0073709487915 7.0 1
36 10 0.00731587409973 7.0 1
37 10 0.00735902786255 7.0 1
38 11 0.0079710483551 8.0 1
39 48 0.0378589630127 45.0 1
40 11 0.00805592536926 8.0 1
41 38 0.0300688743591 35.0 1
42 10 0.00753593444824 7.0 1
43 9 0.00646686553955 6.0 1
44 24 0.0185379981995 21.0 1
45 8 0.00569295883179 5.0 1
46 10 0.00731801986694 7.0 1
47 23 0.0177550315857 20.0 1
48 11 0.00820994377136 8.0 1
49 9 0.00665807723999 6.0 1
0 181 0.143999814987 178.0 1
1 12 0.00887894630432 9.0 1
2 13 0.00985097885132 10.0 1
3 12 0.00891494750977 9.0 1
4 5000 3.43848896027 4999.0 0
5 17 0.0098819732666 14.0 1
6 10 0.00557899475098 7.0 1
7 10 0.00560808181763 7.0 1
8 12 0.00681090354919 9.0 1
9 60 0.0356969833374 57.0 1
10 16 0.00915098190308 13.0 1
11 12 0.00681591033936 9.0 1
12 20 0.011666059494 17.0 1
13 16 0.00893306732178 13.0 1
14 23 0.0131130218506 20.0 1
15 9 0.00507307052612 6.0 1
16 10 0.00570511817932 7.0 1
17 9 0.00519299507141 6.0 1
18 9 0.00319004058838 6.0 1
19 21 0.010792016983 18.0 1
20 8 0.00380516052246 5.0 1
21 15 0.00746893882751 12.0 1
22 9 0.00428199768066 6.0 1
23 10 0.00476789474487 7.0 1
24 10 0.00507283210754 7.0 1
25 12 0.00574493408203 9.0 1
26 19 0.00940895080566 16.0 1
27 10 0.00470209121704 7.0 1
28 15 0.00768494606018 12.0 1
29 15 0.00755190849304 12.0 1
30 15 0.00742888450623 12.0 1
31 17 0.00850510597229 14.0 1
32 10 0.0047390460968 7.0 1
33 13 0.00649213790894 10.0 1
34 10 0.0048348903656 7.0 1
35 10 0.00503206253052 7.0 1
36 10 0.00469398498535 7.0 1
37 15 0.00755405426025 12.0 1
38 13 0.00653195381165 10.0 1
39 9 0.00425481796265 6.0 1
40 13 0.00634288787842 10.0 1
41 13 0.00623893737793 10.0 1
42 13 0.00632905960083 10.0 1
43 8 0.00381398200989 5.0 1
44 11 0.00534510612488 8.0 1
45 8 0.00380110740662 5.0 1
46 11 0.00522518157959 8.0 1
47 11 0.00550389289856 8.0 1
48 14 0.00687599182129 11.0 1
49 11 0.00533413887024 8.0 1
0 547 0.282024145126 544.0 1
1 14 0.0068519115448 11.0 1
2 9 0.00428700447083 6.0 1
3 8 0.00396108627319 5.0 1
4 9 0.00425982475281 6.0 1
5 10 0.00470399856567 7.0 1
6 12 0.00582194328308 9.0 1
7 12 0.00600099563599 9.0 1
8 16 0.00781893730164 13.0 1
9 8 0.00368595123291 5.0 1
10 10 0.00487589836121 7.0 1
11 19 0.00945115089417 16.0 1
12 69 0.0355570316315 66.0 1
13 10 0.00460481643677 7.0 1
14 47 0.0239069461823 44.0 1
15 10 0.00467300415039 7.0 1
16 13 0.00612092018127 10.0 1
17 60 0.0315408706665 57.0 1
18 65 0.0345928668976 62.0 1
19 49 0.0256209373474 46.0 1
20 10 0.00465798377991 7.0 1
21 12 0.00612115859985 9.0 1
22 9 0.00454878807068 6.0 1
23 62 0.0331761837006 59.0 1
24 9 0.00419282913208 6.0 1
25 8 0.00383114814758 5.0 1
26 11 0.00558710098267 8.0 1
27 12 0.00588512420654 9.0 1
28 9 0.00425481796265 6.0 1
29 10 0.00481581687927 7.0 1
30 13 0.00657510757446 10.0 1
31 62 0.0320448875427 59.0 1
32 77 0.0401611328125 74.0 1
33 87 0.0445539951324 84.0 1
34 38 0.0193619728088 35.0 1
35 14 0.00690603256226 11.0 1
36 9 0.00444793701172 6.0 1
37 60 0.0316438674927 57.0 1
38 8 0.00386714935303 5.0 1
39 11 0.00551009178162 8.0 1
40 8 0.00386095046997 5.0 1
41 45 0.0242290496826 42.0 1
42 10 0.00489401817322 7.0 1
43 8 0.00402116775513 5.0 1
44 44 0.0233428478241 41.0 1
45 78 0.0412030220032 75.0 1
46 16 0.00773096084595 13.0 1
47 9 0.00444602966309 6.0 1
48 9 0.0043408870697 6.0 1
49 79 0.0407199859619 76.0 1
0 115 0.0603399276733 112.0 1
1 51 0.026496887207 48.0 1
2 18 0.00904488563538 15.0 1
3 17 0.00847291946411 14.0 1
4 225 0.120944023132 222.0 1
5 27 0.0146942138672 24.0 1
6 14 0.00761103630066 11.0 1
7 5000 2.66991710663 4999.0 0
8 15 0.00727200508118 12.0 1
9 12 0.00571799278259 9.0 1
10 10 0.00468111038208 7.0 1
11 5000 2.77808618546 4999.0 0
12 1241 0.680837154388 1238.0 1
13 12 0.00628995895386 9.0 1
14 29 0.0156760215759 26.0 1
15 45 0.0243771076202 42.0 1
16 9 0.00450801849365 6.0 1
17 8 0.00382208824158 5.0 1
18 9 0.00453209877014 6.0 1
19 43 0.0232539176941 40.0 1
20 9 0.00445199012756 6.0 1
21 41 0.022243976593 38.0 1
22 9 0.00432085990906 6.0 1
23 10 0.00489807128906 7.0 1
24 40 0.0213601589203 37.0 1
25 23 0.0122849941254 20.0 1
26 11 0.00532412528992 8.0 1
27 9 0.00444793701172 6.0 1
28 9 0.00439095497131 6.0 1
29 44 0.0228309631348 41.0 1
30 10 0.00492691993713 7.0 1
31 8 0.00392198562622 5.0 1
32 21 0.0105497837067 18.0 1
33 17 0.0087559223175 14.0 1
34 9 0.00434303283691 6.0 1
35 10 0.00477313995361 7.0 1
36 11 0.00551104545593 8.0 1
37 10 0.00487494468689 7.0 1
38 17 0.00867486000061 14.0 1
39 15 0.00762295722961 12.0 1
40 15 0.00757193565369 12.0 1
41 15 0.00769686698914 12.0 1
42 8 0.00387716293335 5.0 1
43 15 0.00751900672913 12.0 1
44 8 0.00366997718811 5.0 1
45 9 0.00432801246643 6.0 1
46 11 0.00526189804077 8.0 1
47 10 0.00484585762024 7.0 1
48 11 0.0055239200592 8.0 1
49 10 0.00518703460693 7.0 1
0 240 0.129832029343 237.0 1
1 12 0.00589895248413 9.0 1
2 819 0.43266582489 816.0 1
3 5000 2.68804812431 4999.0 0
4 251 0.138611078262 248.0 1
5 27 0.01433801651 24.0 1
6 12 0.00618577003479 9.0 1
7 13 0.00642490386963 10.0 1
8 10 0.00458693504333 7.0 1
9 80 0.064416885376 77.0 1
10 9 0.00467991828918 6.0 1
11 12 0.00611400604248 9.0 1
12 10 0.00525712966919 7.0 1
13 9 0.00469708442688 6.0 1
14 8 0.00405693054199 5.0 1
15 10 0.00491881370544 7.0 1
16 52 0.0285120010376 49.0 1
17 10 0.00478887557983 7.0 1
18 25 0.0133340358734 22.0 1
19 21 0.0103712081909 18.0 1
20 8 0.00355195999146 5.0 1
21 17 0.0166499614716 14.0 1
22 27 0.0145211219788 24.0 1
23 10 0.00491499900818 7.0 1
24 16 0.00806307792664 13.0 1
25 10 0.00534892082214 7.0 1
26 11 0.00561213493347 8.0 1
27 9 0.00456190109253 6.0 1
28 10 0.00508499145508 7.0 1
29 9 0.00458097457886 6.0 1
30 9 0.00493884086609 6.0 1
31 11 0.00725293159485 8.0 1
32 11 0.00660300254822 8.0 1
33 13 0.00706601142883 10.0 1
34 10 0.0051109790802 7.0 1
35 11 0.00577807426453 8.0 1
36 11 0.00700521469116 8.0 1
37 15 0.0111408233643 12.0 1
38 8 0.00393509864807 5.0 1
39 13 0.00649690628052 10.0 1
40 9 0.00448799133301 6.0 1
41 8 0.00731897354126 5.0 1
42 12 0.00612616539001 9.0 1
43 10 0.00483703613281 7.0 1
44 12 0.00606203079224 9.0 1
45 13 0.00998783111572 10.0 1
46 13 0.00680804252625 10.0 1
47 10 0.00481700897217 7.0 1
48 11 0.00556492805481 8.0 1
49 12 0.0061309337616 9.0 1
0 510 0.277920007706 507.0 1
1 28 0.0144689083099 25.0 1
2 12 0.00601387023926 9.0 1
3 13 0.00671815872192 10.0 1
4 21 0.0109238624573 18.0 1
5 12 0.00631380081177 9.0 1
6 35 0.0179538726807 32.0 1
7 10 0.00502109527588 7.0 1
8 13 0.00629591941833 10.0 1
9 24 0.0125489234924 21.0 1
10 9 0.00469779968262 6.0 1
11 10 0.00523090362549 7.0 1
12 10 0.005038022995 7.0 1
13 10 0.00531697273254 7.0 1
14 18 0.00935912132263 15.0 1
15 18 0.00902199745178 15.0 1
16 56 0.0310521125793 53.0 1
17 10 0.00530600547791 7.0 1
18 13 0.00640296936035 10.0 1
19 22 0.0112738609314 19.0 1
20 9 0.00450992584229 6.0 1
21 8 0.00389194488525 5.0 1
22 8 0.00385713577271 5.0 1
23 11 0.00535297393799 8.0 1
24 36 0.0181169509888 33.0 1
25 11 0.00509691238403 8.0 1
26 9 0.0042200088501 6.0 1
27 13 0.00653314590454 10.0 1
28 24 0.0118169784546 21.0 1
29 19 0.00937008857727 16.0 1
30 19 0.00939702987671 16.0 1
31 9 0.00424289703369 6.0 1
32 14 0.00685811042786 11.0 1
33 8 0.00398802757263 5.0 1
34 9 0.00427484512329 6.0 1
35 16 0.0082049369812 13.0 1
36 11 0.00525498390198 8.0 1
37 10 0.00511384010315 7.0 1
38 11 0.00579595565796 8.0 1
39 10 0.00503396987915 7.0 1
40 11 0.00546193122864 8.0 1
41 11 0.00529789924622 8.0 1
42 9 0.00444412231445 6.0 1
43 9 0.00426602363586 6.0 1
44 10 0.00892877578735 7.0 1
45 9 0.00420999526978 6.0 1
46 10 0.00607895851135 7.0 1
47 11 0.00502610206604 8.0 1
48 18 0.00887489318848 15.0 1
49 10 0.00510096549988 7.0 1
0 235 0.122303962708 232.0 1
1 9 0.00431609153748 6.0 1
2 11 0.00581216812134 8.0 1
3 11 0.00546979904175 8.0 1
4 9 0.00445103645325 6.0 1
5 8 0.0040111541748 5.0 1
6 27 0.0139131546021 24.0 1
7 17 0.00898194313049 14.0 1
8 9 0.00434494018555 6.0 1
9 9 0.00439119338989 6.0 1
10 117 0.0643770694733 114.0 1
11 9 0.00451111793518 6.0 1
12 8 0.00403499603271 5.0 1
13 10 0.00519204139709 7.0 1
14 18 0.00946807861328 15.0 1
15 53 0.028685092926 50.0 1
16 9 0.00451517105103 6.0 1
17 10 0.00519609451294 7.0 1
18 74 0.0393350124359 71.0 1
19 9 0.00447106361389 6.0 1
20 140 0.0738220214844 137.0 1
21 150 0.0829789638519 147.0 1
22 152 0.0849070549011 149.0 1
23 152 0.085305929184 149.0 1
24 66 0.0366969108582 63.0 1
25 466 0.254179954529 463.0 1
26 12 0.00620102882385 9.0 1
27 11 0.00541377067566 8.0 1
28 907 0.524152040482 904.0 1
29 5000 2.60757017136 4999.0 0
30 15 0.00717306137085 12.0 1
31 9 0.00415396690369 6.0 1
32 12 0.00560402870178 9.0 1
33 8 0.0036940574646 5.0 1
34 9 0.00424695014954 6.0 1
35 32 0.0154731273651 29.0 1
36 16 0.00762391090393 13.0 1
37 15 0.00719094276428 12.0 1
38 29 0.014545917511 26.0 1
39 209 0.10920214653 206.0 1
40 235 0.124459028244 232.0 1
41 9 0.00421595573425 6.0 1
42 8 0.00373387336731 5.0 1
43 9 0.00444388389587 6.0 1
44 107 0.0574998855591 104.0 1
45 8 0.00331687927246 5.0 1
46 19 0.0075888633728 16.0 1
47 19 0.00744891166687 16.0 1
48 10 0.00382518768311 7.0 1
49 138 0.0693209171295 135.0 1
0 268 0.13653588295 265.0 1
1 123 0.0611991882324 120.0 1
2 49 0.0251159667969 46.0 1
3 10 0.00430202484131 7.0 1
4 9 0.00413918495178 6.0 1
5 9 0.00417900085449 6.0 1
6 9 0.00403690338135 6.0 1
7 11 0.00505900382996 8.0 1
8 13 0.00603199005127 10.0 1
9 9 0.00381898880005 6.0 1
10 9 0.00409603118896 6.0 1
11 13 0.00592398643494 10.0 1
12 14 0.00664615631104 11.0 1
13 15 0.00718712806702 12.0 1
14 10 0.00452017784119 7.0 1
15 24 0.0115430355072 21.0 1
16 9 0.00405597686768 6.0 1
17 17 0.00836706161499 14.0 1
18 11 0.00510191917419 8.0 1
19 10 0.00457906723022 7.0 1
20 20 0.0097291469574 17.0 1
21 16 0.00931906700134 13.0 1
22 10 0.00458216667175 7.0 1
23 11 0.00553607940674 8.0 1
24 10 0.00539183616638 7.0 1
25 10 0.00430989265442 7.0 1
26 10 0.00424599647522 7.0 1
27 16 0.00753307342529 13.0 1
28 9 0.00408411026001 6.0 1
29 14 0.00668096542358 11.0 1
30 9 0.0042130947113 6.0 1
31 8 0.00364804267883 5.0 1
32 10 0.00463104248047 7.0 1
33 18 0.00876998901367 15.0 1
34 9 0.00418400764465 6.0 1
35 13 0.00633096694946 10.0 1
36 13 0.00621700286865 10.0 1
37 14 0.00663805007935 11.0 1
38 10 0.00453901290894 7.0 1
39 9 0.00431394577026 6.0 1
40 8 0.00384712219238 5.0 1
41 11 0.00545310974121 8.0 1
42 9 0.00426983833313 6.0 1
43 10 0.0048041343689 7.0 1
44 20 0.0100879669189 17.0 1
45 10 0.00501012802124 7.0 1
46 17 0.00841188430786 14.0 1
47 8 0.00383901596069 5.0 1
48 9 0.00432181358337 6.0 1
49 13 0.00637006759644 10.0 1
