trial, number of steps, runtime, accumulated reward, termination
0 666 0.330613136292 -664.0 1
1 2436 1.20491600037 -2434.0 1
2 445 0.22509598732 -443.0 1
3 1709 0.849675178528 -1707.0 1
4 846 0.413102865219 -844.0 1
5 1305 0.610147953033 -1303.0 1
6 522 0.249120950699 -520.0 1
7 543 0.348776102066 -541.0 1
8 373 0.179104089737 -371.0 1
9 2419 1.15259408951 -2417.0 1
10 1126 0.587697029114 -1124.0 1
11 1060 0.513157129288 -1058.0 1
12 1068 0.50025510788 -1066.0 1
13 871 0.412698984146 -869.0 1
14 1859 0.85929608345 -1857.0 1
15 415 0.197492837906 -413.0 1
16 4435 2.12337493896 -4433.0 1
17 1918 0.997690916061 -1916.0 1
18 975 0.496371984482 -973.0 1
19 592 0.313242912292 -590.0 1
20 343 0.177583932877 -341.0 1
21 1237 0.649501800537 -1235.0 1
22 2253 1.18617105484 -2251.0 1
23 307 0.158535003662 -305.0 1
24 1530 0.743057966232 -1528.0 1
25 1940 1.0955760479 -1938.0 1
26 580 0.34193611145 -578.0 1
27 1102 0.619835138321 -1100.0 1
28 773 0.356064081192 -771.0 1
29 444 0.207979917526 -442.0 1
30 2202 1.21516084671 -2200.0 1
31 562 0.34854888916 -560.0 1
32 1269 0.787653923035 -1267.0 1
33 1083 0.676014900208 -1081.0 1
34 1073 0.660895109177 -1071.0 1
35 1147 0.717273950577 -1145.0 1
36 566 0.352808952332 -564.0 1
37 348 0.215875864029 -346.0 1
38 544 0.34064412117 -542.0 1
39 1048 0.649326086044 -1046.0 1
40 2035 1.23983716965 -2033.0 1
41 587 0.290090084076 -585.0 1
42 581 0.286987066269 -579.0 1
43 1122 0.562636137009 -1120.0 1
44 1074 0.523499965668 -1072.0 1
45 1236 0.611331939697 -1234.0 1
46 426 0.209845066071 -424.0 1
47 1022 0.492930173874 -1020.0 1
48 730 0.362761974335 -728.0 1
49 1106 0.542055845261 -1104.0 1
0 966 0.45188999176 -964.0 1
1 200 0.0871849060059 -198.0 1
2 1599 0.775603055954 -1597.0 1
3 161 0.0758740901947 -159.0 1
4 138 0.0640249252319 -136.0 1
5 200 0.091833114624 -198.0 1
6 224 0.0916330814362 -222.0 1
7 140 0.0678200721741 -138.0 1
8 197 0.0987770557404 -195.0 1
9 183 0.0915560722351 -181.0 1
10 189 0.0944929122925 -187.0 1
11 189 0.0948059558868 -187.0 1
12 128 0.0640740394592 -126.0 1
13 156 0.0779328346252 -154.0 1
14 276 0.135985851288 -274.0 1
15 272 0.136613845825 -270.0 1
16 189 0.0948748588562 -187.0 1
17 177 0.0886340141296 -175.0 1
18 189 0.0958340167999 -187.0 1
19 189 0.0944290161133 -187.0 1
20 242 0.121963024139 -240.0 1
21 189 0.0949931144714 -187.0 1
22 114 0.0570077896118 -112.0 1
23 189 0.0953369140625 -187.0 1
24 144 0.0718739032745 -142.0 1
25 189 0.0948750972748 -187.0 1
26 327 0.1639149189 -325.0 1
27 251 0.125677108765 -249.0 1
28 189 0.0950088500977 -187.0 1
29 242 0.120735883713 -240.0 1
30 277 0.136679887772 -275.0 1
31 189 0.0924048423767 -187.0 1
32 109 0.0539691448212 -107.0 1
33 239 0.120177984238 -237.0 1
34 148 0.0743169784546 -146.0 1
35 189 0.0949530601501 -187.0 1
36 129 0.0646820068359 -127.0 1
37 153 0.0766768455505 -151.0 1
38 310 0.156225204468 -308.0 1
39 189 0.0947828292847 -187.0 1
40 117 0.0584321022034 -115.0 1
41 189 0.0969121456146 -187.0 1
42 534 0.267467975616 -532.0 1
43 189 0.0956199169159 -187.0 1
44 278 0.140558004379 -276.0 1
45 189 0.095183134079 -187.0 1
46 192 0.0970261096954 -190.0 1
47 148 0.074490070343 -146.0 1
48 189 0.0954670906067 -187.0 1
49 206 0.103976011276 -204.0 1
0 311 0.156242132187 -309.0 1
1 1284 0.645387887955 -1282.0 1
2 319 0.158939123154 -317.0 1
3 286 0.142998933792 -284.0 1
4 462 0.231261968613 -460.0 1
5 267 0.133471012115 -265.0 1
6 155 0.0777459144592 -153.0 1
7 212 0.10644197464 -210.0 1
8 739 0.375037908554 -737.0 1
9 263 0.136001825333 -261.0 1
10 218 0.107464075089 -216.0 1
11 178 0.0890691280365 -176.0 1
12 214 0.107216119766 -212.0 1
13 1575 0.793281078339 -1573.0 1
14 381 0.206676006317 -379.0 1
15 310 0.171499967575 -308.0 1
16 231 0.109508037567 -229.0 1
17 338 0.153465986252 -336.0 1
18 640 0.376731157303 -638.0 1
19 346 0.175582885742 -344.0 1
20 292 0.145203828812 -290.0 1
21 402 0.212615966797 -400.0 1
22 318 0.168929100037 -316.0 1
23 514 0.286733150482 -512.0 1
24 239 0.117486000061 -237.0 1
25 236 0.109742879868 -234.0 1
26 395 0.218859910965 -393.0 1
27 1849 0.907927036285 -1847.0 1
28 212 0.0988049507141 -210.0 1
29 204 0.0983500480652 -202.0 1
30 388 0.201313972473 -386.0 1
31 303 0.153892993927 -301.0 1
32 626 0.364176034927 -624.0 1
33 455 0.204363107681 -453.0 1
34 199 0.093955039978 -197.0 1
35 355 0.191167831421 -353.0 1
36 1324 0.644063949585 -1322.0 1
37 327 0.159055948257 -325.0 1
38 601 0.334247112274 -599.0 1
39 280 0.141594171524 -278.0 1
40 881 0.485706806183 -879.0 1
41 397 0.221573114395 -395.0 1
42 266 0.139475822449 -264.0 1
43 349 0.198827981949 -347.0 1
44 250 0.128086090088 -248.0 1
45 187 0.094034910202 -185.0 1
46 1396 0.710608959198 -1394.0 1
47 1424 0.690810203552 -1422.0 1
48 1372 0.688457965851 -1370.0 1
49 248 0.129229068756 -246.0 1
0 1179 0.561182975769 -1177.0 1
1 5000 2.35607409477 -4999.0 0
2 5000 2.38941001892 -4999.0 0
3 5000 2.30176591873 -4999.0 0
4 5000 2.31091308594 -4999.0 0
5 5000 2.33352708817 -4999.0 0
6 5000 2.33257389069 -4999.0 0
7 5000 2.30916905403 -4999.0 0
8 5000 2.44866394997 -4999.0 0
9 5000 2.45724415779 -4999.0 0
10 5000 2.39059185982 -4999.0 0
11 5000 2.43840408325 -4999.0 0
12 5000 2.48778319359 -4999.0 0
13 5000 2.61656999588 -4999.0 0
14 5000 2.62027311325 -4999.0 0
15 5000 2.6221818924 -4999.0 0
16 5000 2.66514801979 -4999.0 0
17 5000 2.60904717445 -4999.0 0
18 5000 2.63668107986 -4999.0 0
19 5000 2.62401509285 -4999.0 0
20 5000 2.62861299515 -4999.0 0
21 5000 2.63100790977 -4999.0 0
22 5000 2.63235807419 -4999.0 0
23 5000 2.61532402039 -4999.0 0
24 5000 2.63806915283 -4999.0 0
25 5000 2.63606595993 -4999.0 0
26 5000 2.62624907494 -4999.0 0
27 5000 2.62772703171 -4999.0 0
28 5000 2.65496611595 -4999.0 0
29 5000 2.61449980736 -4999.0 0
30 5000 2.6459581852 -4999.0 0
31 5000 2.63584399223 -4999.0 0
32 5000 2.65444397926 -4999.0 0
33 5000 2.63224697113 -4999.0 0
34 5000 2.48129582405 -4999.0 0
35 5000 2.44229078293 -4999.0 0
36 5000 2.49232006073 -4999.0 0
37 5000 2.62099003792 -4999.0 0
38 5000 2.48055410385 -4999.0 0
39 5000 2.50671291351 -4999.0 0
40 5000 2.47439789772 -4999.0 0
41 5000 2.63423800468 -4999.0 0
42 5000 2.65626788139 -4999.0 0
43 5000 2.65646982193 -4999.0 0
44 5000 2.64914107323 -4999.0 0
45 5000 2.46762990952 -4999.0 0
46 5000 2.49380898476 -4999.0 0
47 5000 2.47814798355 -4999.0 0
48 5000 2.43268704414 -4999.0 0
49 5000 2.63093805313 -4999.0 0
0 1472 0.751486063004 -1470.0 1
1 275 0.140348911285 -273.0 1
2 901 0.460896968842 -899.0 1
3 763 0.391132831573 -761.0 1
4 732 0.373528957367 -730.0 1
5 3636 1.85467982292 -3634.0 1
6 5000 2.51454281807 -4999.0 0
7 399 0.19132399559 -397.0 1
8 275 0.130268096924 -273.0 1
9 714 0.335377931595 -712.0 1
10 5000 2.38513207436 -4999.0 0
11 2806 1.31544089317 -2804.0 1
12 4673 2.20706391335 -4671.0 1
13 2391 1.18410801888 -2389.0 1
14 361 0.177423000336 -359.0 1
15 1495 0.731209993362 -1493.0 1
16 595 0.287039041519 -593.0 1
17 746 0.343873023987 -744.0 1
18 5000 2.35418796539 -4999.0 0
19 1663 0.815646886826 -1661.0 1
20 907 0.455470085144 -905.0 1
21 573 0.309417963028 -571.0 1
22 239 0.125344991684 -237.0 1
23 3359 1.74850893021 -3357.0 1
24 4406 2.22633099556 -4404.0 1
25 2130 1.11117601395 -2128.0 1
26 1060 0.589518785477 -1058.0 1
27 1088 0.617377996445 -1086.0 1
28 406 0.228435993195 -404.0 1
29 228 0.130017995834 -226.0 1
30 2985 1.6346809864 -2983.0 1
31 1793 0.96772813797 -1791.0 1
32 1268 0.681110143661 -1266.0 1
33 1888 1.01802301407 -1886.0 1
34 1274 0.69052696228 -1272.0 1
35 244 0.129418134689 -242.0 1
36 2245 1.19569301605 -2243.0 1
37 231 0.122776031494 -229.0 1
38 419 0.222856998444 -417.0 1
39 2166 0.955909013748 -2164.0 1
40 259 0.0827121734619 -257.0 1
41 1070 0.349401950836 -1068.0 1
42 1149 0.370132923126 -1147.0 1
43 782 0.281136989594 -780.0 1
44 2382 0.81508398056 -2380.0 1
45 1203 0.397320985794 -1201.0 1
46 1092 0.361947059631 -1090.0 1
47 1512 0.494102954865 -1510.0 1
48 851 0.271958827972 -849.0 1
49 3037 1.02951788902 -3035.0 1
0 613 0.191629171371 -611.0 1
1 652 0.195107936859 -650.0 1
2 885 0.26615190506 -883.0 1
3 453 0.140999078751 -451.0 1
4 5000 1.53416490555 -4999.0 0
5 5000 1.53536319733 -4999.0 0
6 5000 1.49495410919 -4999.0 0
7 5000 1.53202390671 -4999.0 0
8 5000 1.53922009468 -4999.0 0
9 5000 1.51387786865 -4999.0 0
10 5000 1.53527808189 -4999.0 0
11 5000 1.70246815681 -4999.0 0
12 5000 1.60425806046 -4999.0 0
13 5000 1.61656904221 -4999.0 0
14 5000 1.6037671566 -4999.0 0
15 5000 1.61228895187 -4999.0 0
16 5000 1.65705680847 -4999.0 0
17 5000 1.59583806992 -4999.0 0
18 5000 1.60595011711 -4999.0 0
19 5000 1.61388111115 -4999.0 0
20 5000 1.7064268589 -4999.0 0
21 5000 1.6049721241 -4999.0 0
22 5000 1.61910295486 -4999.0 0
23 5000 1.59968495369 -4999.0 0
24 5000 1.60225486755 -4999.0 0
25 5000 1.60156798363 -4999.0 0
26 5000 1.60631394386 -4999.0 0
27 5000 1.59706091881 -4999.0 0
28 5000 1.61919593811 -4999.0 0
29 5000 1.58794903755 -4999.0 0
30 5000 1.59175109863 -4999.0 0
31 5000 1.66585683823 -4999.0 0
32 5000 1.61877179146 -4999.0 0
33 5000 1.65923404694 -4999.0 0
34 5000 1.6033911705 -4999.0 0
35 5000 1.6073410511 -4999.0 0
36 5000 1.61340093613 -4999.0 0
37 5000 1.6057100296 -4999.0 0
38 5000 1.60569906235 -4999.0 0
39 5000 1.60676288605 -4999.0 0
40 5000 1.59477090836 -4999.0 0
41 5000 1.59318208694 -4999.0 0
42 5000 1.6020758152 -4999.0 0
43 5000 1.59941911697 -4999.0 0
44 5000 1.60337686539 -4999.0 0
45 5000 1.6336581707 -4999.0 0
46 5000 1.70221209526 -4999.0 0
47 5000 1.67569184303 -4999.0 0
48 5000 1.59924292564 -4999.0 0
49 5000 1.61235499382 -4999.0 0
0 737 0.221799850464 -735.0 1
1 1234 0.377629041672 -1232.0 1
2 306 0.0925040245056 -304.0 1
3 321 0.100347042084 -319.0 1
4 264 0.0797998905182 -262.0 1
5 228 0.0684840679169 -226.0 1
6 184 0.0552778244019 -182.0 1
7 344 0.109214067459 -342.0 1
8 181 0.0545001029968 -179.0 1
9 161 0.0484898090363 -159.0 1
10 164 0.0496799945831 -162.0 1
11 122 0.0365490913391 -120.0 1
12 255 0.0787491798401 -253.0 1
13 115 0.0384900569916 -113.0 1
14 189 0.0567190647125 -187.0 1
15 115 0.0343859195709 -113.0 1
16 237 0.0768940448761 -235.0 1
17 115 0.0346179008484 -113.0 1
18 253 0.0765650272369 -251.0 1
19 172 0.0519509315491 -170.0 1
20 179 0.0535659790039 -177.0 1
21 125 0.0376851558685 -123.0 1
22 172 0.0520420074463 -170.0 1
23 189 0.0576250553131 -187.0 1
24 169 0.0515308380127 -167.0 1
25 198 0.0642850399017 -196.0 1
26 283 0.086357831955 -281.0 1
27 137 0.0415189266205 -135.0 1
28 162 0.0556778907776 -160.0 1
29 278 0.0845410823822 -276.0 1
30 239 0.0719611644745 -237.0 1
31 202 0.0610380172729 -200.0 1
32 170 0.0514099597931 -168.0 1
33 343 0.103662014008 -341.0 1
34 404 0.126149892807 -402.0 1
35 189 0.0636491775513 -187.0 1
36 138 0.0413157939911 -136.0 1
37 189 0.0569298267365 -187.0 1
38 189 0.0569801330566 -187.0 1
39 141 0.0422852039337 -139.0 1
40 179 0.0538411140442 -177.0 1
41 189 0.0568950176239 -187.0 1
42 189 0.0569748878479 -187.0 1
43 214 0.0645949840546 -212.0 1
44 194 0.0587968826294 -192.0 1
45 247 0.0821309089661 -245.0 1
46 196 0.0589580535889 -194.0 1
47 132 0.0396459102631 -130.0 1
48 190 0.0571908950806 -188.0 1
49 177 0.053297996521 -175.0 1
0 1847 0.564130067825 -1845.0 1
1 673 0.208280086517 -671.0 1
2 489 0.14789891243 -487.0 1
3 3629 1.15224909782 -3627.0 1
4 527 0.157855033875 -525.0 1
5 2353 0.700674057007 -2351.0 1
6 1837 0.557225942612 -1835.0 1
7 3383 1.03331899643 -3381.0 1
8 1060 0.32287812233 -1058.0 1
9 1748 0.532725811005 -1746.0 1
10 1768 0.543133020401 -1766.0 1
11 1021 0.311855077744 -1019.0 1
12 1339 0.413928985596 -1337.0 1
13 3970 1.21765899658 -3968.0 1
14 852 0.255823135376 -850.0 1
15 1261 0.387664079666 -1259.0 1
16 1046 0.323491096497 -1044.0 1
17 3067 0.945348024368 -3065.0 1
18 2117 0.634729862213 -2115.0 1
19 1432 0.437098026276 -1430.0 1
20 1431 0.441618204117 -1429.0 1
21 3175 1.03613710403 -3173.0 1
22 1129 0.357751131058 -1127.0 1
23 1718 0.558598041534 -1716.0 1
24 1172 0.386234045029 -1170.0 1
25 668 0.215564012527 -666.0 1
26 1434 0.471301078796 -1432.0 1
27 1526 0.600006103516 -1524.0 1
28 1716 0.927175998688 -1714.0 1
29 1135 0.418870925903 -1133.0 1
30 2047 0.65158200264 -2045.0 1
31 3082 0.997354984283 -3080.0 1
32 3519 1.13408589363 -3517.0 1
33 802 0.259744167328 -800.0 1
34 397 0.12627696991 -395.0 1
35 4007 1.29991912842 -4005.0 1
36 1118 0.36443901062 -1116.0 1
37 418 0.168884038925 -416.0 1
38 2778 1.03665208817 -2776.0 1
39 889 0.281943082809 -887.0 1
40 2675 0.859644174576 -2673.0 1
41 2144 0.693605899811 -2142.0 1
42 1475 0.528990983963 -1473.0 1
43 1181 0.418043136597 -1179.0 1
44 1603 0.555185079575 -1601.0 1
45 2032 0.75202703476 -2030.0 1
46 1147 0.425584077835 -1145.0 1
47 2486 0.916460990906 -2484.0 1
48 551 0.219589948654 -549.0 1
49 1729 0.627995014191 -1727.0 1
0 1242 0.414649963379 -1240.0 1
1 821 0.283788919449 -819.0 1
2 342 0.119087934494 -340.0 1
3 292 0.10089802742 -290.0 1
4 277 0.0991578102112 -275.0 1
5 302 0.113885164261 -300.0 1
6 252 0.0849609375 -250.0 1
7 275 0.0992641448975 -273.0 1
8 399 0.123894929886 -397.0 1
9 146 0.0455448627472 -144.0 1
10 244 0.0884299278259 -242.0 1
11 3567 1.27008199692 -3565.0 1
12 499 0.167302846909 -497.0 1
13 300 0.101594924927 -298.0 1
14 137 0.0419759750366 -135.0 1
15 1253 0.432648181915 -1251.0 1
16 638 0.217225790024 -636.0 1
17 714 0.259094953537 -712.0 1
18 235 0.0947198867798 -233.0 1
19 1728 0.627561807632 -1726.0 1
20 483 0.162824869156 -481.0 1
21 356 0.128910064697 -354.0 1
22 947 0.323287010193 -945.0 1
23 1313 0.447549104691 -1311.0 1
24 171 0.0544180870056 -169.0 1
25 121 0.0417029857635 -119.0 1
26 5000 1.6804702282 -4999.0 0
27 985 0.332070112228 -983.0 1
28 140 0.0459721088409 -138.0 1
29 951 0.317094087601 -949.0 1
30 1100 0.379864931107 -1098.0 1
31 591 0.208906888962 -589.0 1
32 1108 0.365874052048 -1106.0 1
33 1124 0.390259027481 -1122.0 1
34 149 0.0496351718903 -147.0 1
35 1299 0.43115401268 -1297.0 1
36 127 0.0452461242676 -125.0 1
37 1878 0.644096851349 -1876.0 1
38 246 0.0858550071716 -244.0 1
39 4108 1.84952712059 -4106.0 1
40 521 0.17464184761 -519.0 1
41 275 0.08873295784 -273.0 1
42 130 0.0610399246216 -128.0 1
43 382 0.135146856308 -380.0 1
44 1068 0.359773159027 -1066.0 1
45 4680 1.78991794586 -4678.0 1
46 2570 1.26543283463 -2568.0 1
47 1048 0.426440000534 -1046.0 1
48 3066 1.21622490883 -3064.0 1
49 646 0.332035064697 -644.0 1
0 1602 0.626461982727 -1600.0 1
1 494 0.17064499855 -492.0 1
2 306 0.111576080322 -304.0 1
3 228 0.0803351402283 -226.0 1
4 139 0.0516061782837 -137.0 1
5 194 0.0720300674438 -192.0 1
6 147 0.0542120933533 -145.0 1
7 146 0.0502910614014 -144.0 1
8 158 0.0602989196777 -156.0 1
9 179 0.0716388225555 -177.0 1
10 162 0.0596680641174 -160.0 1
11 159 0.0910441875458 -157.0 1
12 176 0.0723359584808 -174.0 1
13 168 0.0624449253082 -166.0 1
14 363 0.121234178543 -361.0 1
15 142 0.0485689640045 -140.0 1
16 357 0.12527680397 -355.0 1
17 363 0.132679224014 -361.0 1
18 261 0.0965399742126 -259.0 1
19 317 0.127575159073 -315.0 1
20 150 0.051460981369 -148.0 1
21 363 0.134264945984 -361.0 1
22 363 0.151209115982 -361.0 1
23 159 0.0510809421539 -157.0 1
24 172 0.0576469898224 -170.0 1
25 216 0.0903890132904 -214.0 1
26 118 0.0432870388031 -116.0 1
27 123 0.0418999195099 -121.0 1
28 162 0.0585010051727 -160.0 1
29 236 0.0794389247894 -234.0 1
30 176 0.0633997917175 -174.0 1
31 327 0.12114405632 -325.0 1
32 219 0.0722620487213 -217.0 1
33 161 0.0498180389404 -159.0 1
34 375 0.16246509552 -373.0 1
35 176 0.0540239810944 -174.0 1
36 148 0.0453779697418 -146.0 1
37 363 0.112048864365 -361.0 1
38 363 0.116789102554 -361.0 1
39 157 0.0541198253632 -155.0 1
40 188 0.0683269500732 -186.0 1
41 361 0.126945018768 -359.0 1
42 427 0.167577028275 -425.0 1
43 131 0.0615510940552 -129.0 1
44 156 0.0596101284027 -154.0 1
45 327 0.116578102112 -325.0 1
46 148 0.0476679801941 -146.0 1
47 363 0.126858949661 -361.0 1
48 124 0.043338060379 -122.0 1
49 311 0.114463090897 -309.0 1
