trial, number of steps, runtime, accumulated reward, termination
0 358 0.208736181259 -356.0 1
1 463 0.23238492012 -461.0 1
2 657 0.364165067673 -655.0 1
3 479 0.260068893433 -477.0 1
4 500 0.297482967377 -498.0 1
5 819 0.454170942307 -817.0 1
6 433 0.221812009811 -431.0 1
7 257 0.128262996674 -255.0 1
8 302 0.146978855133 -300.0 1
9 577 0.277185916901 -575.0 1
10 332 0.154675960541 -330.0 1
11 191 0.0964188575745 -189.0 1
12 269 0.134249925613 -267.0 1
13 149 0.0723168849945 -147.0 1
14 115 0.0558979511261 -113.0 1
15 139 0.0696089267731 -137.0 1
16 133 0.0688180923462 -131.0 1
17 151 0.0731930732727 -149.0 1
18 186 0.0935790538788 -184.0 1
19 116 0.0523710250854 -114.0 1
20 193 0.0964231491089 -191.0 1
21 131 0.0634081363678 -129.0 1
22 193 0.0962119102478 -191.0 1
23 122 0.0618500709534 -120.0 1
24 156 0.0757517814636 -154.0 1
25 149 0.0714960098267 -147.0 1
26 131 0.0646359920502 -129.0 1
27 116 0.0552599430084 -114.0 1
28 117 0.0551550388336 -115.0 1
29 117 0.0551991462708 -115.0 1
30 247 0.116110086441 -245.0 1
31 141 0.069876909256 -139.0 1
32 98 0.0479421615601 -96.0 1
33 135 0.0656399726868 -133.0 1
34 145 0.0677700042725 -143.0 1
35 130 0.0633900165558 -128.0 1
36 170 0.0835471153259 -168.0 1
37 112 0.0553500652313 -110.0 1
38 153 0.0724558830261 -151.0 1
39 114 0.0558071136475 -112.0 1
40 138 0.068610906601 -136.0 1
41 103 0.0488300323486 -101.0 1
42 150 0.07097697258 -148.0 1
43 172 0.0828900337219 -170.0 1
44 167 0.0819790363312 -165.0 1
45 150 0.0753738880157 -148.0 1
46 132 0.0641181468964 -130.0 1
47 103 0.0479979515076 -101.0 1
48 164 0.0801029205322 -162.0 1
49 164 0.076984167099 -162.0 1
0 520 0.252999782562 -518.0 1
1 1615 0.779901027679 -1613.0 1
2 415 0.22652721405 -413.0 1
3 719 0.385996103287 -717.0 1
4 589 0.317211866379 -587.0 1
5 370 0.210948944092 -368.0 1
6 1588 0.842237949371 -1586.0 1
7 1193 0.649020910263 -1191.0 1
8 437 0.246543884277 -435.0 1
9 249 0.132959842682 -247.0 1
10 489 0.253404855728 -487.0 1
11 272 0.13994383812 -270.0 1
12 617 0.317757844925 -615.0 1
13 569 0.309115886688 -567.0 1
14 353 0.182090044022 -351.0 1
15 1016 0.524976015091 -1014.0 1
16 445 0.232019901276 -443.0 1
17 265 0.136247158051 -263.0 1
18 424 0.218397140503 -422.0 1
19 187 0.0960922241211 -185.0 1
20 362 0.198701858521 -360.0 1
21 249 0.114877939224 -247.0 1
22 186 0.0843482017517 -184.0 1
23 208 0.0895318984985 -206.0 1
24 283 0.11196398735 -281.0 1
25 192 0.0917980670929 -190.0 1
26 349 0.166229009628 -347.0 1
27 260 0.12902712822 -258.0 1
28 254 0.123591899872 -252.0 1
29 314 0.153935909271 -312.0 1
30 468 0.23219203949 -466.0 1
31 600 0.294667959213 -598.0 1
32 326 0.15790104866 -324.0 1
33 455 0.223011016846 -453.0 1
34 293 0.141145944595 -291.0 1
35 274 0.13879609108 -272.0 1
36 457 0.221576929092 -455.0 1
37 295 0.132397174835 -293.0 1
38 299 0.146874189377 -297.0 1
39 231 0.110594034195 -229.0 1
40 240 0.117537021637 -238.0 1
41 374 0.180232048035 -372.0 1
42 370 0.179598808289 -368.0 1
43 259 0.130128145218 -257.0 1
44 244 0.120891809464 -242.0 1
45 224 0.111593008041 -222.0 1
46 322 0.149318933487 -320.0 1
47 251 0.124017953873 -249.0 1
48 368 0.177656888962 -366.0 1
49 268 0.130200147629 -266.0 1
0 818 0.401125907898 -816.0 1
1 916 0.422586917877 -914.0 1
2 344 0.163921833038 -342.0 1
3 488 0.23997092247 -486.0 1
4 338 0.167859077454 -336.0 1
5 501 0.242254018784 -499.0 1
6 550 0.270317077637 -548.0 1
7 522 0.255588054657 -520.0 1
8 447 0.215086936951 -445.0 1
9 492 0.241723060608 -490.0 1
10 281 0.117931127548 -279.0 1
11 233 0.111531972885 -231.0 1
12 213 0.0787680149078 -211.0 1
13 201 0.101765155792 -199.0 1
14 278 0.144855976105 -276.0 1
15 206 0.098953962326 -204.0 1
16 200 0.0983309745789 -198.0 1
17 355 0.175438165665 -353.0 1
18 272 0.135354042053 -270.0 1
19 173 0.0831730365753 -171.0 1
20 181 0.0852150917053 -179.0 1
21 164 0.071662902832 -162.0 1
22 147 0.066752910614 -145.0 1
23 196 0.0910089015961 -194.0 1
24 171 0.0842819213867 -169.0 1
25 161 0.0774550437927 -159.0 1
26 186 0.0918879508972 -184.0 1
27 138 0.0672709941864 -136.0 1
28 354 0.17215013504 -352.0 1
29 270 0.1588139534 -268.0 1
30 212 0.100570201874 -210.0 1
31 326 0.157942056656 -324.0 1
32 172 0.0535459518433 -170.0 1
33 190 0.081080198288 -188.0 1
34 521 0.247562885284 -519.0 1
35 127 0.0596091747284 -125.0 1
36 127 0.0602610111237 -125.0 1
37 166 0.079647064209 -164.0 1
38 207 0.096186876297 -205.0 1
39 430 0.204169034958 -428.0 1
40 261 0.125508069992 -259.0 1
41 126 0.0598440170288 -124.0 1
42 218 0.103842020035 -216.0 1
43 145 0.0700299739838 -143.0 1
44 259 0.120203971863 -257.0 1
45 109 0.0524179935455 -107.0 1
46 123 0.0592639446259 -121.0 1
47 211 0.100310087204 -209.0 1
48 162 0.0711698532104 -160.0 1
49 172 0.0860271453857 -170.0 1
0 1165 0.504364013672 -1163.0 1
1 237 0.115265130997 -235.0 1
2 1041 0.495343208313 -1039.0 1
3 970 0.462226867676 -968.0 1
4 452 0.216598987579 -450.0 1
5 260 0.121866941452 -258.0 1
6 387 0.18594789505 -385.0 1
7 249 0.122135162354 -247.0 1
8 218 0.102702856064 -216.0 1
9 156 0.0745089054108 -154.0 1
10 231 0.113796949387 -229.0 1
11 209 0.113364934921 -207.0 1
12 259 0.118152856827 -257.0 1
13 170 0.083240032196 -168.0 1
14 135 0.0664019584656 -133.0 1
15 169 0.0812151432037 -167.0 1
16 213 0.104249000549 -211.0 1
17 151 0.0732338428497 -149.0 1
18 206 0.0972950458527 -204.0 1
19 179 0.0878159999847 -177.0 1
20 151 0.0738608837128 -149.0 1
21 122 0.0594971179962 -120.0 1
22 259 0.122303962708 -257.0 1
23 141 0.0663690567017 -139.0 1
24 150 0.0731761455536 -148.0 1
25 118 0.0589938163757 -116.0 1
26 113 0.0736849308014 -111.0 1
27 88 0.0474238395691 -86.0 1
28 186 0.0923569202423 -184.0 1
29 230 0.113646030426 -228.0 1
30 111 0.0513980388641 -109.0 1
31 147 0.0727779865265 -145.0 1
32 91 0.0450799465179 -89.0 1
33 163 0.080424785614 -161.0 1
34 146 0.0686950683594 -144.0 1
35 142 0.077584028244 -140.0 1
36 145 0.0705230236053 -143.0 1
37 118 0.056568145752 -116.0 1
38 117 0.056095123291 -115.0 1
39 291 0.140286922455 -289.0 1
40 160 0.0771460533142 -158.0 1
41 227 0.109036922455 -225.0 1
42 269 0.133094072342 -267.0 1
43 189 0.094838142395 -187.0 1
44 97 0.0586280822754 -95.0 1
45 115 0.0567989349365 -113.0 1
46 118 0.0574560165405 -116.0 1
47 107 0.0454568862915 -105.0 1
48 206 0.0969460010529 -204.0 1
49 117 0.0533759593964 -115.0 1
0 1372 0.643826007843 -1370.0 1
1 304 0.149725914001 -302.0 1
2 278 0.131917953491 -276.0 1
3 281 0.135867118835 -279.0 1
4 301 0.149637937546 -299.0 1
5 124 0.046847820282 -122.0 1
6 209 0.109122037888 -207.0 1
7 199 0.099014043808 -197.0 1
8 144 0.0695769786835 -142.0 1
9 121 0.0576269626617 -119.0 1
10 257 0.129065990448 -255.0 1
11 207 0.099436044693 -205.0 1
12 229 0.109919786453 -227.0 1
13 202 0.0964210033417 -200.0 1
14 188 0.0892469882965 -186.0 1
15 374 0.175960063934 -372.0 1
16 255 0.121787071228 -253.0 1
17 168 0.0799739360809 -166.0 1
18 157 0.0743448734283 -155.0 1
19 155 0.0731189250946 -153.0 1
20 512 0.243422985077 -510.0 1
21 207 0.101320028305 -205.0 1
22 246 0.117100000381 -244.0 1
23 187 0.0884780883789 -185.0 1
24 255 0.122474193573 -253.0 1
25 169 0.0818839073181 -167.0 1
26 130 0.0624799728394 -128.0 1
27 332 0.164637088776 -330.0 1
28 119 0.0560700893402 -117.0 1
29 165 0.0788078308105 -163.0 1
30 196 0.104927062988 -194.0 1
31 207 0.0956280231476 -205.0 1
32 139 0.060891866684 -137.0 1
33 309 0.1380879879 -307.0 1
34 457 0.216924905777 -455.0 1
35 146 0.0705959796906 -144.0 1
36 162 0.0748510360718 -160.0 1
37 130 0.0591938495636 -128.0 1
38 200 0.0997180938721 -198.0 1
39 252 0.114588022232 -250.0 1
40 97 0.0400850772858 -95.0 1
41 143 0.0701138973236 -141.0 1
42 168 0.0805580615997 -166.0 1
43 206 0.0964829921722 -204.0 1
44 155 0.0723838806152 -153.0 1
45 148 0.0681009292603 -146.0 1
46 92 0.0433740615845 -90.0 1
47 178 0.0847451686859 -176.0 1
48 108 0.0511269569397 -106.0 1
49 129 0.0609090328217 -127.0 1
0 295 0.145514011383 -293.0 1
1 1894 0.889516115189 -1892.0 1
2 354 0.170358896255 -352.0 1
3 437 0.217734098434 -435.0 1
4 198 0.0995380878448 -196.0 1
5 339 0.171760797501 -337.0 1
6 280 0.142018079758 -278.0 1
7 212 0.107238054276 -210.0 1
8 288 0.146440029144 -286.0 1
9 446 0.225775957108 -444.0 1
10 281 0.142067909241 -279.0 1
11 269 0.128762960434 -267.0 1
12 465 0.220275163651 -463.0 1
13 543 0.245229005814 -541.0 1
14 384 0.185996055603 -382.0 1
15 164 0.0778889656067 -162.0 1
16 229 0.104373931885 -227.0 1
17 226 0.111362934113 -224.0 1
18 547 0.253987073898 -545.0 1
19 188 0.0888149738312 -186.0 1
20 248 0.121355056763 -246.0 1
21 380 0.181303977966 -378.0 1
22 242 0.114193916321 -240.0 1
23 169 0.0769369602203 -167.0 1
24 130 0.0614171028137 -128.0 1
25 368 0.172469854355 -366.0 1
26 138 0.0667459964752 -136.0 1
27 423 0.201047897339 -421.0 1
28 193 0.0921578407288 -191.0 1
29 214 0.111590147018 -212.0 1
30 144 0.0671038627625 -142.0 1
31 207 0.0980460643768 -205.0 1
32 157 0.0749888420105 -155.0 1
33 193 0.0986440181732 -191.0 1
34 222 0.106070041656 -220.0 1
35 163 0.077455997467 -161.0 1
36 197 0.0888171195984 -195.0 1
37 212 0.10215306282 -210.0 1
38 298 0.143429040909 -296.0 1
39 126 0.0611429214478 -124.0 1
40 163 0.0774598121643 -161.0 1
41 352 0.167864084244 -350.0 1
42 136 0.0646209716797 -134.0 1
43 124 0.0588660240173 -122.0 1
44 195 0.0880279541016 -193.0 1
45 335 0.153958082199 -333.0 1
46 132 0.0620000362396 -130.0 1
47 194 0.0934329032898 -192.0 1
48 141 0.0661809444427 -139.0 1
49 168 0.0797519683838 -166.0 1
0 2040 0.978106021881 -2038.0 1
1 134 0.0584180355072 -132.0 1
2 237 0.116420984268 -235.0 1
3 444 0.222607135773 -442.0 1
4 382 0.178149938583 -380.0 1
5 571 0.279271841049 -569.0 1
6 402 0.200927019119 -400.0 1
7 1057 0.49716091156 -1055.0 1
8 265 0.126425027847 -263.0 1
9 364 0.176171064377 -362.0 1
10 349 0.165023803711 -347.0 1
11 214 0.104825973511 -212.0 1
12 198 0.0883250236511 -196.0 1
13 162 0.0776040554047 -160.0 1
14 126 0.0609118938446 -124.0 1
15 133 0.0624837875366 -131.0 1
16 170 0.0797929763794 -168.0 1
17 417 0.19363284111 -415.0 1
18 184 0.0883390903473 -182.0 1
19 168 0.0782380104065 -166.0 1
20 153 0.0666840076447 -151.0 1
21 181 0.0854439735413 -179.0 1
22 228 0.109868049622 -226.0 1
23 191 0.0919511318207 -189.0 1
24 197 0.0951220989227 -195.0 1
25 158 0.0769219398499 -156.0 1
26 132 0.0631320476532 -130.0 1
27 156 0.0720901489258 -154.0 1
28 200 0.0988569259644 -198.0 1
29 227 0.111493110657 -225.0 1
30 219 0.104631185532 -217.0 1
31 139 0.0659580230713 -137.0 1
32 219 0.10392999649 -217.0 1
33 241 0.116509914398 -239.0 1
34 161 0.0777869224548 -159.0 1
35 129 0.0608038902283 -127.0 1
36 166 0.0804779529572 -164.0 1
37 151 0.0744359493256 -149.0 1
38 142 0.0682899951935 -140.0 1
39 171 0.0795500278473 -169.0 1
40 178 0.0861871242523 -176.0 1
41 96 0.0403161048889 -94.0 1
42 217 0.0886988639832 -215.0 1
43 124 0.0610048770905 -122.0 1
44 109 0.0534119606018 -107.0 1
45 192 0.0934989452362 -190.0 1
46 182 0.0856239795685 -180.0 1
47 182 0.0888710021973 -180.0 1
48 83 0.0387320518494 -81.0 1
49 277 0.133013963699 -275.0 1
0 2053 1.01837086678 -2051.0 1
1 270 0.146046161652 -268.0 1
2 390 0.208564996719 -388.0 1
3 314 0.164263010025 -312.0 1
4 290 0.158462047577 -288.0 1
5 549 0.288093090057 -547.0 1
6 563 0.295553922653 -561.0 1
7 284 0.148611783981 -282.0 1
8 303 0.158224105835 -301.0 1
9 550 0.291095018387 -548.0 1
10 233 0.123024940491 -231.0 1
11 204 0.109462022781 -202.0 1
12 234 0.124785900116 -232.0 1
13 463 0.246658086777 -461.0 1
14 245 0.128601074219 -243.0 1
15 244 0.130600214005 -242.0 1
16 253 0.133110046387 -251.0 1
17 193 0.102908849716 -191.0 1
18 425 0.224703073502 -423.0 1
19 607 0.322216033936 -605.0 1
20 195 0.103011846542 -193.0 1
21 236 0.124995946884 -234.0 1
22 168 0.087385892868 -166.0 1
23 217 0.114134788513 -215.0 1
24 165 0.0864231586456 -163.0 1
25 255 0.13501906395 -253.0 1
26 402 0.211581945419 -400.0 1
27 295 0.160052776337 -293.0 1
28 243 0.127856969833 -241.0 1
29 173 0.0917680263519 -171.0 1
30 168 0.0878238677979 -166.0 1
31 165 0.0863871574402 -163.0 1
32 159 0.0838971138 -157.0 1
33 173 0.0903789997101 -171.0 1
34 139 0.0726540088654 -137.0 1
35 178 0.0926160812378 -176.0 1
36 169 0.0904409885406 -167.0 1
37 396 0.20777797699 -394.0 1
38 119 0.0615589618683 -117.0 1
39 234 0.122838973999 -232.0 1
40 163 0.0851168632507 -161.0 1
41 196 0.103255033493 -194.0 1
42 228 0.119105100632 -226.0 1
43 155 0.0812621116638 -153.0 1
44 294 0.155390977859 -292.0 1
45 125 0.0652379989624 -123.0 1
46 179 0.0936069488525 -177.0 1
47 367 0.194051980972 -365.0 1
48 101 0.0525689125061 -99.0 1
49 196 0.104571819305 -194.0 1
0 2682 1.41079187393 -2680.0 1
1 373 0.118158102036 -371.0 1
2 703 0.214645862579 -701.0 1
3 315 0.0952689647675 -313.0 1
4 767 0.233551979065 -765.0 1
5 457 0.139582872391 -455.0 1
6 521 0.158905029297 -519.0 1
7 335 0.102052211761 -333.0 1
8 315 0.0974140167236 -313.0 1
9 370 0.115358829498 -368.0 1
10 250 0.0776350498199 -248.0 1
11 368 0.1144490242 -366.0 1
12 519 0.167690992355 -517.0 1
13 596 0.207828998566 -594.0 1
14 216 0.0706739425659 -214.0 1
15 278 0.0974941253662 -276.0 1
16 267 0.0991950035095 -265.0 1
17 474 0.154679059982 -472.0 1
18 233 0.0795409679413 -231.0 1
19 303 0.10919380188 -301.0 1
20 642 0.216179132462 -640.0 1
21 459 0.155729055405 -457.0 1
22 165 0.06294298172 -163.0 1
23 404 0.142902851105 -402.0 1
24 261 0.0876820087433 -259.0 1
25 367 0.124222040176 -365.0 1
26 227 0.0821058750153 -225.0 1
27 261 0.0854389667511 -259.0 1
28 252 0.094181060791 -250.0 1
29 426 0.148719072342 -424.0 1
30 153 0.0503051280975 -151.0 1
31 306 0.106672048569 -304.0 1
32 291 0.0972261428833 -289.0 1
33 216 0.0679919719696 -214.0 1
34 178 0.0554020404816 -176.0 1
35 234 0.0783760547638 -232.0 1
36 354 0.113662004471 -352.0 1
37 238 0.0743699073792 -236.0 1
38 216 0.0711159706116 -214.0 1
39 161 0.0551910400391 -159.0 1
40 245 0.0874691009521 -243.0 1
41 147 0.0505290031433 -145.0 1
42 176 0.0578579902649 -174.0 1
43 316 0.109602928162 -314.0 1
44 234 0.082081079483 -232.0 1
45 360 0.114942073822 -358.0 1
46 210 0.0693769454956 -208.0 1
47 156 0.0492079257965 -154.0 1
48 255 0.0812389850616 -253.0 1
49 128 0.0426020622253 -126.0 1
0 1640 0.549641132355 -1638.0 1
1 1159 0.403460979462 -1157.0 1
2 442 0.15163397789 -440.0 1
3 472 0.157900094986 -470.0 1
4 230 0.0847148895264 -228.0 1
5 275 0.0960659980774 -273.0 1
6 291 0.0964109897614 -289.0 1
7 406 0.13637804985 -404.0 1
8 251 0.0883328914642 -249.0 1
9 399 0.180918931961 -397.0 1
10 313 0.107235908508 -311.0 1
11 430 0.141628026962 -428.0 1
12 296 0.103451013565 -294.0 1
13 319 0.108149051666 -317.0 1
14 185 0.0594358444214 -183.0 1
15 249 0.0768558979034 -247.0 1
16 194 0.0611619949341 -192.0 1
17 256 0.0825440883636 -254.0 1
18 269 0.0820360183716 -267.0 1
19 468 0.142742872238 -466.0 1
20 277 0.0896708965302 -275.0 1
21 453 0.155990839005 -451.0 1
22 190 0.0633211135864 -188.0 1
23 259 0.0864999294281 -257.0 1
24 296 0.095832824707 -294.0 1
25 233 0.0850598812103 -231.0 1
26 198 0.062273979187 -196.0 1
27 334 0.103245019913 -332.0 1
28 328 0.101977109909 -326.0 1
29 143 0.0501010417938 -141.0 1
30 181 0.0624978542328 -179.0 1
31 144 0.0483620166779 -142.0 1
32 155 0.0478150844574 -153.0 1
33 301 0.103820800781 -299.0 1
34 304 0.10050702095 -302.0 1
35 164 0.0515978336334 -162.0 1
36 183 0.0586578845978 -181.0 1
37 162 0.0518388748169 -160.0 1
38 257 0.0808191299438 -255.0 1
39 620 0.218042135239 -618.0 1
40 402 0.132884979248 -400.0 1
41 124 0.0422041416168 -122.0 1
42 248 0.0882470607758 -246.0 1
43 244 0.0775370597839 -242.0 1
44 238 0.0865530967712 -236.0 1
45 230 0.0806748867035 -228.0 1
46 131 0.043347120285 -129.0 1
47 157 0.0515930652618 -155.0 1
48 154 0.0482699871063 -152.0 1
49 260 0.0915138721466 -258.0 1
