trial, number of steps, runtime, accumulated reward, termination
0 13 0.00554800033569 10.0 1
1 13 0.00542306900024 10.0 1
2 62 0.0291950702667 59.0 1
3 14 0.00581312179565 11.0 1
4 13 0.0055239200592 10.0 1
5 89 0.0392990112305 86.0 1
6 50 0.0223479270935 47.0 1
7 122 0.0557789802551 119.0 1
8 13 0.00553393363953 10.0 1
9 71 0.0310380458832 68.0 1
10 45 0.020763874054 42.0 1
11 45 0.0204589366913 42.0 1
12 115 0.0518338680267 112.0 1
13 138 0.0613820552826 135.0 1
14 184 0.0863528251648 181.0 1
15 14 0.00765585899353 11.0 1
16 122 0.0713930130005 119.0 1
17 95 0.0543749332428 92.0 1
18 147 0.0849659442902 144.0 1
19 173 0.103106021881 170.0 1
20 91 0.0514559745789 88.0 1
21 121 0.0685451030731 118.0 1
22 140 0.0792691707611 137.0 1
23 58 0.0326459407806 55.0 1
24 132 0.0752809047699 129.0 1
25 15 0.00809717178345 12.0 1
26 14 0.00746488571167 11.0 1
27 14 0.00759601593018 11.0 1
28 141 0.0829651355743 138.0 1
29 5000 2.93862891197 4999.0 0
30 5000 2.94619584084 4999.0 0
31 4493 2.74506187439 4490.0 1
32 3529 2.22041797638 3526.0 1
33 3236 1.97183084488 3233.0 1
34 2157 1.26848602295 2154.0 1
35 1794 1.04509711266 1791.0 1
36 1451 0.84167599678 1448.0 1
37 1045 0.603765010834 1042.0 1
38 1038 0.61267209053 1035.0 1
39 1054 0.625463962555 1051.0 1
40 1092 0.647377967834 1089.0 1
41 1134 0.675097942352 1131.0 1
42 1164 0.673381090164 1161.0 1
43 1167 0.424488782883 1164.0 1
44 1171 0.700117111206 1168.0 1
45 1117 0.684396982193 1114.0 1
46 1127 0.704963922501 1124.0 1
47 1193 0.55561208725 1190.0 1
48 1192 0.513972043991 1189.0 1
49 2311 0.997425079346 2308.0 1
0 8 0.00320196151733 5.0 1
1 10 0.0039119720459 7.0 1
2 13 0.00524282455444 10.0 1
3 9 0.00355195999146 6.0 1
4 11 0.00441002845764 8.0 1
5 11 0.00436997413635 8.0 1
6 9 0.00350308418274 6.0 1
7 12 0.00486612319946 9.0 1
8 11 0.00440001487732 8.0 1
9 9 0.00352096557617 6.0 1
10 11 0.00433397293091 8.0 1
11 13 0.00543308258057 10.0 1
12 9 0.00351405143738 6.0 1
13 9 0.00350308418274 6.0 1
14 10 0.00399088859558 7.0 1
15 10 0.00401711463928 7.0 1
16 11 0.00443196296692 8.0 1
17 13 0.0052809715271 10.0 1
18 9 0.00352692604065 6.0 1
19 9 0.0035400390625 6.0 1
20 12 0.00481605529785 9.0 1
21 11 0.00431990623474 8.0 1
22 12 0.00479507446289 9.0 1
23 12 0.00486397743225 9.0 1
24 9 0.00356507301331 6.0 1
25 10 0.0039370059967 7.0 1
26 12 0.00481605529785 9.0 1
27 12 0.00475692749023 9.0 1
28 11 0.00444006919861 8.0 1
29 9 0.00354099273682 6.0 1
30 10 0.00391411781311 7.0 1
31 12 0.00485301017761 9.0 1
32 12 0.00489807128906 9.0 1
33 11 0.0044219493866 8.0 1
34 9 0.00353097915649 6.0 1
35 11 0.00436401367188 8.0 1
36 8 0.00388193130493 5.0 1
37 12 0.00481700897217 9.0 1
38 11 0.00433707237244 8.0 1
39 11 0.00435304641724 8.0 1
40 11 0.00444602966309 8.0 1
41 9 0.00303483009338 6.0 1
42 11 0.00362396240234 8.0 1
43 9 0.00289392471313 6.0 1
44 10 0.00325417518616 7.0 1
45 10 0.00323009490967 7.0 1
46 10 0.00326085090637 7.0 1
47 8 0.0025110244751 5.0 1
48 8 0.00251698493958 5.0 1
49 12 0.00391793251038 9.0 1
0 10 0.00326585769653 7.0 1
1 8 0.00250291824341 5.0 1
2 9 0.0028829574585 6.0 1
3 10 0.00321102142334 7.0 1
4 11 0.00353121757507 8.0 1
5 11 0.00353097915649 8.0 1
6 14 0.00556612014771 11.0 1
7 12 0.00487685203552 9.0 1
8 10 0.00392699241638 7.0 1
9 12 0.00490498542786 9.0 1
10 13 0.00523591041565 10.0 1
11 10 0.00393199920654 7.0 1
12 10 0.00400900840759 7.0 1
13 10 0.00394797325134 7.0 1
14 10 0.00397896766663 7.0 1
15 12 0.00534391403198 9.0 1
16 10 0.0041720867157 7.0 1
17 11 0.00437903404236 8.0 1
18 9 0.00352311134338 6.0 1
19 12 0.00479197502136 9.0 1
20 11 0.00439405441284 8.0 1
21 13 0.00531911849976 10.0 1
22 10 0.00395798683167 7.0 1
23 13 0.00521302223206 10.0 1
24 10 0.00391888618469 7.0 1
25 10 0.00391697883606 7.0 1
26 9 0.00356411933899 6.0 1
27 9 0.00355792045593 6.0 1
28 10 0.00387787818909 7.0 1
29 12 0.00500917434692 9.0 1
30 11 0.00446796417236 8.0 1
31 11 0.00446581840515 8.0 1
32 11 0.00437498092651 8.0 1
33 10 0.00394797325134 7.0 1
34 12 0.00488686561584 9.0 1
35 9 0.00359106063843 6.0 1
36 11 0.00440907478333 8.0 1
37 12 0.00487399101257 9.0 1
38 9 0.00360608100891 6.0 1
39 10 0.00394797325134 7.0 1
40 12 0.00481486320496 9.0 1
41 11 0.00434494018555 8.0 1
42 11 0.00441288948059 8.0 1
43 10 0.00400495529175 7.0 1
44 12 0.00473999977112 9.0 1
45 10 0.0040009021759 7.0 1
46 11 0.00436496734619 8.0 1
47 12 0.00489687919617 9.0 1
48 12 0.00483012199402 9.0 1
49 13 0.00525307655334 10.0 1
0 12 0.00533103942871 9.0 1
1 12 0.00482797622681 9.0 1
2 8 0.00306105613708 5.0 1
3 11 0.00435090065002 8.0 1
4 11 0.00440096855164 8.0 1
5 12 0.00487899780273 9.0 1
6 13 0.0052969455719 10.0 1
7 11 0.00440502166748 8.0 1
8 8 0.00310087203979 5.0 1
9 13 0.00526189804077 10.0 1
10 11 0.00438690185547 8.0 1
11 13 0.00527215003967 10.0 1
12 13 0.00515580177307 10.0 1
13 10 0.00393915176392 7.0 1
14 13 0.00520086288452 10.0 1
15 11 0.00438499450684 8.0 1
16 13 0.00518989562988 10.0 1
17 10 0.00391912460327 7.0 1
18 12 0.00486302375793 9.0 1
19 13 0.00527596473694 10.0 1
20 11 0.00446605682373 8.0 1
21 13 0.00519490242004 10.0 1
22 8 0.00305414199829 5.0 1
23 10 0.00393891334534 7.0 1
24 11 0.00438117980957 8.0 1
25 11 0.00432991981506 8.0 1
26 11 0.00437712669373 8.0 1
27 11 0.00452899932861 8.0 1
28 9 0.00352001190186 6.0 1
29 10 0.00392889976501 7.0 1
30 9 0.00349998474121 6.0 1
31 10 0.00395393371582 7.0 1
32 10 0.00391006469727 7.0 1
33 10 0.00395512580872 7.0 1
34 8 0.00306797027588 5.0 1
35 8 0.00305604934692 5.0 1
36 8 0.00308012962341 5.0 1
37 9 0.00345802307129 6.0 1
38 12 0.00477695465088 9.0 1
39 9 0.00353193283081 6.0 1
40 9 0.00351905822754 6.0 1
41 9 0.00361108779907 6.0 1
42 9 0.00361704826355 6.0 1
43 11 0.00448799133301 8.0 1
44 10 0.00387001037598 7.0 1
45 10 0.00395202636719 7.0 1
46 10 0.00388407707214 7.0 1
47 12 0.00476121902466 9.0 1
48 13 0.00527381896973 10.0 1
49 11 0.00437998771667 8.0 1
0 12 0.00485420227051 9.0 1
1 11 0.00439500808716 8.0 1
2 11 0.00359582901001 8.0 1
3 12 0.00399494171143 9.0 1
4 9 0.00290989875793 6.0 1
5 8 0.00293302536011 5.0 1
6 9 0.0035388469696 6.0 1
7 10 0.00392389297485 7.0 1
8 13 0.00521087646484 10.0 1
9 10 0.00391101837158 7.0 1
10 10 0.00413298606873 7.0 1
11 12 0.00475001335144 9.0 1
12 11 0.00433707237244 8.0 1
13 13 0.00521206855774 10.0 1
14 10 0.00400519371033 7.0 1
15 10 0.00398707389832 7.0 1
16 10 0.0039279460907 7.0 1
17 11 0.0064709186554 8.0 1
18 10 0.0058388710022 7.0 1
19 10 0.0056300163269 7.0 1
20 10 0.00586605072021 7.0 1
21 11 0.00626301765442 8.0 1
22 8 0.00433301925659 5.0 1
23 9 0.00469708442688 6.0 1
24 12 0.00647592544556 9.0 1
25 12 0.00656795501709 9.0 1
26 13 0.00746607780457 10.0 1
27 9 0.00488805770874 6.0 1
28 12 0.00711798667908 9.0 1
29 12 0.00704002380371 9.0 1
30 11 0.00642609596252 8.0 1
31 11 0.00657510757446 8.0 1
32 8 0.0045919418335 5.0 1
33 11 0.00662302970886 8.0 1
34 11 0.00644493103027 8.0 1
35 10 0.00598192214966 7.0 1
36 12 0.00722503662109 9.0 1
37 9 0.00517296791077 6.0 1
38 11 0.00653696060181 8.0 1
39 12 0.00698280334473 9.0 1
40 12 0.00709891319275 9.0 1
41 11 0.00639510154724 8.0 1
42 10 0.0058970451355 7.0 1
43 8 0.00452709197998 5.0 1
44 11 0.00672912597656 8.0 1
45 10 0.00583505630493 7.0 1
46 11 0.0066089630127 8.0 1
47 9 0.00510597229004 6.0 1
48 11 0.00626921653748 8.0 1
49 9 0.00520777702332 6.0 1
0 11 0.00701212882996 8.0 1
1 10 0.005784034729 7.0 1
2 11 0.00668406486511 8.0 1
3 12 0.00722503662109 9.0 1
4 10 0.00674295425415 7.0 1
5 8 0.00463008880615 5.0 1
6 10 0.00594997406006 7.0 1
7 10 0.00708699226379 7.0 1
8 10 0.00608801841736 7.0 1
9 9 0.00558018684387 6.0 1
10 10 0.0058422088623 7.0 1
11 12 0.00726509094238 9.0 1
12 12 0.00705409049988 9.0 1
13 12 0.00700998306274 9.0 1
14 11 0.00658297538757 8.0 1
15 9 0.00514698028564 6.0 1
16 9 0.00518989562988 6.0 1
17 10 0.00563907623291 7.0 1
18 11 0.00692200660706 8.0 1
19 12 0.00718712806702 9.0 1
20 8 0.00465202331543 5.0 1
21 13 0.00767993927002 10.0 1
22 8 0.00454807281494 5.0 1
23 10 0.00578498840332 7.0 1
24 8 0.0044059753418 5.0 1
25 11 0.0062780380249 8.0 1
26 9 0.00512194633484 6.0 1
27 11 0.00627613067627 8.0 1
28 10 0.00584387779236 7.0 1
29 9 0.00512790679932 6.0 1
30 9 0.00517821311951 6.0 1
31 8 0.0043740272522 5.0 1
32 9 0.00495314598083 6.0 1
33 11 0.00618100166321 8.0 1
34 12 0.00672101974487 9.0 1
35 8 0.0041811466217 5.0 1
36 10 0.00544095039368 7.0 1
37 12 0.00665283203125 9.0 1
38 12 0.00649213790894 9.0 1
39 11 0.00662207603455 8.0 1
40 12 0.0069317817688 9.0 1
41 11 0.00627994537354 8.0 1
42 12 0.00706911087036 9.0 1
43 10 0.00590801239014 7.0 1
44 10 0.00573396682739 7.0 1
45 11 0.00637698173523 8.0 1
46 10 0.0056619644165 7.0 1
47 11 0.00637817382812 8.0 1
48 12 0.00707507133484 9.0 1
49 10 0.00574088096619 7.0 1
0 12 0.00753021240234 9.0 1
1 12 0.00722002983093 9.0 1
2 13 0.00773310661316 10.0 1
3 12 0.00714707374573 9.0 1
4 12 0.00727486610413 9.0 1
5 61 0.0381400585175 58.0 1
6 13 0.00777506828308 10.0 1
7 34 0.0210371017456 31.0 1
8 13 0.00752282142639 10.0 1
9 55 0.0342271327972 52.0 1
10 93 0.0570948123932 90.0 1
11 44 0.0268688201904 41.0 1
12 13 0.00762701034546 10.0 1
13 13 0.00792717933655 10.0 1
14 94 0.0578579902649 91.0 1
15 122 0.0772759914398 119.0 1
16 105 0.0622339248657 102.0 1
17 13 0.00808501243591 10.0 1
18 110 0.0696158409119 107.0 1
19 87 0.054936170578 84.0 1
20 104 0.0654940605164 101.0 1
21 165 0.103213071823 162.0 1
22 61 0.0382721424103 58.0 1
23 13 0.00779891014099 10.0 1
24 110 0.0686531066895 107.0 1
25 15 0.00913596153259 12.0 1
26 13 0.00759506225586 10.0 1
27 12 0.00694513320923 9.0 1
28 134 0.0828080177307 131.0 1
29 45 0.0273778438568 42.0 1
30 129 0.0797491073608 126.0 1
31 14 0.00815606117249 11.0 1
32 15 0.00888800621033 12.0 1
33 14 0.00822782516479 11.0 1
34 12 0.00706791877747 9.0 1
35 286 0.171077013016 283.0 1
36 15 0.00871396064758 12.0 1
37 84 0.0507140159607 81.0 1
38 177 0.107089042664 174.0 1
39 86 0.05131316185 83.0 1
40 40 0.0232939720154 37.0 1
41 193 0.114315986633 190.0 1
42 130 0.0776510238647 127.0 1
43 141 0.0834369659424 138.0 1
44 139 0.08291888237 136.0 1
45 438 0.263321876526 435.0 1
46 223 0.140887975693 220.0 1
47 406 0.243100881577 403.0 1
48 16 0.00901293754578 13.0 1
49 39 0.0241591930389 36.0 1
0 11 0.00666499137878 8.0 1
1 8 0.00457096099854 5.0 1
2 9 0.00529408454895 6.0 1
3 8 0.00447607040405 5.0 1
4 9 0.0050311088562 6.0 1
5 8 0.00454187393188 5.0 1
6 8 0.00444197654724 5.0 1
7 11 0.00633192062378 8.0 1
8 11 0.00628900527954 8.0 1
9 12 0.00702595710754 9.0 1
10 11 0.00640988349915 8.0 1
11 12 0.00708198547363 9.0 1
12 10 0.00576305389404 7.0 1
13 12 0.00695705413818 9.0 1
14 9 0.00513005256653 6.0 1
15 8 0.00446605682373 5.0 1
16 11 0.00642418861389 8.0 1
17 12 0.00721788406372 9.0 1
18 12 0.00723099708557 9.0 1
19 12 0.00707912445068 9.0 1
20 8 0.00457406044006 5.0 1
21 8 0.00479292869568 5.0 1
22 10 0.00579595565796 7.0 1
23 10 0.00592494010925 7.0 1
24 10 0.00591993331909 7.0 1
25 10 0.00610709190369 7.0 1
26 9 0.00530099868774 6.0 1
27 10 0.00586485862732 7.0 1
28 9 0.00524091720581 6.0 1
29 11 0.00643396377563 8.0 1
30 13 0.00763201713562 10.0 1
31 10 0.00577402114868 7.0 1
32 9 0.00517320632935 6.0 1
33 11 0.00638318061829 8.0 1
34 11 0.00629091262817 8.0 1
35 9 0.00523710250854 6.0 1
36 8 0.00448393821716 5.0 1
37 11 0.006511926651 8.0 1
38 13 0.00774192810059 10.0 1
39 10 0.00578594207764 7.0 1
40 12 0.00706481933594 9.0 1
41 13 0.00768399238586 10.0 1
42 9 0.00501012802124 6.0 1
43 12 0.00687003135681 9.0 1
44 9 0.0051121711731 6.0 1
45 11 0.00634217262268 8.0 1
46 9 0.00511598587036 6.0 1
47 9 0.00513005256653 6.0 1
48 8 0.00463604927063 5.0 1
49 10 0.00607419013977 7.0 1
0 10 0.00653004646301 7.0 1
1 10 0.00571703910828 7.0 1
2 10 0.00591611862183 7.0 1
3 12 0.00717878341675 9.0 1
4 10 0.00585794448853 7.0 1
5 10 0.00576901435852 7.0 1
6 12 0.00698399543762 9.0 1
7 11 0.00645899772644 8.0 1
8 11 0.00632095336914 8.0 1
9 12 0.00701212882996 9.0 1
10 9 0.00511288642883 6.0 1
11 8 0.00438404083252 5.0 1
12 12 0.00665283203125 9.0 1
13 13 0.00725412368774 10.0 1
14 9 0.00492691993713 6.0 1
15 8 0.00446701049805 5.0 1
16 8 0.00449395179749 5.0 1
17 11 0.00642514228821 8.0 1
18 9 0.0050630569458 6.0 1
19 8 0.0045211315155 5.0 1
20 12 0.0069568157196 9.0 1
21 10 0.00569009780884 7.0 1
22 13 0.00763392448425 10.0 1
23 8 0.00448107719421 5.0 1
24 13 0.00791311264038 10.0 1
25 9 0.00499415397644 6.0 1
26 12 0.00685000419617 9.0 1
27 9 0.00506806373596 6.0 1
28 11 0.00627303123474 8.0 1
29 11 0.00634908676147 8.0 1
30 12 0.00705599784851 9.0 1
31 11 0.0064709186554 8.0 1
32 9 0.00513696670532 6.0 1
33 9 0.00508809089661 6.0 1
34 11 0.00636887550354 8.0 1
35 9 0.00494980812073 6.0 1
36 12 0.00656604766846 9.0 1
37 8 0.00439095497131 5.0 1
38 12 0.00700116157532 9.0 1
39 8 0.00445103645325 5.0 1
40 8 0.00448989868164 5.0 1
41 12 0.00693202018738 9.0 1
42 11 0.00629615783691 8.0 1
43 13 0.00756907463074 10.0 1
44 9 0.00513601303101 6.0 1
45 9 0.00511884689331 6.0 1
46 9 0.00511813163757 6.0 1
47 9 0.00510907173157 6.0 1
48 9 0.00510406494141 6.0 1
49 13 0.00771403312683 10.0 1
0 8 0.00497603416443 5.0 1
1 9 0.00534105300903 6.0 1
2 9 0.00519895553589 6.0 1
3 10 0.00570702552795 7.0 1
4 8 0.0045919418335 5.0 1
5 10 0.0057430267334 7.0 1
6 11 0.00644993782043 8.0 1
7 12 0.00718212127686 9.0 1
8 8 0.00461196899414 5.0 1
9 11 0.0064480304718 8.0 1
10 8 0.00457811355591 5.0 1
11 11 0.00641512870789 8.0 1
12 9 0.00520014762878 6.0 1
13 8 0.00456309318542 5.0 1
14 12 0.0072329044342 9.0 1
15 12 0.00724196434021 9.0 1
16 13 0.00791501998901 10.0 1
17 11 0.00692415237427 8.0 1
18 10 0.00574588775635 7.0 1
19 10 0.00570297241211 7.0 1
20 10 0.00582695007324 7.0 1
21 12 0.0071280002594 9.0 1
22 11 0.00659394264221 8.0 1
23 12 0.00752115249634 9.0 1
24 8 0.00449705123901 5.0 1
25 11 0.00661087036133 8.0 1
26 9 0.00530910491943 6.0 1
27 8 0.00453305244446 5.0 1
28 12 0.00699806213379 9.0 1
29 12 0.0070629119873 9.0 1
30 9 0.0053288936615 6.0 1
31 8 0.00459599494934 5.0 1
32 8 0.00457715988159 5.0 1
33 9 0.00510907173157 6.0 1
34 12 0.00710487365723 9.0 1
35 9 0.00518488883972 6.0 1
36 11 0.00638818740845 8.0 1
37 8 0.00453495979309 5.0 1
38 9 0.00515103340149 6.0 1
39 9 0.00518894195557 6.0 1
40 9 0.00514912605286 6.0 1
41 12 0.00709795951843 9.0 1
42 11 0.00640821456909 8.0 1
43 10 0.00570797920227 7.0 1
44 10 0.00568294525146 7.0 1
45 9 0.00504517555237 6.0 1
46 11 0.00631093978882 8.0 1
47 9 0.00526690483093 6.0 1
48 12 0.0069420337677 9.0 1
49 10 0.00559997558594 7.0 1
