trial, number of steps, runtime, accumulated reward, termination
0 1558 0.948327064514 -1556.0 1
1 1029 0.628887891769 -1027.0 1
2 525 0.304376125336 -523.0 1
3 1041 0.536169052124 -1039.0 1
4 3345 1.73295998573 -3343.0 1
5 891 0.460191965103 -889.0 1
6 1629 0.838640928268 -1627.0 1
7 1041 0.537678003311 -1039.0 1
8 2306 1.18353199959 -2304.0 1
9 502 0.255023002625 -500.0 1
10 1989 1.0122590065 -1987.0 1
11 619 0.326979160309 -617.0 1
12 622 0.315231084824 -620.0 1
13 1559 0.84245800972 -1557.0 1
14 445 0.227164983749 -443.0 1
15 2677 1.36141681671 -2675.0 1
16 1340 0.680788040161 -1338.0 1
17 1074 0.546708106995 -1072.0 1
18 2696 1.36900806427 -2694.0 1
19 1499 0.768890857697 -1497.0 1
20 904 0.434343099594 -902.0 1
21 1672 0.799926042557 -1670.0 1
22 2333 1.10400104523 -2331.0 1
23 530 0.25332903862 -528.0 1
24 1000 0.488327980042 -998.0 1
25 1423 0.675425052643 -1421.0 1
26 1273 0.600322008133 -1271.0 1
27 844 0.392815828323 -842.0 1
28 3701 1.7625951767 -3699.0 1
29 346 0.165014028549 -344.0 1
30 1849 0.874210834503 -1847.0 1
31 1871 0.903441905975 -1869.0 1
32 1911 0.922297954559 -1909.0 1
33 1050 0.493778944016 -1048.0 1
34 802 0.376015901566 -800.0 1
35 750 0.352186918259 -748.0 1
36 1809 0.858906030655 -1807.0 1
37 519 0.248126983643 -517.0 1
38 689 0.329483985901 -687.0 1
39 983 0.479001998901 -981.0 1
40 2425 1.15786981583 -2423.0 1
41 1467 0.68887591362 -1465.0 1
42 508 0.222947835922 -506.0 1
43 2965 1.4656059742 -2963.0 1
44 1506 0.721180915833 -1504.0 1
45 772 0.374079942703 -770.0 1
46 817 0.399574995041 -815.0 1
47 959 0.466830015182 -957.0 1
48 1199 0.585210084915 -1197.0 1
49 1440 0.682919979095 -1438.0 1
0 3906 1.90859103203 -3904.0 1
1 1615 0.761810064316 -1613.0 1
2 2750 1.36890101433 -2748.0 1
3 1219 0.636785984039 -1217.0 1
4 1378 0.713640928268 -1376.0 1
5 597 0.311314105988 -595.0 1
6 1632 0.836927175522 -1630.0 1
7 1489 0.769514799118 -1487.0 1
8 1671 0.801477909088 -1669.0 1
9 579 0.271339893341 -577.0 1
10 1622 0.750277996063 -1620.0 1
11 1138 0.5285551548 -1136.0 1
12 1411 0.665825128555 -1409.0 1
13 471 0.22944188118 -469.0 1
14 1923 0.912115812302 -1921.0 1
15 665 0.311709165573 -663.0 1
16 1098 0.528833866119 -1096.0 1
17 1381 0.703258991241 -1379.0 1
18 1027 0.481011867523 -1025.0 1
19 2161 1.02565193176 -2159.0 1
20 255 0.122730016708 -253.0 1
21 1842 0.863680124283 -1840.0 1
22 424 0.207350969315 -422.0 1
23 1381 0.661586999893 -1379.0 1
24 974 0.489428043365 -972.0 1
25 735 0.336895942688 -733.0 1
26 1111 0.524920940399 -1109.0 1
27 1528 0.726209878922 -1526.0 1
28 474 0.226727962494 -472.0 1
29 1394 0.667355060577 -1392.0 1
30 3603 1.67604708672 -3601.0 1
31 397 0.187572002411 -395.0 1
32 1244 0.595677137375 -1242.0 1
33 454 0.217921972275 -452.0 1
34 889 0.428097963333 -887.0 1
35 2182 1.04791712761 -2180.0 1
36 1641 0.762917995453 -1639.0 1
37 613 0.289332866669 -611.0 1
38 1021 0.478228092194 -1019.0 1
39 620 0.288316965103 -618.0 1
40 405 0.192362070084 -403.0 1
41 313 0.146265029907 -311.0 1
42 1145 0.531529903412 -1143.0 1
43 1663 0.782006025314 -1661.0 1
44 389 0.185461044312 -387.0 1
45 970 0.467918157578 -968.0 1
46 925 0.42320895195 -923.0 1
47 1038 0.493665933609 -1036.0 1
48 876 0.420557975769 -874.0 1
49 603 0.27924489975 -601.0 1
0 1155 0.540586948395 -1153.0 1
1 1060 0.493921995163 -1058.0 1
2 2300 1.07216787338 -2298.0 1
3 1270 0.629575014114 -1268.0 1
4 416 0.211827993393 -414.0 1
5 1499 0.749402046204 -1497.0 1
6 2144 1.08393311501 -2142.0 1
7 1226 0.598204851151 -1224.0 1
8 1399 0.63405919075 -1397.0 1
9 745 0.342516899109 -743.0 1
10 647 0.302921056747 -645.0 1
11 833 0.387451171875 -831.0 1
12 1472 0.672405004501 -1470.0 1
13 1213 0.56222820282 -1211.0 1
14 677 0.318919181824 -675.0 1
15 844 0.395797014236 -842.0 1
16 1318 0.626194953918 -1316.0 1
17 302 0.144708871841 -300.0 1
18 749 0.330904960632 -747.0 1
19 1063 0.501180887222 -1061.0 1
20 487 0.24102306366 -485.0 1
21 1298 0.617495059967 -1296.0 1
22 591 0.266222000122 -589.0 1
23 3154 1.48810505867 -3152.0 1
24 4470 2.08950018883 -4468.0 1
25 1185 0.571040868759 -1183.0 1
26 1233 0.58625793457 -1231.0 1
27 2063 0.948340892792 -2061.0 1
28 2705 1.2736530304 -2703.0 1
29 781 0.355025053024 -779.0 1
30 775 0.376415014267 -773.0 1
31 596 0.280825138092 -594.0 1
32 1134 0.529967784882 -1132.0 1
33 284 0.125847101212 -282.0 1
34 706 0.322056055069 -704.0 1
35 1395 0.66850399971 -1393.0 1
36 1867 0.89028096199 -1865.0 1
37 592 0.287478923798 -590.0 1
38 1229 0.568825006485 -1227.0 1
39 354 0.167734146118 -352.0 1
40 2048 1.00758194923 -2046.0 1
41 661 0.330963134766 -659.0 1
42 1925 0.960875034332 -1923.0 1
43 409 0.202009916306 -407.0 1
44 291 0.143858194351 -289.0 1
45 2485 1.22816300392 -2483.0 1
46 3840 1.90190386772 -3838.0 1
47 314 0.15466594696 -312.0 1
48 1162 0.574115037918 -1160.0 1
49 1200 0.600046157837 -1198.0 1
0 664 0.330644845963 -662.0 1
1 1234 0.616832971573 -1232.0 1
2 1098 0.545880079269 -1096.0 1
3 2050 1.02302503586 -2048.0 1
4 2433 1.22463202477 -2431.0 1
5 1070 0.534412145615 -1068.0 1
6 1465 0.729443788528 -1463.0 1
7 844 0.418380975723 -842.0 1
8 3276 1.67397093773 -3274.0 1
9 1114 0.553511857986 -1112.0 1
10 907 0.450642824173 -905.0 1
11 1264 0.627987861633 -1262.0 1
12 757 0.374119997025 -755.0 1
13 959 0.473701953888 -957.0 1
14 1534 0.760379076004 -1532.0 1
15 622 0.309875965118 -620.0 1
16 1096 0.54900097847 -1094.0 1
17 387 0.191894054413 -385.0 1
18 2301 1.1404800415 -2299.0 1
19 445 0.208698034286 -443.0 1
20 1273 0.581645965576 -1271.0 1
21 1982 0.912878036499 -1980.0 1
22 570 0.268891096115 -568.0 1
23 919 0.431674003601 -917.0 1
24 2271 1.04739809036 -2269.0 1
25 624 0.292071819305 -622.0 1
26 1895 0.87454199791 -1893.0 1
27 1093 0.484349012375 -1091.0 1
28 1541 0.722488164902 -1539.0 1
29 451 0.216593027115 -449.0 1
30 2127 0.98509311676 -2125.0 1
31 682 0.301755905151 -680.0 1
32 1476 0.690682172775 -1474.0 1
33 304 0.141590118408 -302.0 1
34 593 0.273931980133 -591.0 1
35 234 0.118892908096 -232.0 1
36 1513 0.794933080673 -1511.0 1
37 620 0.325674057007 -618.0 1
38 712 0.372761964798 -710.0 1
39 1564 0.822565793991 -1562.0 1
40 740 0.390100955963 -738.0 1
41 1259 0.670547962189 -1257.0 1
42 879 0.467704057693 -877.0 1
43 1367 0.722898006439 -1365.0 1
44 758 0.400891065598 -756.0 1
45 1523 0.6820499897 -1521.0 1
46 611 0.284247875214 -609.0 1
47 1624 0.746681928635 -1622.0 1
48 988 0.49723482132 -986.0 1
49 1896 0.976166963577 -1894.0 1
0 3622 1.86784791946 -3620.0 1
1 736 0.362859010696 -734.0 1
2 1043 0.489081859589 -1041.0 1
3 656 0.302345991135 -654.0 1
4 778 0.378702878952 -776.0 1
5 1644 0.758989095688 -1642.0 1
6 1331 0.696002006531 -1329.0 1
7 311 0.1673579216 -309.0 1
8 3979 2.11317586899 -3977.0 1
9 856 0.451079845428 -854.0 1
10 286 0.152159929276 -284.0 1
11 649 0.34280705452 -647.0 1
12 1612 0.851382017136 -1610.0 1
13 1154 0.612387895584 -1152.0 1
14 759 0.402655124664 -757.0 1
15 1323 0.700249910355 -1321.0 1
16 848 0.452227830887 -846.0 1
17 1289 0.679973125458 -1287.0 1
18 1293 0.680638790131 -1291.0 1
19 570 0.301640987396 -568.0 1
20 1155 0.608140945435 -1153.0 1
21 1178 0.627561092377 -1176.0 1
22 1623 0.865711927414 -1621.0 1
23 1702 0.907636880875 -1700.0 1
24 622 0.327910900116 -620.0 1
25 2121 1.11349916458 -2119.0 1
26 1050 0.551719903946 -1048.0 1
27 1023 0.510186910629 -1021.0 1
28 2153 1.0055539608 -2151.0 1
29 1153 0.533675909042 -1151.0 1
30 886 0.409024953842 -884.0 1
31 1127 0.508937835693 -1125.0 1
32 404 0.181473970413 -402.0 1
33 2671 1.2431781292 -2669.0 1
34 252 0.115817070007 -250.0 1
35 1091 0.511968135834 -1089.0 1
36 723 0.332553863525 -721.0 1
37 894 0.403661966324 -892.0 1
38 2299 1.05405497551 -2297.0 1
39 480 0.224302053452 -478.0 1
40 792 0.356639862061 -790.0 1
41 617 0.292132139206 -615.0 1
42 1205 0.574907064438 -1203.0 1
43 922 0.554033041 -920.0 1
44 1033 0.626118898392 -1031.0 1
45 1759 1.07804894447 -1757.0 1
46 665 0.39101600647 -663.0 1
47 794 0.471167802811 -792.0 1
48 3789 2.24936509132 -3787.0 1
49 664 0.393943786621 -662.0 1
0 1280 0.757598161697 -1278.0 1
1 1832 1.07466197014 -1830.0 1
2 872 0.511714935303 -870.0 1
3 1480 0.87420296669 -1478.0 1
4 1292 0.756816148758 -1290.0 1
5 530 0.310657024384 -528.0 1
6 1830 1.07714700699 -1828.0 1
7 1059 0.620180130005 -1057.0 1
8 761 0.445264101028 -759.0 1
9 1791 1.05089902878 -1789.0 1
10 2126 1.27018499374 -2124.0 1
11 468 0.274260044098 -466.0 1
12 966 0.567738056183 -964.0 1
13 1028 0.601143121719 -1026.0 1
14 1339 0.784314870834 -1337.0 1
15 1415 0.828274965286 -1413.0 1
16 1023 0.607231140137 -1021.0 1
17 1535 0.833584785461 -1533.0 1
18 1134 0.66774392128 -1132.0 1
19 866 0.510952234268 -864.0 1
20 1003 0.592133998871 -1001.0 1
21 2055 1.20306015015 -2053.0 1
22 2518 1.28072094917 -2516.0 1
23 512 0.241413116455 -510.0 1
24 326 0.152354001999 -324.0 1
25 2080 1.02225089073 -2078.0 1
26 1862 0.880959033966 -1860.0 1
27 1102 0.518725156784 -1100.0 1
28 918 0.430078029633 -916.0 1
29 734 0.367165803909 -732.0 1
30 2197 1.09753704071 -2195.0 1
31 707 0.354510068893 -705.0 1
32 486 0.244179010391 -484.0 1
33 1320 0.660933971405 -1318.0 1
34 1040 0.522090911865 -1038.0 1
35 2312 1.15995907784 -2310.0 1
36 2346 1.13016104698 -2344.0 1
37 603 0.288789987564 -601.0 1
38 2829 1.34119296074 -2827.0 1
39 378 0.176450014114 -376.0 1
40 838 0.390241861343 -836.0 1
41 893 0.423060894012 -891.0 1
42 918 0.435779809952 -916.0 1
43 1019 0.495665073395 -1017.0 1
44 1494 0.74182510376 -1492.0 1
45 680 0.320281982422 -678.0 1
46 1187 0.560141801834 -1185.0 1
47 2353 1.12069320679 -2351.0 1
48 1010 0.490952968597 -1008.0 1
49 1721 0.820866823196 -1719.0 1
0 797 0.378597974777 -795.0 1
1 2700 1.26922082901 -2698.0 1
2 246 0.117114782333 -244.0 1
3 1797 0.837382078171 -1795.0 1
4 548 0.256404161453 -546.0 1
5 589 0.278610944748 -587.0 1
6 1144 0.533757209778 -1142.0 1
7 1129 0.530507087708 -1127.0 1
8 958 0.443289995193 -956.0 1
9 2476 1.16891813278 -2474.0 1
10 963 0.451508998871 -961.0 1
11 879 0.412307977676 -877.0 1
12 3571 1.67227387428 -3569.0 1
13 955 0.451282024384 -953.0 1
14 1033 0.477665185928 -1031.0 1
15 977 0.461830854416 -975.0 1
16 1513 0.717095851898 -1511.0 1
17 801 0.392189025879 -799.0 1
18 990 0.469803094864 -988.0 1
19 529 0.246539115906 -527.0 1
20 2272 1.07488703728 -2270.0 1
21 761 0.35142493248 -759.0 1
22 2370 1.1287112236 -2368.0 1
23 361 0.171131849289 -359.0 1
24 974 0.457139015198 -972.0 1
25 632 0.300170898438 -630.0 1
26 2210 1.03677892685 -2208.0 1
27 1455 0.690836191177 -1453.0 1
28 355 0.169456958771 -353.0 1
29 911 0.424824953079 -909.0 1
30 1775 0.836593866348 -1773.0 1
31 1420 0.668096065521 -1418.0 1
32 1362 0.635048151016 -1360.0 1
33 672 0.312482833862 -670.0 1
34 483 0.211926937103 -481.0 1
35 1459 0.683615207672 -1457.0 1
36 1339 0.658304929733 -1337.0 1
37 2649 1.33998703957 -2647.0 1
38 2883 1.48661613464 -2881.0 1
39 766 0.393534898758 -764.0 1
40 983 0.49849486351 -981.0 1
41 1965 1.01013898849 -1963.0 1
42 726 0.368975162506 -724.0 1
43 1020 0.516812086105 -1018.0 1
44 2067 1.04618692398 -2065.0 1
45 562 0.284744977951 -560.0 1
46 1897 0.959185838699 -1895.0 1
47 394 0.198054075241 -392.0 1
48 1221 0.628733873367 -1219.0 1
49 422 0.213628053665 -420.0 1
0 1349 0.685798883438 -1347.0 1
1 1012 0.518532037735 -1010.0 1
2 2741 1.43757104874 -2739.0 1
3 1438 0.62730884552 -1436.0 1
4 1101 0.505654096603 -1099.0 1
5 1253 0.588726043701 -1251.0 1
6 1480 0.707166910172 -1478.0 1
7 1490 0.708564996719 -1488.0 1
8 477 0.217073917389 -475.0 1
9 1868 0.96213889122 -1866.0 1
10 1596 0.737930059433 -1594.0 1
11 773 0.369087219238 -771.0 1
12 1023 0.518809080124 -1021.0 1
13 680 0.331319093704 -678.0 1
14 897 0.432746171951 -895.0 1
15 899 0.425575017929 -897.0 1
16 1714 0.844979047775 -1712.0 1
17 1984 0.942893981934 -1982.0 1
18 1387 0.644566059113 -1385.0 1
19 771 0.366441011429 -769.0 1
20 1049 0.501513004303 -1047.0 1
21 717 0.366008996964 -715.0 1
22 1399 0.656804084778 -1397.0 1
23 327 0.156206130981 -325.0 1
24 1428 0.666681051254 -1426.0 1
25 513 0.270478010178 -511.0 1
26 2423 1.14555287361 -2421.0 1
27 826 0.408414125443 -824.0 1
28 1886 0.907534122467 -1884.0 1
29 772 0.373587846756 -770.0 1
30 397 0.189093828201 -395.0 1
31 828 0.418578147888 -826.0 1
32 1437 0.681402206421 -1435.0 1
33 2652 1.30573296547 -2650.0 1
34 864 0.414787054062 -862.0 1
35 939 0.442770957947 -937.0 1
36 1162 0.553421974182 -1160.0 1
37 1544 0.739020109177 -1542.0 1
38 652 0.313549041748 -650.0 1
39 903 0.420174837112 -901.0 1
40 1991 0.988363027573 -1989.0 1
41 457 0.218034982681 -455.0 1
42 848 0.405888795853 -846.0 1
43 1349 0.610430002213 -1347.0 1
44 911 0.428884029388 -909.0 1
45 667 0.310016870499 -665.0 1
46 477 0.2462849617 -475.0 1
47 1523 0.724140882492 -1521.0 1
48 769 0.398003101349 -767.0 1
49 966 0.497386932373 -964.0 1
0 798 0.41646194458 -796.0 1
1 1693 0.876502037048 -1691.0 1
2 1460 0.757835149765 -1458.0 1
3 539 0.279066801071 -537.0 1
4 845 0.436325073242 -843.0 1
5 1545 0.804304122925 -1543.0 1
6 2314 1.19992613792 -2312.0 1
7 750 0.386595010757 -748.0 1
8 1124 0.585587978363 -1122.0 1
9 834 0.435153007507 -832.0 1
10 1603 0.832444906235 -1601.0 1
11 1101 0.573530912399 -1099.0 1
12 1129 0.589747905731 -1127.0 1
13 2351 1.22318100929 -2349.0 1
14 1514 0.786494016647 -1512.0 1
15 969 0.502894878387 -967.0 1
16 806 0.426064968109 -804.0 1
17 1361 0.701550006866 -1359.0 1
18 1228 0.605851888657 -1226.0 1
19 1321 0.611286878586 -1319.0 1
20 1119 0.519832134247 -1117.0 1
21 1902 0.911775112152 -1900.0 1
22 551 0.257976055145 -549.0 1
23 443 0.217695951462 -441.0 1
24 1970 0.95002913475 -1968.0 1
25 511 0.236484050751 -509.0 1
26 1396 0.661314964294 -1394.0 1
27 1023 0.48301410675 -1021.0 1
28 421 0.202132940292 -419.0 1
29 690 0.30227804184 -688.0 1
30 789 0.382136106491 -787.0 1
31 1134 0.544115066528 -1132.0 1
32 695 0.332674980164 -693.0 1
33 483 0.228528022766 -481.0 1
34 1636 0.764721870422 -1634.0 1
35 1047 0.501585006714 -1045.0 1
36 1251 0.582286119461 -1249.0 1
37 768 0.371700048447 -766.0 1
38 2550 1.28425884247 -2548.0 1
39 832 0.42839717865 -830.0 1
40 893 0.425734043121 -891.0 1
41 711 0.350921154022 -709.0 1
42 1673 0.789134025574 -1671.0 1
43 1806 0.853409051895 -1804.0 1
44 893 0.440335035324 -891.0 1
45 630 0.309077978134 -628.0 1
46 1332 0.636814117432 -1330.0 1
47 1777 0.843018054962 -1775.0 1
48 609 0.285061836243 -607.0 1
49 1610 0.7960729599 -1608.0 1
0 1468 0.747151136398 -1466.0 1
1 1005 0.51309299469 -1003.0 1
2 2118 1.08231806755 -2116.0 1
3 1345 0.688327074051 -1343.0 1
4 712 0.366405010223 -710.0 1
5 1168 0.612002849579 -1166.0 1
6 981 0.523698091507 -979.0 1
7 1140 0.585661888123 -1138.0 1
8 874 0.448997020721 -872.0 1
9 1282 0.661086082458 -1280.0 1
10 1846 0.946162939072 -1844.0 1
11 654 0.332104206085 -652.0 1
12 1568 0.799607992172 -1566.0 1
13 2052 1.04458403587 -2050.0 1
14 2539 1.23049092293 -2537.0 1
15 1004 0.470952033997 -1002.0 1
16 1378 0.652549982071 -1376.0 1
17 1916 0.911766052246 -1914.0 1
18 1153 0.519788980484 -1151.0 1
19 3782 1.76852297783 -3780.0 1
20 854 0.402260065079 -852.0 1
21 1157 0.561905860901 -1155.0 1
22 542 0.291740894318 -540.0 1
23 1550 0.822729110718 -1548.0 1
24 1591 0.831289052963 -1589.0 1
25 1601 0.845411062241 -1599.0 1
26 2990 1.58143782616 -2988.0 1
27 419 0.218857049942 -417.0 1
28 729 0.381997108459 -727.0 1
29 1876 0.99343419075 -1874.0 1
30 1506 0.798472166061 -1504.0 1
31 730 0.384342193604 -728.0 1
32 1332 0.701711177826 -1330.0 1
33 2929 1.54395198822 -2927.0 1
34 784 0.413922071457 -782.0 1
35 1886 1.00009393692 -1884.0 1
36 683 0.362267971039 -681.0 1
37 548 0.287618875504 -546.0 1
38 2276 1.19488382339 -2274.0 1
39 1233 0.648277044296 -1231.0 1
40 549 0.289491891861 -547.0 1
41 1144 0.600171089172 -1142.0 1
42 614 0.322036981583 -612.0 1
43 583 0.305760145187 -581.0 1
44 813 0.42517209053 -811.0 1
45 556 0.25137591362 -554.0 1
46 1582 0.722596883774 -1580.0 1
47 751 0.347857952118 -749.0 1
48 434 0.21791601181 -432.0 1
49 1401 0.677580118179 -1399.0 1
