trial, number of steps, runtime, accumulated reward, termination
0 1596 1.08086800575 -1594.0 1
1 690 0.474879980087 -688.0 1
2 879 0.594949960709 -877.0 1
3 3398 1.62976908684 -3396.0 1
4 1260 0.61630988121 -1258.0 1
5 578 0.294205904007 -576.0 1
6 2402 1.22654509544 -2400.0 1
7 2640 1.35099196434 -2638.0 1
8 1102 0.562851905823 -1100.0 1
9 982 0.502665042877 -980.0 1
10 614 0.313866853714 -612.0 1
11 1552 0.799546003342 -1550.0 1
12 1559 0.798798084259 -1557.0 1
13 1634 0.83257484436 -1632.0 1
14 3692 1.8897550106 -3690.0 1
15 975 0.495088100433 -973.0 1
16 1141 0.57941699028 -1139.0 1
17 2297 1.17460203171 -2295.0 1
18 2062 1.05804300308 -2060.0 1
19 601 0.308680057526 -599.0 1
20 3444 1.69024586678 -3442.0 1
21 401 0.191205024719 -399.0 1
22 554 0.263164997101 -552.0 1
23 1254 0.606484174728 -1252.0 1
24 949 0.421683073044 -947.0 1
25 396 0.168893814087 -394.0 1
26 700 0.314475059509 -698.0 1
27 591 0.283923864365 -589.0 1
28 872 0.399260044098 -870.0 1
29 371 0.176280975342 -369.0 1
30 638 0.296787023544 -636.0 1
31 1761 0.829044103622 -1759.0 1
32 486 0.231590032578 -484.0 1
33 485 0.237100839615 -483.0 1
34 508 0.240927934647 -506.0 1
35 771 0.370771169662 -769.0 1
36 724 0.330253124237 -722.0 1
37 579 0.262798070908 -577.0 1
38 760 0.356445074081 -758.0 1
39 611 0.28862285614 -609.0 1
40 629 0.2962038517 -627.0 1
41 708 0.313351154327 -706.0 1
42 475 0.221120834351 -473.0 1
43 735 0.337923049927 -733.0 1
44 1104 0.533822059631 -1102.0 1
45 527 0.251847982407 -525.0 1
46 467 0.2195789814 -465.0 1
47 343 0.137351036072 -341.0 1
48 375 0.179187774658 -373.0 1
49 367 0.181511163712 -365.0 1
0 619 0.288819074631 -617.0 1
1 3228 1.56080412865 -3226.0 1
2 554 0.268123149872 -552.0 1
3 1033 0.493313074112 -1031.0 1
4 915 0.443793058395 -913.0 1
5 999 0.463183164597 -997.0 1
6 683 0.319985866547 -681.0 1
7 975 0.458347082138 -973.0 1
8 2911 1.39680290222 -2909.0 1
9 2237 1.04291605949 -2235.0 1
10 1757 0.824640035629 -1755.0 1
11 909 0.420335054398 -907.0 1
12 1298 0.611442089081 -1296.0 1
13 2071 0.952332019806 -2069.0 1
14 1986 0.935655117035 -1984.0 1
15 5000 2.33283209801 -4999.0 0
16 1823 0.897461891174 -1821.0 1
17 764 0.355110168457 -762.0 1
18 3950 1.88916301727 -3948.0 1
19 502 0.265069007874 -500.0 1
20 5000 2.43442797661 -4999.0 0
21 5000 2.32696485519 -4999.0 0
22 2643 1.29594302177 -2641.0 1
23 5000 2.35728311539 -4999.0 0
24 5000 2.31421899796 -4999.0 0
25 5000 2.31158399582 -4999.0 0
26 5000 2.38284492493 -4999.0 0
27 5000 2.39623808861 -4999.0 0
28 5000 2.405616045 -4999.0 0
29 2874 1.36025905609 -2872.0 1
30 5000 2.37137794495 -4999.0 0
31 5000 2.36229205132 -4999.0 0
32 5000 2.35126304626 -4999.0 0
33 5000 2.36916208267 -4999.0 0
34 5000 2.39802098274 -4999.0 0
35 5000 2.58621788025 -4999.0 0
36 5000 2.55815815926 -4999.0 0
37 5000 2.38127803802 -4999.0 0
38 5000 2.37303709984 -4999.0 0
39 5000 2.41136002541 -4999.0 0
40 5000 2.42207407951 -4999.0 0
41 5000 2.32228589058 -4999.0 0
42 5000 2.39632487297 -4999.0 0
43 5000 2.35490107536 -4999.0 0
44 5000 2.49216389656 -4999.0 0
45 5000 2.57173490524 -4999.0 0
46 5000 2.55653095245 -4999.0 0
47 5000 2.47862195969 -4999.0 0
48 5000 2.3820040226 -4999.0 0
49 5000 2.36571097374 -4999.0 0
0 225 0.106580018997 -223.0 1
1 964 0.47219991684 -962.0 1
2 639 0.298434019089 -637.0 1
3 2819 1.34268498421 -2817.0 1
4 875 0.421792030334 -873.0 1
5 1298 0.6352891922 -1296.0 1
6 1085 0.512929916382 -1083.0 1
7 868 0.406801939011 -866.0 1
8 1491 0.713342189789 -1489.0 1
9 1230 0.548970937729 -1228.0 1
10 469 0.224731206894 -467.0 1
11 1255 0.590677976608 -1253.0 1
12 1689 0.802854061127 -1687.0 1
13 3451 1.61894702911 -3449.0 1
14 1100 0.52507686615 -1098.0 1
15 1046 0.495486974716 -1044.0 1
16 1346 0.645357847214 -1344.0 1
17 5000 2.35889291763 -4999.0 0
18 1951 0.925145864487 -1949.0 1
19 3018 1.46733903885 -3016.0 1
20 871 0.407517194748 -869.0 1
21 868 0.400870800018 -866.0 1
22 466 0.215085983276 -464.0 1
23 596 0.285629987717 -594.0 1
24 767 0.368694067001 -765.0 1
25 1578 0.756768941879 -1576.0 1
26 1121 0.531273126602 -1119.0 1
27 867 0.418385028839 -865.0 1
28 869 0.418163061142 -867.0 1
29 1688 0.799046039581 -1686.0 1
30 2135 1.00692987442 -2133.0 1
31 1146 0.548921823502 -1144.0 1
32 1179 0.555931806564 -1177.0 1
33 1114 0.530740976334 -1112.0 1
34 1030 0.515254020691 -1028.0 1
35 1381 0.63493680954 -1379.0 1
36 1050 0.493170022964 -1048.0 1
37 624 0.277734994888 -622.0 1
38 1390 0.641882896423 -1388.0 1
39 828 0.392611026764 -826.0 1
40 3698 1.75313901901 -3696.0 1
41 975 0.453279018402 -973.0 1
42 1680 0.772118091583 -1678.0 1
43 1560 0.741026163101 -1558.0 1
44 595 0.288115024567 -593.0 1
45 1373 0.667088985443 -1371.0 1
46 1882 0.864087104797 -1880.0 1
47 1020 0.482079982758 -1018.0 1
48 1068 0.502758979797 -1066.0 1
49 1127 0.521024942398 -1125.0 1
0 1339 0.623178005219 -1337.0 1
1 1258 0.594773054123 -1256.0 1
2 1438 0.692704200745 -1436.0 1
3 1474 0.7160551548 -1472.0 1
4 389 0.180510044098 -387.0 1
5 3157 1.48952293396 -3155.0 1
6 714 0.32129406929 -712.0 1
7 1593 0.737923145294 -1591.0 1
8 880 0.420102119446 -878.0 1
9 1610 0.743852853775 -1608.0 1
10 2157 1.00539183617 -2155.0 1
11 1843 0.855020046234 -1841.0 1
12 2170 1.02031493187 -2168.0 1
13 1790 0.829303026199 -1788.0 1
14 4511 2.1082918644 -4509.0 1
15 5000 2.34449696541 -4999.0 0
16 2640 1.22620797157 -2638.0 1
17 1582 0.711493015289 -1580.0 1
18 1060 0.488575220108 -1058.0 1
19 1382 0.659247159958 -1380.0 1
20 784 0.370515108109 -782.0 1
21 962 0.452163219452 -960.0 1
22 1130 0.535636901855 -1128.0 1
23 652 0.304563999176 -650.0 1
24 462 0.219639062881 -460.0 1
25 796 0.370671987534 -794.0 1
26 1388 0.656383991241 -1386.0 1
27 1796 0.827775001526 -1794.0 1
28 492 0.230543851852 -490.0 1
29 601 0.287443161011 -599.0 1
30 618 0.286442041397 -616.0 1
31 1270 0.591283798218 -1268.0 1
32 658 0.30414891243 -656.0 1
33 1240 0.579594135284 -1238.0 1
34 451 0.217932939529 -449.0 1
35 797 0.40385890007 -795.0 1
36 832 0.437716007233 -830.0 1
37 982 0.519809961319 -980.0 1
38 889 0.403062820435 -887.0 1
39 577 0.278338909149 -575.0 1
40 682 0.320383071899 -680.0 1
41 1245 0.570684909821 -1243.0 1
42 695 0.342491149902 -693.0 1
43 704 0.329252004623 -702.0 1
44 1433 0.67863202095 -1431.0 1
45 1090 0.59366607666 -1088.0 1
46 508 0.253832817078 -506.0 1
47 733 0.37033200264 -731.0 1
48 757 0.391716957092 -755.0 1
49 739 0.374780893326 -737.0 1
0 2021 0.945773839951 -2019.0 1
1 1584 0.756605863571 -1582.0 1
2 1352 0.643789052963 -1350.0 1
3 470 0.203798055649 -468.0 1
4 872 0.421630144119 -870.0 1
5 2007 0.958212852478 -2005.0 1
6 2220 1.04609203339 -2218.0 1
7 598 0.279165029526 -596.0 1
8 2421 1.18974995613 -2419.0 1
9 1486 0.765544176102 -1484.0 1
10 2187 1.12028312683 -2185.0 1
11 1813 0.926542043686 -1811.0 1
12 1471 0.751721858978 -1469.0 1
13 389 0.198374032974 -387.0 1
14 1928 0.987101793289 -1926.0 1
15 1209 0.618527173996 -1207.0 1
16 1905 0.963374137878 -1903.0 1
17 1601 0.738481998444 -1599.0 1
18 3142 1.51900291443 -3140.0 1
19 5000 2.56022691727 -4999.0 0
20 1910 0.984041213989 -1908.0 1
21 1923 0.987986803055 -1921.0 1
22 2087 1.07972311974 -2085.0 1
23 1225 0.635720014572 -1223.0 1
24 1354 0.667402982712 -1352.0 1
25 1723 0.806492090225 -1721.0 1
26 5000 2.3629629612 -4999.0 0
27 686 0.324887990952 -684.0 1
28 2362 1.20095610619 -2360.0 1
29 5000 2.34473204613 -4999.0 0
30 2058 0.971642017365 -2056.0 1
31 2172 1.03156208992 -2170.0 1
32 4422 2.12008309364 -4420.0 1
33 683 0.371594190598 -681.0 1
34 1969 0.998309850693 -1967.0 1
35 3120 1.54192304611 -3118.0 1
36 778 0.411496162415 -776.0 1
37 1404 0.671862125397 -1402.0 1
38 1822 0.886651992798 -1820.0 1
39 4089 2.17278122902 -4087.0 1
40 1739 0.946428060532 -1737.0 1
41 3156 1.67243599892 -3154.0 1
42 3397 1.63432693481 -3395.0 1
43 3969 1.93434596062 -3967.0 1
44 873 0.429975986481 -871.0 1
45 2863 1.46934294701 -2861.0 1
46 3319 1.67843794823 -3317.0 1
47 1755 0.826693058014 -1753.0 1
48 2462 1.18689393997 -2460.0 1
49 3500 1.63626003265 -3498.0 1
0 769 0.362671136856 -767.0 1
1 954 0.456187009811 -952.0 1
2 649 0.307242870331 -647.0 1
3 1777 0.838103055954 -1775.0 1
4 617 0.290866851807 -615.0 1
5 2325 1.08255720139 -2323.0 1
6 2640 1.21137809753 -2638.0 1
7 848 0.408272027969 -846.0 1
8 3833 1.82829618454 -3831.0 1
9 2090 1.00398397446 -2088.0 1
10 2036 0.969583034515 -2034.0 1
11 411 0.192054033279 -409.0 1
12 1618 0.771024942398 -1616.0 1
13 1162 0.527716875076 -1160.0 1
14 1753 0.819451093674 -1751.0 1
15 1437 0.681352853775 -1435.0 1
16 233 0.110775947571 -231.0 1
17 821 0.391140937805 -819.0 1
18 1837 0.858322143555 -1835.0 1
19 1209 0.561324119568 -1207.0 1
20 923 0.443124055862 -921.0 1
21 5000 2.39547586441 -4999.0 0
22 5000 2.95431804657 -4999.0 0
23 5000 2.96641898155 -4999.0 0
24 5000 2.6936480999 -4999.0 0
25 5000 2.56765294075 -4999.0 0
26 5000 2.41024708748 -4999.0 0
27 5000 2.5039191246 -4999.0 0
28 5000 2.6240170002 -4999.0 0
29 5000 2.74380111694 -4999.0 0
30 5000 2.47844815254 -4999.0 0
31 5000 2.35373401642 -4999.0 0
32 5000 2.39606595039 -4999.0 0
33 5000 2.37648200989 -4999.0 0
34 5000 2.37096190453 -4999.0 0
35 5000 2.32650589943 -4999.0 0
36 5000 2.37948894501 -4999.0 0
37 5000 2.35139298439 -4999.0 0
38 5000 2.51219201088 -4999.0 0
39 5000 2.40581893921 -4999.0 0
40 5000 2.38859605789 -4999.0 0
41 5000 2.39435601234 -4999.0 0
42 5000 2.37309598923 -4999.0 0
43 5000 2.33357095718 -4999.0 0
44 5000 2.3896780014 -4999.0 0
45 5000 2.36799407005 -4999.0 0
46 5000 2.41506290436 -4999.0 0
47 5000 2.53920698166 -4999.0 0
48 5000 2.26161408424 -4999.0 0
49 5000 2.57761216164 -4999.0 0
0 1251 0.577497005463 -1249.0 1
1 1181 0.542054891586 -1179.0 1
2 1824 0.858351945877 -1822.0 1
3 3031 1.48126101494 -3029.0 1
4 795 0.378549098969 -793.0 1
5 2235 1.07619786263 -2233.0 1
6 555 0.253989934921 -553.0 1
7 722 0.337470054626 -720.0 1
8 1182 0.557892084122 -1180.0 1
9 3226 1.46405696869 -3224.0 1
10 2597 1.25143098831 -2595.0 1
11 3369 1.59167408943 -3367.0 1
12 2603 1.22075486183 -2601.0 1
13 3092 1.53796291351 -3090.0 1
14 2870 1.34332418442 -2868.0 1
15 404 0.197756052017 -402.0 1
16 668 0.322478055954 -666.0 1
17 668 0.311932086945 -666.0 1
18 1177 0.548090934753 -1175.0 1
19 1082 0.525301218033 -1080.0 1
20 647 0.335420846939 -645.0 1
21 2188 1.12939715385 -2186.0 1
22 1066 0.552033901215 -1064.0 1
23 721 0.373870849609 -719.0 1
24 460 0.23964715004 -458.0 1
25 506 0.265366077423 -504.0 1
26 555 0.291348934174 -553.0 1
27 607 0.319010972977 -605.0 1
28 435 0.225538015366 -433.0 1
29 588 0.31173491478 -586.0 1
30 347 0.16462802887 -345.0 1
31 373 0.186589956284 -371.0 1
32 484 0.235991001129 -482.0 1
33 373 0.179717063904 -371.0 1
34 546 0.273149013519 -544.0 1
35 369 0.20111989975 -367.0 1
36 501 0.246073961258 -499.0 1
37 737 0.373929977417 -735.0 1
38 908 0.460129022598 -906.0 1
39 536 0.269531965256 -534.0 1
40 924 0.449951887131 -922.0 1
41 657 0.33577299118 -655.0 1
42 1010 0.505016088486 -1008.0 1
43 664 0.3451359272 -662.0 1
44 672 0.333488225937 -670.0 1
45 769 0.399327993393 -767.0 1
46 858 0.430303096771 -856.0 1
47 696 0.323564052582 -694.0 1
48 598 0.27808713913 -596.0 1
49 541 0.255036115646 -539.0 1
0 1001 0.467879056931 -999.0 1
1 2093 1.03080415726 -2091.0 1
2 2384 1.22985601425 -2382.0 1
3 271 0.138206005096 -269.0 1
4 1024 0.522024154663 -1022.0 1
5 1100 0.562734127045 -1098.0 1
6 865 0.441400766373 -863.0 1
7 1361 0.695499897003 -1359.0 1
8 579 0.295298099518 -577.0 1
9 2381 1.14385795593 -2379.0 1
10 361 0.171272993088 -359.0 1
11 1393 0.655546188354 -1391.0 1
12 2076 0.980561971664 -2074.0 1
13 1007 0.489725828171 -1005.0 1
14 929 0.446038961411 -927.0 1
15 488 0.233705043793 -486.0 1
16 1416 0.675176858902 -1414.0 1
17 2145 1.05072999001 -2143.0 1
18 2809 1.46377897263 -2807.0 1
19 1366 0.689275026321 -1364.0 1
20 1532 0.731958866119 -1530.0 1
21 1770 0.843912124634 -1768.0 1
22 1080 0.510540962219 -1078.0 1
23 2517 1.22796392441 -2515.0 1
24 4890 2.66091585159 -4888.0 1
25 999 0.541317939758 -997.0 1
26 743 0.402765035629 -741.0 1
27 1333 0.722781896591 -1331.0 1
28 635 0.342638015747 -633.0 1
29 755 0.409741163254 -753.0 1
30 1079 0.583737134933 -1077.0 1
31 1468 0.748450040817 -1466.0 1
32 1219 0.636706829071 -1217.0 1
33 2727 1.43638801575 -2725.0 1
34 1773 0.936590909958 -1771.0 1
35 2195 1.19224905968 -2193.0 1
36 1098 0.593714952469 -1096.0 1
37 5000 2.60617804527 -4999.0 0
38 1287 0.675297021866 -1285.0 1
39 1940 1.01192498207 -1938.0 1
40 1855 0.971088886261 -1853.0 1
41 2297 1.21617102623 -2295.0 1
42 564 0.30455493927 -562.0 1
43 699 0.370325088501 -697.0 1
44 882 0.471104860306 -880.0 1
45 797 0.417892932892 -795.0 1
46 1365 0.713374853134 -1363.0 1
47 1346 0.703638076782 -1344.0 1
48 1405 0.741299152374 -1403.0 1
49 2528 1.33676195145 -2526.0 1
0 1204 0.639693975449 -1202.0 1
1 1745 0.914738893509 -1743.0 1
2 2234 1.17052316666 -2232.0 1
3 1050 0.50656414032 -1048.0 1
4 1806 0.859200000763 -1804.0 1
5 1893 0.914375066757 -1891.0 1
6 645 0.302462816238 -643.0 1
7 3045 1.44550609589 -3043.0 1
8 1306 0.623027086258 -1304.0 1
9 1703 0.819352865219 -1701.0 1
10 1404 0.679015874863 -1402.0 1
11 1039 0.501078128815 -1037.0 1
12 664 0.289729118347 -662.0 1
13 893 0.39118885994 -891.0 1
14 1857 0.868104934692 -1855.0 1
15 1211 0.574995994568 -1209.0 1
16 1676 0.804780960083 -1674.0 1
17 956 0.505384922028 -954.0 1
18 1569 0.745388031006 -1567.0 1
19 1318 0.619791984558 -1316.0 1
20 3024 1.44861292839 -3022.0 1
21 540 0.261322021484 -538.0 1
22 979 0.46667098999 -977.0 1
23 1990 0.947408914566 -1988.0 1
24 724 0.338629007339 -722.0 1
25 2809 1.31510305405 -2807.0 1
26 5000 2.36052107811 -4999.0 0
27 1171 0.555936098099 -1169.0 1
28 5000 2.37299704552 -4999.0 0
29 5000 2.37294602394 -4999.0 0
30 5000 2.40567398071 -4999.0 0
31 3492 1.68236303329 -3490.0 1
32 5000 2.43414211273 -4999.0 0
33 5000 2.37538814545 -4999.0 0
34 2843 1.42103910446 -2841.0 1
35 1997 0.958086967468 -1995.0 1
36 2153 1.02265691757 -2151.0 1
37 4434 2.11337780952 -4432.0 1
38 5000 2.53250789642 -4999.0 0
39 1119 0.603698015213 -1117.0 1
40 5000 2.48369812965 -4999.0 0
41 2362 1.14285588264 -2360.0 1
42 3763 1.82995700836 -3761.0 1
43 4179 2.00947904587 -4177.0 1
44 2436 1.14577293396 -2434.0 1
45 2284 1.06930208206 -2282.0 1
46 5000 2.39093899727 -4999.0 0
47 5000 2.5448038578 -4999.0 0
48 5000 2.56720709801 -4999.0 0
49 5000 2.52776408195 -4999.0 0
0 1485 0.744839906693 -1483.0 1
1 764 0.386475086212 -762.0 1
2 1516 0.762279987335 -1514.0 1
3 801 0.408893108368 -799.0 1
4 1415 0.711961984634 -1413.0 1
5 472 0.237732887268 -470.0 1
6 805 0.402031898499 -803.0 1
7 2031 1.02012491226 -2029.0 1
8 2059 1.03711819649 -2057.0 1
9 2387 1.0823829174 -2385.0 1
10 726 0.337548971176 -724.0 1
11 697 0.319816112518 -695.0 1
12 1927 0.899024963379 -1925.0 1
13 2831 1.31121897697 -2829.0 1
14 2641 1.26242113113 -2639.0 1
15 1896 0.895546913147 -1894.0 1
16 2256 1.08073997498 -2254.0 1
17 741 0.380666971207 -739.0 1
18 2341 1.19948005676 -2339.0 1
19 1304 0.669991016388 -1302.0 1
20 1554 0.800911188126 -1552.0 1
21 1467 0.751487016678 -1465.0 1
22 356 0.173335075378 -354.0 1
23 1953 0.945223093033 -1951.0 1
24 455 0.211591959 -453.0 1
25 408 0.194813013077 -406.0 1
26 415 0.199171066284 -413.0 1
27 1115 0.532736063004 -1113.0 1
28 592 0.278663158417 -590.0 1
29 422 0.187778949738 -420.0 1
30 459 0.230454921722 -457.0 1
31 716 0.346374988556 -714.0 1
32 1159 0.568485021591 -1157.0 1
33 695 0.35169506073 -693.0 1
34 701 0.345628023148 -699.0 1
35 413 0.205583095551 -411.0 1
36 383 0.187855958939 -381.0 1
37 533 0.265689134598 -531.0 1
38 440 0.229322910309 -438.0 1
39 556 0.303485870361 -554.0 1
40 1387 0.696433067322 -1385.0 1
41 1149 0.717636108398 -1147.0 1
42 690 0.433891057968 -688.0 1
43 1706 0.898452043533 -1704.0 1
44 589 0.283137798309 -587.0 1
45 1217 0.632920026779 -1215.0 1
46 1135 0.593366861343 -1133.0 1
47 1255 0.656120061874 -1253.0 1
48 377 0.181384086609 -375.0 1
49 928 0.492095947266 -926.0 1
