trial, number of steps, runtime, accumulated reward, termination
0 1445 0.755051136017 -1443.0 1
1 4313 2.1973490715 -4311.0 1
2 2730 0.999611854553 -2728.0 1
3 2426 0.876772165298 -2424.0 1
4 5000 2.08156895638 -4999.0 0
5 5000 1.8871819973 -4999.0 0
6 5000 1.91112399101 -4999.0 0
7 3272 1.35474419594 -3270.0 1
8 1551 0.574105978012 -1549.0 1
9 2866 1.09102296829 -2864.0 1
10 2680 0.972946882248 -2678.0 1
11 3741 1.49070692062 -3739.0 1
12 5000 1.97205901146 -4999.0 0
13 3218 1.38397908211 -3216.0 1
14 5000 2.48672699928 -4999.0 0
15 4818 1.74442505836 -4816.0 1
16 2797 1.02309989929 -2795.0 1
17 5000 1.87467503548 -4999.0 0
18 3159 1.39892911911 -3157.0 1
19 5000 2.33062505722 -4999.0 0
20 5000 1.93192887306 -4999.0 0
21 5000 1.9710149765 -4999.0 0
22 4677 1.82943105698 -4675.0 1
23 2232 0.848191976547 -2230.0 1
24 3266 1.259745121 -3264.0 1
25 5000 2.32467484474 -4999.0 0
26 1950 0.749978065491 -1948.0 1
27 4813 1.70047092438 -4811.0 1
28 3910 1.44489598274 -3908.0 1
29 1865 0.710438013077 -1863.0 1
30 2901 1.02573108673 -2899.0 1
31 3182 1.1216340065 -3180.0 1
32 1626 0.603243112564 -1624.0 1
33 2548 0.937896966934 -2546.0 1
34 3108 1.12830400467 -3106.0 1
35 3070 1.10733699799 -3068.0 1
36 2767 0.98551607132 -2765.0 1
37 3998 1.39059114456 -3996.0 1
38 4896 1.7948949337 -4894.0 1
39 3940 1.35750293732 -3938.0 1
40 1540 0.501766204834 -1538.0 1
41 1454 0.496973991394 -1452.0 1
42 3231 1.18280601501 -3229.0 1
43 2749 1.03963398933 -2747.0 1
44 2219 0.835412025452 -2217.0 1
45 2208 0.761512994766 -2206.0 1
46 3223 1.13050508499 -3221.0 1
47 1018 0.3657579422 -1016.0 1
48 4470 1.78899288177 -4468.0 1
49 3270 1.14419412613 -3268.0 1
0 924 0.320801019669 -922.0 1
1 3326 1.23009109497 -3324.0 1
2 420 0.148352146149 -418.0 1
3 542 0.19889998436 -540.0 1
4 741 0.264579057693 -739.0 1
5 208 0.0686829090118 -206.0 1
6 627 0.222913980484 -625.0 1
7 1345 0.474768877029 -1343.0 1
8 654 0.231262922287 -652.0 1
9 1296 0.452476024628 -1294.0 1
10 222 0.0833389759064 -220.0 1
11 441 0.160751104355 -439.0 1
12 542 0.231146097183 -540.0 1
13 805 0.280986070633 -803.0 1
14 155 0.0557928085327 -153.0 1
15 413 0.155344963074 -411.0 1
16 1148 0.459619998932 -1146.0 1
17 339 0.127708911896 -337.0 1
18 572 0.202846050262 -570.0 1
19 1033 0.400270938873 -1031.0 1
20 472 0.186846971512 -470.0 1
21 281 0.0995209217072 -279.0 1
22 179 0.0726459026337 -177.0 1
23 380 0.155674934387 -378.0 1
24 157 0.0896699428558 -155.0 1
25 161 0.0702228546143 -159.0 1
26 909 0.338047981262 -907.0 1
27 1067 0.413220882416 -1065.0 1
28 1148 0.449715852737 -1146.0 1
29 224 0.0820047855377 -222.0 1
30 201 0.070405960083 -199.0 1
31 282 0.1290371418 -280.0 1
32 958 0.361582994461 -956.0 1
33 860 0.335606098175 -858.0 1
34 2766 1.12234687805 -2764.0 1
35 400 0.158895015717 -398.0 1
36 251 0.0996880531311 -249.0 1
37 635 0.247232198715 -633.0 1
38 1148 0.441974163055 -1146.0 1
39 755 0.291783094406 -753.0 1
40 646 0.27284693718 -644.0 1
41 1257 0.515644073486 -1255.0 1
42 581 0.227900028229 -579.0 1
43 349 0.135239124298 -347.0 1
44 321 0.127972126007 -319.0 1
45 1550 0.585519075394 -1548.0 1
46 425 0.170925855637 -423.0 1
47 687 0.284935951233 -685.0 1
48 422 0.160238027573 -420.0 1
49 289 0.10936999321 -287.0 1
0 1041 0.372371196747 -1039.0 1
1 5000 1.92175388336 -4999.0 0
2 4480 1.60567212105 -4478.0 1
3 3897 1.49176096916 -3895.0 1
4 3362 1.26359295845 -3360.0 1
5 5000 2.71082901955 -4999.0 0
6 2274 0.853221893311 -2272.0 1
7 1109 0.399065971375 -1107.0 1
8 2723 1.29642295837 -2721.0 1
9 1957 0.891939878464 -1955.0 1
10 2236 1.08263993263 -2234.0 1
11 5000 2.44814014435 -4999.0 0
12 2811 1.36652112007 -2809.0 1
13 4400 2.16901803017 -4398.0 1
14 3688 1.74150300026 -3686.0 1
15 3234 1.58324599266 -3232.0 1
16 4453 2.15132498741 -4451.0 1
17 3401 1.67475008965 -3399.0 1
18 1952 0.954035043716 -1950.0 1
19 2263 1.11454200745 -2261.0 1
20 3381 1.6237821579 -3379.0 1
21 5000 2.30771207809 -4999.0 0
22 2999 1.40665102005 -2997.0 1
23 1549 0.771639108658 -1547.0 1
24 3988 1.96394705772 -3986.0 1
25 2721 1.30081605911 -2719.0 1
26 5000 2.4540309906 -4999.0 0
27 5000 2.3797929287 -4999.0 0
28 4275 2.04926013947 -4273.0 1
29 2957 1.3668282032 -2955.0 1
30 1630 0.768749952316 -1628.0 1
31 5000 2.31481194496 -4999.0 0
32 5000 2.35156798363 -4999.0 0
33 5000 2.32247710228 -4999.0 0
34 1136 0.52566409111 -1134.0 1
35 1095 0.485127925873 -1093.0 1
36 2706 1.21866106987 -2704.0 1
37 3689 1.72454595566 -3687.0 1
38 5000 2.29993796349 -4999.0 0
39 5000 2.25700092316 -4999.0 0
40 3251 1.55588293076 -3249.0 1
41 930 0.442915916443 -928.0 1
42 3098 1.45382595062 -3096.0 1
43 1183 0.563421010971 -1181.0 1
44 1395 0.658481121063 -1393.0 1
45 1114 0.476449966431 -1112.0 1
46 1698 0.795840024948 -1696.0 1
47 2905 1.26938915253 -2903.0 1
48 1998 0.954490184784 -1996.0 1
49 664 0.322486877441 -662.0 1
0 2143 1.02573299408 -2141.0 1
1 5000 2.26304602623 -4999.0 0
2 5000 2.21470499039 -4999.0 0
3 5000 2.41422200203 -4999.0 0
4 5000 2.49233412743 -4999.0 0
5 5000 2.46500682831 -4999.0 0
6 3848 1.92511415482 -3846.0 1
7 5000 2.66280913353 -4999.0 0
8 5000 2.57892012596 -4999.0 0
9 5000 2.47354793549 -4999.0 0
10 5000 2.51841306686 -4999.0 0
11 4872 2.43714094162 -4870.0 1
12 5000 2.59228515625 -4999.0 0
13 5000 2.81510710716 -4999.0 0
14 5000 2.73280119896 -4999.0 0
15 5000 2.5165169239 -4999.0 0
16 5000 2.65211105347 -4999.0 0
17 5000 2.49180912971 -4999.0 0
18 5000 2.4840669632 -4999.0 0
19 5000 2.47028398514 -4999.0 0
20 5000 2.60742592812 -4999.0 0
21 5000 2.55256605148 -4999.0 0
22 4112 2.08823299408 -4110.0 1
23 5000 2.56601691246 -4999.0 0
24 4567 2.32826590538 -4565.0 1
25 5000 2.57951498032 -4999.0 0
26 5000 2.54498291016 -4999.0 0
27 4824 2.45095896721 -4822.0 1
28 5000 2.53800797462 -4999.0 0
29 5000 2.57864809036 -4999.0 0
30 5000 2.46913695335 -4999.0 0
31 5000 2.37130093575 -4999.0 0
32 5000 2.34376692772 -4999.0 0
33 5000 2.36207199097 -4999.0 0
34 5000 2.33530712128 -4999.0 0
35 5000 2.33763718605 -4999.0 0
36 5000 2.32221198082 -4999.0 0
37 5000 2.33377385139 -4999.0 0
38 5000 2.37159109116 -4999.0 0
39 5000 2.39499783516 -4999.0 0
40 5000 2.3989109993 -4999.0 0
41 5000 2.55639505386 -4999.0 0
42 5000 2.44095301628 -4999.0 0
43 5000 2.34342288971 -4999.0 0
44 5000 2.4155819416 -4999.0 0
45 5000 2.37021303177 -4999.0 0
46 5000 2.54529094696 -4999.0 0
47 5000 2.68730092049 -4999.0 0
48 5000 3.01431894302 -4999.0 0
49 5000 3.02560782433 -4999.0 0
0 5000 3.15447592735 -4999.0 0
1 5000 3.25791192055 -4999.0 0
2 5000 3.13807702065 -4999.0 0
3 5000 3.12834787369 -4999.0 0
4 5000 3.22603702545 -4999.0 0
5 5000 3.16702485085 -4999.0 0
6 5000 3.18768906593 -4999.0 0
7 5000 3.11782407761 -4999.0 0
8 5000 3.2808599472 -4999.0 0
9 5000 3.26719689369 -4999.0 0
10 5000 3.1279900074 -4999.0 0
11 5000 3.18357896805 -4999.0 0
12 5000 3.47799491882 -4999.0 0
13 5000 3.44982409477 -4999.0 0
14 5000 3.44440197945 -4999.0 0
15 5000 3.22395396233 -4999.0 0
16 5000 3.10347700119 -4999.0 0
17 5000 3.1747879982 -4999.0 0
18 5000 3.07163786888 -4999.0 0
19 5000 3.12407302856 -4999.0 0
20 5000 2.9561290741 -4999.0 0
21 5000 2.92113614082 -4999.0 0
22 5000 2.91085195541 -4999.0 0
23 5000 2.92484593391 -4999.0 0
24 5000 2.98759889603 -4999.0 0
25 5000 2.9736020565 -4999.0 0
26 5000 2.98346400261 -4999.0 0
27 5000 2.94875884056 -4999.0 0
28 5000 2.96487092972 -4999.0 0
29 5000 2.96786594391 -4999.0 0
30 5000 2.79245710373 -4999.0 0
31 5000 3.19146990776 -4999.0 0
32 5000 3.31848692894 -4999.0 0
33 5000 2.96738386154 -4999.0 0
34 5000 2.87442994118 -4999.0 0
35 5000 2.98248720169 -4999.0 0
36 5000 2.94550085068 -4999.0 0
37 5000 2.80237698555 -4999.0 0
38 5000 2.95215892792 -4999.0 0
39 5000 2.98502278328 -4999.0 0
40 5000 3.13614606857 -4999.0 0
41 5000 3.18099594116 -4999.0 0
42 5000 2.83747696877 -4999.0 0
43 5000 2.78837800026 -4999.0 0
44 5000 2.76844596863 -4999.0 0
45 5000 2.43884587288 -4999.0 0
46 5000 2.36357402802 -4999.0 0
47 5000 2.45325493813 -4999.0 0
48 5000 2.57228088379 -4999.0 0
49 5000 2.55996608734 -4999.0 0
0 2273 1.13035011292 -2271.0 1
1 4558 2.160790205 -4556.0 1
2 5000 2.31127691269 -4999.0 0
3 5000 2.43434000015 -4999.0 0
4 5000 2.43517708778 -4999.0 0
5 5000 2.510212183 -4999.0 0
6 5000 2.4993519783 -4999.0 0
7 5000 2.44224905968 -4999.0 0
8 5000 2.49792504311 -4999.0 0
9 5000 2.57209706306 -4999.0 0
10 5000 2.4358279705 -4999.0 0
11 5000 2.69734406471 -4999.0 0
12 5000 2.71551084518 -4999.0 0
13 5000 2.72438311577 -4999.0 0
14 5000 2.71610593796 -4999.0 0
15 5000 2.71735501289 -4999.0 0
16 5000 2.68637299538 -4999.0 0
17 5000 2.51640915871 -4999.0 0
18 5000 2.44991183281 -4999.0 0
19 5000 2.48135685921 -4999.0 0
20 5000 2.4482820034 -4999.0 0
21 5000 2.37114596367 -4999.0 0
22 5000 2.31046009064 -4999.0 0
23 5000 2.33438205719 -4999.0 0
24 5000 2.36894798279 -4999.0 0
25 5000 2.30963301659 -4999.0 0
26 5000 2.32167005539 -4999.0 0
27 5000 2.40091395378 -4999.0 0
28 5000 2.37237095833 -4999.0 0
29 3888 1.81138801575 -3886.0 1
30 4941 2.28183698654 -4939.0 1
31 5000 2.46493911743 -4999.0 0
32 5000 2.79164195061 -4999.0 0
33 5000 2.96674990654 -4999.0 0
34 5000 2.40016794205 -4999.0 0
35 5000 2.33837914467 -4999.0 0
36 5000 2.32880282402 -4999.0 0
37 5000 2.36271214485 -4999.0 0
38 5000 2.34964704514 -4999.0 0
39 5000 2.57081604004 -4999.0 0
40 5000 2.57182192802 -4999.0 0
41 5000 2.36498093605 -4999.0 0
42 5000 2.35293006897 -4999.0 0
43 5000 2.32897901535 -4999.0 0
44 5000 2.30891513824 -4999.0 0
45 5000 2.3394651413 -4999.0 0
46 4601 2.18183112144 -4599.0 1
47 5000 2.36094784737 -4999.0 0
48 5000 2.33797192574 -4999.0 0
49 5000 2.46585917473 -4999.0 0
0 1076 0.567153930664 -1074.0 1
1 5000 2.41919183731 -4999.0 0
2 5000 2.33871889114 -4999.0 0
3 5000 2.4528670311 -4999.0 0
4 5000 2.44647407532 -4999.0 0
5 5000 2.44661211967 -4999.0 0
6 3790 1.86348390579 -3788.0 1
7 5000 2.46423006058 -4999.0 0
8 4521 2.23319005966 -4519.0 1
9 5000 2.52937912941 -4999.0 0
10 5000 2.42450690269 -4999.0 0
11 5000 2.73284983635 -4999.0 0
12 5000 2.69113302231 -4999.0 0
13 5000 2.66919708252 -4999.0 0
14 3206 1.69940710068 -3204.0 1
15 5000 2.48354077339 -4999.0 0
16 5000 2.45652413368 -4999.0 0
17 5000 2.48524713516 -4999.0 0
18 5000 2.40327787399 -4999.0 0
19 5000 2.42875218391 -4999.0 0
20 5000 2.47692608833 -4999.0 0
21 5000 2.35918283463 -4999.0 0
22 5000 2.45637702942 -4999.0 0
23 5000 2.64424300194 -4999.0 0
24 5000 2.43519592285 -4999.0 0
25 5000 2.84323501587 -4999.0 0
26 5000 2.69488596916 -4999.0 0
27 5000 2.38312602043 -4999.0 0
28 5000 2.44711899757 -4999.0 0
29 5000 2.40322804451 -4999.0 0
30 4730 2.26591181755 -4728.0 1
31 5000 2.34975600243 -4999.0 0
32 5000 2.36589193344 -4999.0 0
33 5000 2.58003997803 -4999.0 0
34 5000 2.60053515434 -4999.0 0
35 5000 2.67467999458 -4999.0 0
36 5000 2.64799809456 -4999.0 0
37 4924 2.60199594498 -4922.0 1
38 4920 2.55723810196 -4918.0 1
39 5000 2.59626913071 -4999.0 0
40 5000 2.47519493103 -4999.0 0
41 5000 2.54815196991 -4999.0 0
42 5000 2.62526702881 -4999.0 0
43 5000 2.5218629837 -4999.0 0
44 5000 2.33653497696 -4999.0 0
45 5000 2.3855278492 -4999.0 0
46 5000 2.30387401581 -4999.0 0
47 3670 1.71933293343 -3668.0 1
48 5000 2.36698913574 -4999.0 0
49 5000 2.30184793472 -4999.0 0
0 584 0.277570009232 -582.0 1
1 375 0.178148031235 -373.0 1
2 2267 1.05893111229 -2265.0 1
3 1493 0.678088903427 -1491.0 1
4 1487 0.697727203369 -1485.0 1
5 1164 0.538347959518 -1162.0 1
6 1334 0.631421089172 -1332.0 1
7 910 0.461524963379 -908.0 1
8 2213 1.17399477959 -2211.0 1
9 1369 0.723562002182 -1367.0 1
10 2283 1.21439504623 -2281.0 1
11 1375 0.681646823883 -1373.0 1
12 2585 1.26653194427 -2583.0 1
13 2697 1.30657291412 -2695.0 1
14 1351 0.656581878662 -1349.0 1
15 2780 1.44958400726 -2778.0 1
16 1728 0.91521191597 -1726.0 1
17 1823 0.963395833969 -1821.0 1
18 2134 1.1263730526 -2132.0 1
19 713 0.375270843506 -711.0 1
20 2170 1.14248394966 -2168.0 1
21 1117 0.555834054947 -1115.0 1
22 3616 1.77352118492 -3614.0 1
23 1725 0.863133907318 -1723.0 1
24 2321 1.14355802536 -2319.0 1
25 1151 0.60297703743 -1149.0 1
26 3228 1.76094222069 -3226.0 1
27 3562 1.94693994522 -3560.0 1
28 2084 1.13308811188 -2082.0 1
29 1351 0.731720924377 -1349.0 1
30 1328 0.719535112381 -1326.0 1
31 5000 2.52867603302 -4999.0 0
32 4265 2.14898896217 -4263.0 1
33 1781 0.882560968399 -1779.0 1
34 1808 0.875982999802 -1806.0 1
35 2289 1.11528778076 -2287.0 1
36 3016 1.45794987679 -3014.0 1
37 2376 1.14314889908 -2374.0 1
38 2957 1.47318315506 -2955.0 1
39 3921 1.97974395752 -3919.0 1
40 1428 0.75674700737 -1426.0 1
41 2442 1.21250200272 -2440.0 1
42 861 0.415689945221 -859.0 1
43 2861 1.45996594429 -2859.0 1
44 1154 0.615607023239 -1152.0 1
45 2335 1.20844578743 -2333.0 1
46 2689 1.34583187103 -2687.0 1
47 2863 1.39715003967 -2861.0 1
48 3192 1.53777694702 -3190.0 1
49 1230 0.612422943115 -1228.0 1
0 1070 0.537101984024 -1068.0 1
1 5000 2.51257681847 -4999.0 0
2 5000 2.48177909851 -4999.0 0
3 5000 2.58950018883 -4999.0 0
4 5000 2.60758590698 -4999.0 0
5 5000 2.66276502609 -4999.0 0
6 5000 2.45140004158 -4999.0 0
7 5000 2.44405603409 -4999.0 0
8 5000 2.47953701019 -4999.0 0
9 5000 2.50066900253 -4999.0 0
10 5000 2.44786500931 -4999.0 0
11 5000 2.42988300323 -4999.0 0
12 5000 2.41617298126 -4999.0 0
13 5000 2.47250795364 -4999.0 0
14 5000 2.43363904953 -4999.0 0
15 5000 2.53675603867 -4999.0 0
16 5000 2.61056399345 -4999.0 0
17 5000 2.62952303886 -4999.0 0
18 5000 2.62516784668 -4999.0 0
19 5000 2.61505103111 -4999.0 0
20 5000 2.58867692947 -4999.0 0
21 4431 2.19998288155 -4429.0 1
22 5000 2.48641610146 -4999.0 0
23 5000 2.4880900383 -4999.0 0
24 5000 2.501693964 -4999.0 0
25 5000 2.49208307266 -4999.0 0
26 4760 2.36735701561 -4758.0 1
27 5000 2.49876594543 -4999.0 0
28 5000 2.49052000046 -4999.0 0
29 5000 2.4651799202 -4999.0 0
30 5000 2.50480818748 -4999.0 0
31 4759 2.36133718491 -4757.0 1
32 4815 2.39091396332 -4813.0 1
33 5000 2.50249099731 -4999.0 0
34 5000 2.42882704735 -4999.0 0
35 5000 2.31019997597 -4999.0 0
36 5000 2.65091395378 -4999.0 0
37 5000 3.40930080414 -4999.0 0
38 5000 2.39461898804 -4999.0 0
39 5000 2.39286208153 -4999.0 0
40 5000 2.32127904892 -4999.0 0
41 5000 2.31123304367 -4999.0 0
42 5000 2.35783410072 -4999.0 0
43 5000 2.32136583328 -4999.0 0
44 5000 2.35660099983 -4999.0 0
45 4784 2.25827407837 -4782.0 1
46 5000 2.33976507187 -4999.0 0
47 5000 2.34025502205 -4999.0 0
48 4835 2.24655604362 -4833.0 1
49 5000 2.48495602608 -4999.0 0
0 842 0.400223970413 -840.0 1
1 237 0.114167928696 -235.0 1
2 411 0.196357965469 -409.0 1
3 323 0.153778076172 -321.0 1
4 1146 0.553086996078 -1144.0 1
5 262 0.12309384346 -260.0 1
6 270 0.133229970932 -268.0 1
7 394 0.19017291069 -392.0 1
8 260 0.125382900238 -258.0 1
9 284 0.133015871048 -282.0 1
10 270 0.128741025925 -268.0 1
11 270 0.12664604187 -268.0 1
12 451 0.21496796608 -449.0 1
13 268 0.123966932297 -266.0 1
14 270 0.128356933594 -268.0 1
15 270 0.129545927048 -268.0 1
16 270 0.126556158066 -268.0 1
17 477 0.226754903793 -475.0 1
18 2427 1.15862417221 -2425.0 1
19 2421 1.25586414337 -2419.0 1
20 247 0.128288030624 -245.0 1
21 614 0.338052988052 -612.0 1
22 279 0.154123067856 -277.0 1
23 602 0.330363035202 -600.0 1
24 265 0.143953800201 -263.0 1
25 282 0.154313087463 -280.0 1
26 380 0.208758115768 -378.0 1
27 270 0.14590883255 -268.0 1
28 277 0.145735025406 -275.0 1
29 318 0.165522098541 -316.0 1
30 209 0.112481117249 -207.0 1
31 325 0.175018072128 -323.0 1
32 258 0.13832116127 -256.0 1
33 276 0.148586988449 -274.0 1
34 787 0.420192956924 -785.0 1
35 855 0.461920976639 -853.0 1
36 265 0.142911911011 -263.0 1
37 258 0.138697862625 -256.0 1
38 270 0.13737988472 -268.0 1
39 193 0.103833198547 -191.0 1
40 270 0.144464015961 -268.0 1
41 270 0.145433187485 -268.0 1
42 270 0.143633842468 -268.0 1
43 288 0.155079126358 -286.0 1
44 270 0.145221948624 -268.0 1
45 1373 0.742625951767 -1371.0 1
46 769 0.411685943604 -767.0 1
47 270 0.141038179398 -268.0 1
48 911 0.461099863052 -909.0 1
49 716 0.357333898544 -714.0 1
