trial, number of steps, runtime, accumulated reward, termination
0 5000 2.09353303909 4999.0 0
1 19 0.00555300712585 16.0 1
2 25 0.00979995727539 22.0 1
3 9 0.00262594223022 6.0 1
4 5000 2.16645812988 4999.0 0
5 739 0.316051006317 736.0 1
6 48 0.0203890800476 45.0 1
7 9 0.00359296798706 6.0 1
8 35 0.0145449638367 32.0 1
9 8 0.00312113761902 5.0 1
10 160 0.0649709701538 157.0 1
11 259 0.112739086151 256.0 1
12 8 0.00305700302124 5.0 1
13 5000 2.12888503075 4999.0 0
14 3682 1.54809617996 3679.0 1
15 9 0.00349497795105 6.0 1
16 19 0.00793194770813 16.0 1
17 69 0.0289211273193 66.0 1
18 67 0.0284910202026 64.0 1
19 11 0.00436401367188 8.0 1
20 40 0.0174949169159 37.0 1
21 10 0.00410199165344 7.0 1
22 16 0.00622987747192 13.0 1
23 11 0.00442385673523 8.0 1
24 16 0.00669813156128 13.0 1
25 9 0.00336384773254 6.0 1
26 10 0.00394201278687 7.0 1
27 9 0.00358510017395 6.0 1
28 11 0.00448203086853 8.0 1
29 12 0.00485992431641 9.0 1
30 11 0.00447988510132 8.0 1
31 11 0.00439095497131 8.0 1
32 14 0.00587201118469 11.0 1
33 9 0.00358414649963 6.0 1
34 10 0.00394988059998 7.0 1
35 11 0.00444102287292 8.0 1
36 8 0.00315999984741 5.0 1
37 11 0.00416398048401 8.0 1
38 17 0.00701713562012 14.0 1
39 8 0.00317192077637 5.0 1
40 10 0.00381803512573 7.0 1
41 32 0.0129950046539 29.0 1
42 11 0.00382304191589 8.0 1
43 11 0.00300192832947 8.0 1
44 10 0.00402402877808 7.0 1
45 10 0.00395703315735 7.0 1
46 9 0.00359296798706 6.0 1
47 11 0.00431108474731 8.0 1
48 11 0.00321888923645 8.0 1
49 10 0.00398802757263 7.0 1
0 125 0.0540370941162 122.0 1
1 23 0.00991487503052 20.0 1
2 135 0.0552880764008 132.0 1
3 13 0.00336408615112 10.0 1
4 97 0.0276229381561 94.0 1
5 66 0.0260920524597 63.0 1
6 315 0.132251024246 312.0 1
7 38 0.0158460140228 35.0 1
8 14 0.0056471824646 11.0 1
9 11 0.00447487831116 8.0 1
10 1697 0.707875967026 1694.0 1
11 29 0.0122611522675 26.0 1
12 13 0.00535488128662 10.0 1
13 38 0.0159361362457 35.0 1
14 12 0.00461792945862 9.0 1
15 33 0.0138437747955 30.0 1
16 9 0.00336003303528 6.0 1
17 8 0.00316786766052 5.0 1
18 4308 1.83300685883 4305.0 1
19 34 0.0131928920746 31.0 1
20 24 0.00879216194153 21.0 1
21 8 0.00313782691956 5.0 1
22 11 0.0040020942688 8.0 1
23 86 0.0351219177246 83.0 1
24 26 0.00861406326294 23.0 1
25 9 0.00318598747253 6.0 1
26 14 0.00564908981323 11.0 1
27 14 0.00568604469299 11.0 1
28 21 0.00861191749573 18.0 1
29 22 0.00874590873718 19.0 1
30 22 0.00869107246399 19.0 1
31 19 0.0080029964447 16.0 1
32 13 0.00540995597839 10.0 1
33 10 0.00398898124695 7.0 1
34 21 0.00830101966858 18.0 1
35 9 0.00351691246033 6.0 1
36 10 0.00403594970703 7.0 1
37 19 0.00641512870789 16.0 1
38 21 0.00838708877563 18.0 1
39 8 0.00325202941895 5.0 1
40 9 0.00382804870605 6.0 1
41 9 0.00358104705811 6.0 1
42 8 0.00277900695801 5.0 1
43 10 0.00386381149292 7.0 1
44 11 0.00394105911255 8.0 1
45 11 0.00443816184998 8.0 1
46 49 0.0207469463348 46.0 1
47 10 0.00393295288086 7.0 1
48 8 0.00285196304321 5.0 1
49 10 0.0042622089386 7.0 1
0 102 0.0446128845215 99.0 1
1 12 0.00474715232849 9.0 1
2 11 0.00417399406433 8.0 1
3 34 0.0142531394958 31.0 1
4 10 0.0039279460907 7.0 1
5 561 0.241392850876 558.0 1
6 10 0.00373792648315 7.0 1
7 5000 2.11067295074 4999.0 0
8 15 0.00633120536804 12.0 1
9 10 0.00397610664368 7.0 1
10 9 0.00364208221436 6.0 1
11 29 0.00933194160461 26.0 1
12 12 0.00450611114502 9.0 1
13 4351 1.8428800106 4348.0 1
14 9 0.00357294082642 6.0 1
15 10 0.00374698638916 7.0 1
16 104 0.0440928936005 101.0 1
17 187 0.0742440223694 184.0 1
18 18 0.00708389282227 15.0 1
19 1531 0.63995718956 1528.0 1
20 232 0.0977900028229 229.0 1
21 278 0.124717950821 275.0 1
22 192 0.0853350162506 189.0 1
23 136 0.0594708919525 133.0 1
24 136 0.052973985672 133.0 1
25 140 0.0591509342194 137.0 1
26 123 0.049712896347 120.0 1
27 141 0.0613169670105 138.0 1
28 130 0.0567848682404 127.0 1
29 116 0.0508840084076 113.0 1
30 129 0.0558187961578 126.0 1
31 120 0.0519669055939 117.0 1
32 122 0.052081823349 119.0 1
33 105 0.0487360954285 102.0 1
34 102 0.0433850288391 99.0 1
35 109 0.0455350875854 106.0 1
36 105 0.0450069904327 102.0 1
37 98 0.0418131351471 95.0 1
38 8 0.00304818153381 5.0 1
39 90 0.0388190746307 87.0 1
40 95 0.0405812263489 92.0 1
41 91 0.0388870239258 88.0 1
42 82 0.0365099906921 79.0 1
43 83 0.0352811813354 80.0 1
44 93 0.0398030281067 90.0 1
45 87 0.0384719371796 84.0 1
46 79 0.0337719917297 76.0 1
47 82 0.0342578887939 79.0 1
48 85 0.0357918739319 82.0 1
49 86 0.0368530750275 83.0 1
0 432 0.184587001801 429.0 1
1 12 0.00498294830322 9.0 1
2 10 0.00403022766113 7.0 1
3 2032 0.880154848099 2029.0 1
4 28 0.012109041214 25.0 1
5 34 0.0144650936127 31.0 1
6 30 0.0126910209656 27.0 1
7 52 0.0196118354797 49.0 1
8 13 0.00515699386597 10.0 1
9 9 0.00341391563416 6.0 1
10 10 0.00407600402832 7.0 1
11 11 0.00449919700623 8.0 1
12 10 0.00386500358582 7.0 1
13 8 0.0031099319458 5.0 1
14 11 0.00435996055603 8.0 1
15 13 0.00532793998718 10.0 1
16 13 0.00540018081665 10.0 1
17 9 0.00368285179138 6.0 1
18 10 0.00400900840759 7.0 1
19 9 0.00368094444275 6.0 1
20 14 0.00588011741638 11.0 1
21 11 0.00448703765869 8.0 1
22 8 0.00318884849548 5.0 1
23 10 0.00407409667969 7.0 1
24 11 0.00449204444885 8.0 1
25 11 0.00443196296692 8.0 1
26 11 0.00458717346191 8.0 1
27 9 0.00358414649963 6.0 1
28 10 0.0040500164032 7.0 1
29 10 0.00401401519775 7.0 1
30 17 0.00705003738403 14.0 1
31 9 0.00292587280273 6.0 1
32 13 0.00478005409241 10.0 1
33 13 0.00541210174561 10.0 1
34 10 0.00402808189392 7.0 1
35 13 0.00529789924622 10.0 1
36 13 0.00533199310303 10.0 1
37 9 0.00358104705811 6.0 1
38 9 0.00356698036194 6.0 1
39 13 0.00535607337952 10.0 1
40 14 0.005695104599 11.0 1
41 8 0.00311994552612 5.0 1
42 10 0.00399208068848 7.0 1
43 9 0.00356388092041 6.0 1
44 11 0.00438594818115 8.0 1
45 14 0.00558805465698 11.0 1
46 12 0.00410103797913 9.0 1
47 10 0.00394177436829 7.0 1
48 9 0.00353312492371 6.0 1
49 13 0.00523614883423 10.0 1
0 131 0.0559568405151 128.0 1
1 149 0.0642988681793 146.0 1
2 14 0.00579595565796 11.0 1
3 284 0.121435880661 281.0 1
4 669 0.284290075302 666.0 1
5 10 0.00382399559021 7.0 1
6 13 0.00505709648132 10.0 1
7 95 0.0395319461823 92.0 1
8 5000 2.16589093208 4999.0 0
9 15 0.00524687767029 12.0 1
10 11 0.00352001190186 8.0 1
11 11 0.00335907936096 8.0 1
12 8 0.00201892852783 5.0 1
13 12 0.00376105308533 9.0 1
14 10 0.00339412689209 7.0 1
15 8 0.00325107574463 5.0 1
16 67 0.0273909568787 64.0 1
17 57 0.024631023407 54.0 1
18 23 0.00948095321655 20.0 1
19 11 0.00451803207397 8.0 1
20 16 0.00419998168945 13.0 1
21 20 0.00664114952087 17.0 1
22 21 0.00876998901367 18.0 1
23 18 0.00699782371521 15.0 1
24 23 0.00958704948425 20.0 1
25 14 0.00548100471497 11.0 1
26 10 0.00395202636719 7.0 1
27 10 0.00395488739014 7.0 1
28 10 0.00395679473877 7.0 1
29 8 0.00316095352173 5.0 1
30 9 0.00350093841553 6.0 1
31 16 0.00687193870544 13.0 1
32 9 0.00355100631714 6.0 1
33 10 0.00391387939453 7.0 1
34 14 0.00538992881775 11.0 1
35 22 0.00797200202942 19.0 1
36 13 0.00439095497131 10.0 1
37 20 0.00751614570618 17.0 1
38 12 0.00409007072449 9.0 1
39 8 0.00304508209229 5.0 1
40 14 0.0055980682373 11.0 1
41 17 0.00697088241577 14.0 1
42 12 0.00490713119507 9.0 1
43 15 0.0055730342865 12.0 1
44 12 0.00463104248047 9.0 1
45 9 0.00332903862 6.0 1
46 15 0.00558614730835 12.0 1
47 8 0.0031418800354 5.0 1
48 17 0.00662088394165 14.0 1
49 15 0.00598907470703 12.0 1
0 108 0.0466020107269 105.0 1
1 15 0.00620317459106 12.0 1
2 30 0.0127229690552 27.0 1
3 10 0.00404000282288 7.0 1
4 3238 1.3866019249 3235.0 1
5 13 0.00515007972717 10.0 1
6 14 0.00562810897827 11.0 1
7 15 0.00605702400208 12.0 1
8 9 0.00349092483521 6.0 1
9 12 0.00474500656128 9.0 1
10 113 0.0472550392151 110.0 1
11 203 0.0831201076508 200.0 1
12 272 0.116046905518 269.0 1
13 4337 1.84826207161 4334.0 1
14 18 0.00739312171936 15.0 1
15 11 0.00441288948059 8.0 1
16 11 0.00436902046204 8.0 1
17 15 0.00612187385559 12.0 1
18 8 0.00314712524414 5.0 1
19 12 0.0048999786377 9.0 1
20 9 0.00335597991943 6.0 1
21 8 0.00313711166382 5.0 1
22 8 0.00311493873596 5.0 1
23 176 0.0736780166626 173.0 1
24 14 0.00583815574646 11.0 1
25 8 0.00326299667358 5.0 1
26 5000 2.16049408913 4999.0 0
27 241 0.111448049545 238.0 1
28 12 0.00517392158508 9.0 1
29 24 0.0107669830322 21.0 1
30 9 0.00378704071045 6.0 1
31 16 0.00707411766052 13.0 1
32 9 0.00375413894653 6.0 1
33 8 0.00330090522766 5.0 1
34 8 0.00328803062439 5.0 1
35 10 0.00425291061401 7.0 1
36 9 0.00373983383179 6.0 1
37 12 0.00512790679932 9.0 1
38 9 0.00382280349731 6.0 1
39 53 0.0241680145264 50.0 1
40 10 0.00425601005554 7.0 1
41 10 0.00420713424683 7.0 1
42 22 0.00978112220764 19.0 1
43 18 0.0079607963562 15.0 1
44 23 0.0102789402008 20.0 1
45 13 0.00564384460449 10.0 1
46 10 0.00422883033752 7.0 1
47 11 0.00469493865967 8.0 1
48 9 0.00375509262085 6.0 1
49 15 0.00656318664551 12.0 1
0 195 0.0919549465179 192.0 1
1 14 0.00615000724792 11.0 1
2 1555 0.694609165192 1552.0 1
3 15 0.00597882270813 12.0 1
4 12 0.00479507446289 9.0 1
5 15 0.00615000724792 12.0 1
6 62 0.0264489650726 59.0 1
7 27 0.0109879970551 24.0 1
8 10 0.00332713127136 7.0 1
9 31 0.0131731033325 28.0 1
10 9 0.00342202186584 6.0 1
11 19 0.00792598724365 16.0 1
12 13 0.00513005256653 10.0 1
13 12 0.00476694107056 9.0 1
14 39 0.016410112381 36.0 1
15 10 0.00394797325134 7.0 1
16 9 0.00351405143738 6.0 1
17 11 0.00432085990906 8.0 1
18 10 0.00393199920654 7.0 1
19 9 0.00347304344177 6.0 1
20 19 0.00773096084595 16.0 1
21 11 0.00430393218994 8.0 1
22 22 0.00909900665283 19.0 1
23 8 0.00301599502563 5.0 1
24 11 0.00469517707825 8.0 1
25 17 0.00706696510315 14.0 1
26 11 0.00446510314941 8.0 1
27 9 0.00355195999146 6.0 1
28 10 0.00435996055603 7.0 1
29 9 0.00390195846558 6.0 1
30 8 0.00342416763306 5.0 1
31 17 0.00777220726013 14.0 1
32 13 0.00592303276062 10.0 1
33 9 0.00394916534424 6.0 1
34 9 0.00391387939453 6.0 1
35 15 0.00678896903992 12.0 1
36 13 0.00580596923828 10.0 1
37 9 0.00394606590271 6.0 1
38 10 0.00434899330139 7.0 1
39 9 0.00392007827759 6.0 1
40 11 0.00482583045959 8.0 1
41 15 0.00687384605408 12.0 1
42 8 0.00345587730408 5.0 1
43 13 0.00581288337708 10.0 1
44 9 0.0038959980011 6.0 1
45 13 0.00586199760437 10.0 1
46 15 0.00676202774048 12.0 1
47 11 0.00493502616882 8.0 1
48 14 0.00635695457458 11.0 1
49 10 0.00439310073853 7.0 1
0 4361 2.10503411293 4358.0 1
1 25 0.011677980423 22.0 1
2 13 0.00586891174316 10.0 1
3 38 0.0176949501038 35.0 1
4 25 0.0116300582886 22.0 1
5 16 0.00721001625061 13.0 1
6 42 0.0197279453278 39.0 1
7 21 0.00975203514099 18.0 1
8 10 0.00436902046204 7.0 1
9 19 0.00873398780823 16.0 1
10 8 0.00341200828552 5.0 1
11 15 0.00680804252625 12.0 1
12 11 0.00487399101257 8.0 1
13 16 0.00729084014893 13.0 1
14 10 0.00440692901611 7.0 1
15 9 0.00390720367432 6.0 1
16 16 0.00723314285278 13.0 1
17 12 0.00531888008118 9.0 1
18 9 0.00391221046448 6.0 1
19 13 0.00583481788635 10.0 1
20 10 0.00441288948059 7.0 1
21 19 0.00875306129456 16.0 1
22 12 0.00534701347351 9.0 1
23 9 0.00389003753662 6.0 1
24 16 0.00730919837952 13.0 1
25 9 0.00391602516174 6.0 1
26 20 0.00914883613586 17.0 1
27 12 0.00535082817078 9.0 1
28 12 0.00534796714783 9.0 1
29 11 0.0048680305481 8.0 1
30 21 0.00963711738586 18.0 1
31 9 0.00390815734863 6.0 1
32 21 0.00967478752136 18.0 1
33 9 0.00390005111694 6.0 1
34 15 0.00685715675354 12.0 1
35 9 0.00394892692566 6.0 1
36 25 0.0115511417389 22.0 1
37 9 0.00388503074646 6.0 1
38 9 0.00389194488525 6.0 1
39 17 0.00779008865356 14.0 1
40 17 0.0078239440918 14.0 1
41 11 0.00488805770874 8.0 1
42 16 0.00730895996094 13.0 1
43 11 0.00477886199951 8.0 1
44 9 0.00399994850159 6.0 1
45 15 0.00675797462463 12.0 1
46 9 0.00392198562622 6.0 1
47 14 0.00625610351562 11.0 1
48 12 0.00539588928223 9.0 1
49 13 0.00581097602844 10.0 1
0 478 0.215327978134 475.0 1
1 5000 2.16433906555 4999.0 0
2 335 0.146862983704 332.0 1
3 8 0.00316190719604 5.0 1
4 11 0.00441908836365 8.0 1
5 10 0.00385808944702 7.0 1
6 10 0.00315308570862 7.0 1
7 9 0.00293207168579 6.0 1
8 9 0.00358986854553 6.0 1
9 49 0.0207719802856 46.0 1
10 8 0.003005027771 5.0 1
11 35 0.0145950317383 32.0 1
12 9 0.00359296798706 6.0 1
13 20 0.0081639289856 17.0 1
14 17 0.00696802139282 14.0 1
15 10 0.00388383865356 7.0 1
16 8 0.00311994552612 5.0 1
17 10 0.00394010543823 7.0 1
18 19 0.00766897201538 16.0 1
19 14 0.00556516647339 11.0 1
20 10 0.00378894805908 7.0 1
21 25 0.0101990699768 22.0 1
22 9 0.00349593162537 6.0 1
23 10 0.00389695167542 7.0 1
24 17 0.00693297386169 14.0 1
25 10 0.0039119720459 7.0 1
26 13 0.00530695915222 10.0 1
27 9 0.00351715087891 6.0 1
28 15 0.00615406036377 12.0 1
29 9 0.00353598594666 6.0 1
30 9 0.00353503227234 6.0 1
31 15 0.00615692138672 12.0 1
32 15 0.00602388381958 12.0 1
33 11 0.00427889823914 8.0 1
34 10 0.00393104553223 7.0 1
35 9 0.00348806381226 6.0 1
36 15 0.00609183311462 12.0 1
37 15 0.0060031414032 12.0 1
38 8 0.00300908088684 5.0 1
39 13 0.00514602661133 10.0 1
40 9 0.00359487533569 6.0 1
41 10 0.00393390655518 7.0 1
42 13 0.0051589012146 10.0 1
43 9 0.00339603424072 6.0 1
44 10 0.00387287139893 7.0 1
45 13 0.0052011013031 10.0 1
46 10 0.0039598941803 7.0 1
47 13 0.00529003143311 10.0 1
48 10 0.0038628578186 7.0 1
49 14 0.00567293167114 11.0 1
0 183 0.0778760910034 180.0 1
1 44 0.0186400413513 41.0 1
2 71 0.0298810005188 68.0 1
3 171 0.0765330791473 168.0 1
4 213 0.0925390720367 210.0 1
5 250 0.105164051056 247.0 1
6 5000 2.10416007042 4999.0 0
7 30 0.0120379924774 27.0 1
8 12 0.00487303733826 9.0 1
9 12 0.00486898422241 9.0 1
10 105 0.0452229976654 102.0 1
11 9 0.0035879611969 6.0 1
12 297 0.123385906219 294.0 1
13 5000 2.16570091248 4999.0 0
14 697 0.320038080215 694.0 1
15 5000 2.24161100388 4999.0 0
16 47 0.0199491977692 44.0 1
17 30 0.0124959945679 27.0 1
18 12 0.00475716590881 9.0 1
19 10 0.00324606895447 7.0 1
20 8 0.00199413299561 5.0 1
21 87 0.0237832069397 84.0 1
22 74 0.0304009914398 71.0 1
23 10 0.00391697883606 7.0 1
24 21 0.00852394104004 18.0 1
25 87 0.0370759963989 84.0 1
26 9 0.00345301628113 6.0 1
27 58 0.0245931148529 55.0 1
28 18 0.00743818283081 15.0 1
29 74 0.0316469669342 71.0 1
30 8 0.00307297706604 5.0 1
31 8 0.00313591957092 5.0 1
32 85 0.0364620685577 82.0 1
33 37 0.0151929855347 34.0 1
34 8 0.00306010246277 5.0 1
35 104 0.0445058345795 101.0 1
36 20 0.00832581520081 17.0 1
37 8 0.00314617156982 5.0 1
38 83 0.0354528427124 80.0 1
39 5000 2.1284160614 4999.0 0
40 29 0.0119090080261 26.0 1
41 25 0.0103840827942 22.0 1
42 5000 2.13035082817 4999.0 0
43 5000 2.1535680294 4999.0 0
44 5000 2.30420780182 4999.0 0
45 748 0.342657089233 745.0 1
46 11 0.00465202331543 8.0 1
47 11 0.00469899177551 8.0 1
48 12 0.00520896911621 9.0 1
49 9 0.00395703315735 6.0 1
