trial, number of steps, runtime, accumulated reward, termination
0 10 0.00539588928223 7.0 1
1 8 0.00392913818359 5.0 1
2 9 0.00426697731018 6.0 1
3 9 0.00423812866211 6.0 1
4 9 0.00438714027405 6.0 1
5 9 0.00447082519531 6.0 1
6 9 0.00432395935059 6.0 1
7 8 0.00402998924255 5.0 1
8 8 0.0037522315979 5.0 1
9 10 0.00485301017761 7.0 1
10 8 0.00378203392029 5.0 1
11 10 0.00486993789673 7.0 1
12 8 0.00376415252686 5.0 1
13 11 0.00536799430847 8.0 1
14 9 0.00433492660522 6.0 1
15 9 0.00426387786865 6.0 1
16 10 0.00496482849121 7.0 1
17 9 0.00432205200195 6.0 1
18 10 0.00481796264648 7.0 1
19 8 0.00390100479126 5.0 1
20 12 0.00588417053223 9.0 1
21 9 0.00434398651123 6.0 1
22 9 0.00432801246643 6.0 1
23 9 0.0044469833374 6.0 1
24 11 0.00546193122864 8.0 1
25 10 0.00494599342346 7.0 1
26 9 0.004390001297 6.0 1
27 12 0.00615000724792 9.0 1
28 10 0.00487112998962 7.0 1
29 9 0.00433897972107 6.0 1
30 10 0.0048930644989 7.0 1
31 10 0.00639009475708 7.0 1
32 10 0.00503993034363 7.0 1
33 11 0.00556206703186 8.0 1
34 9 0.00440192222595 6.0 1
35 11 0.0053551197052 8.0 1
36 8 0.00380301475525 5.0 1
37 11 0.00537395477295 8.0 1
38 11 0.00535917282104 8.0 1
39 12 0.00607085227966 9.0 1
40 10 0.00489497184753 7.0 1
41 10 0.00483703613281 7.0 1
42 9 0.00435400009155 6.0 1
43 9 0.00437378883362 6.0 1
44 11 0.00533699989319 8.0 1
45 8 0.00374507904053 5.0 1
46 10 0.00485301017761 7.0 1
47 9 0.0043261051178 6.0 1
48 12 0.00588798522949 9.0 1
49 8 0.00375604629517 5.0 1
0 9 0.00473308563232 6.0 1
1 10 0.00486993789673 7.0 1
2 9 0.00438094139099 6.0 1
3 10 0.00479412078857 7.0 1
4 8 0.00377702713013 5.0 1
5 10 0.00480318069458 7.0 1
6 11 0.00534987449646 8.0 1
7 12 0.00580215454102 9.0 1
8 8 0.00374603271484 5.0 1
9 10 0.00478219985962 7.0 1
10 12 0.00586795806885 9.0 1
11 10 0.0049102306366 7.0 1
12 11 0.00536417961121 8.0 1
13 11 0.00538396835327 8.0 1
14 12 0.00604701042175 9.0 1
15 11 0.00532603263855 8.0 1
16 10 0.00492691993713 7.0 1
17 10 0.00487112998962 7.0 1
18 8 0.00383615493774 5.0 1
19 10 0.00490808486938 7.0 1
20 12 0.00579810142517 9.0 1
21 10 0.00479793548584 7.0 1
22 12 0.00579500198364 9.0 1
23 11 0.00538897514343 8.0 1
24 11 0.00540590286255 8.0 1
25 12 0.00579786300659 9.0 1
26 10 0.00465297698975 7.0 1
27 12 0.0057270526886 9.0 1
28 12 0.00569486618042 9.0 1
29 11 0.00516200065613 8.0 1
30 8 0.00368213653564 5.0 1
31 10 0.00467109680176 7.0 1
32 8 0.00366401672363 5.0 1
33 8 0.00366687774658 5.0 1
34 8 0.00363206863403 5.0 1
35 10 0.00476312637329 7.0 1
36 9 0.00429391860962 6.0 1
37 8 0.00385904312134 5.0 1
38 9 0.00432085990906 6.0 1
39 11 0.00532698631287 8.0 1
40 8 0.00460815429688 5.0 1
41 8 0.00383305549622 5.0 1
42 12 0.00601506233215 9.0 1
43 12 0.00578999519348 9.0 1
44 12 0.00571012496948 9.0 1
45 10 0.00499510765076 7.0 1
46 9 0.00440502166748 6.0 1
47 9 0.00430297851562 6.0 1
48 10 0.00477600097656 7.0 1
49 10 0.00472807884216 7.0 1
0 8 0.00515723228455 5.0 1
1 10 0.00489401817322 7.0 1
2 10 0.00485801696777 7.0 1
3 11 0.00532102584839 8.0 1
4 11 0.00542497634888 8.0 1
5 9 0.00439190864563 6.0 1
6 14 0.00679302215576 11.0 1
7 12 0.00574398040771 9.0 1
8 10 0.0048201084137 7.0 1
9 9 0.0042188167572 6.0 1
10 13 0.0062849521637 10.0 1
11 13 0.00625705718994 10.0 1
12 9 0.00427389144897 6.0 1
13 11 0.00519704818726 8.0 1
14 10 0.00563597679138 7.0 1
15 11 0.00554013252258 8.0 1
16 11 0.0056140422821 8.0 1
17 9 0.00431704521179 6.0 1
18 12 0.00588202476501 9.0 1
19 10 0.00474715232849 7.0 1
20 9 0.00432896614075 6.0 1
21 8 0.00394105911255 5.0 1
22 12 0.00599908828735 9.0 1
23 9 0.00434803962708 6.0 1
24 11 0.00525999069214 8.0 1
25 12 0.00567817687988 9.0 1
26 11 0.00547099113464 8.0 1
27 9 0.00446796417236 6.0 1
28 12 0.00581812858582 9.0 1
29 8 0.00365519523621 5.0 1
30 10 0.00471305847168 7.0 1
31 12 0.00569987297058 9.0 1
32 9 0.0042200088501 6.0 1
33 13 0.00659489631653 10.0 1
34 9 0.00440001487732 6.0 1
35 12 0.0058159828186 9.0 1
36 8 0.00378489494324 5.0 1
37 10 0.00488591194153 7.0 1
38 11 0.00522494316101 8.0 1
39 9 0.00431799888611 6.0 1
40 11 0.00536799430847 8.0 1
41 8 0.00379610061646 5.0 1
42 8 0.00369501113892 5.0 1
43 10 0.00482892990112 7.0 1
44 9 0.00429797172546 6.0 1
45 10 0.00484800338745 7.0 1
46 8 0.00372004508972 5.0 1
47 10 0.00477600097656 7.0 1
48 9 0.00430297851562 6.0 1
49 12 0.00579190254211 9.0 1
0 12 0.00637006759644 9.0 1
1 12 0.0060248374939 9.0 1
2 11 0.00530004501343 8.0 1
3 14 0.00683498382568 11.0 1
4 11 0.00529098510742 8.0 1
5 10 0.0048999786377 7.0 1
6 9 0.00435709953308 6.0 1
7 12 0.00587105751038 9.0 1
8 9 0.00430703163147 6.0 1
9 10 0.00485301017761 7.0 1
10 12 0.00585317611694 9.0 1
11 8 0.00379800796509 5.0 1
12 12 0.00585293769836 9.0 1
13 10 0.00480794906616 7.0 1
14 12 0.00583505630493 9.0 1
15 12 0.00596284866333 9.0 1
16 9 0.00424408912659 6.0 1
17 12 0.00584697723389 9.0 1
18 12 0.00575184822083 9.0 1
19 12 0.00577187538147 9.0 1
20 11 0.0052318572998 8.0 1
21 13 0.00632905960083 10.0 1
22 8 0.00363898277283 5.0 1
23 12 0.00563502311707 9.0 1
24 12 0.0056848526001 9.0 1
25 9 0.00417590141296 6.0 1
26 11 0.00513386726379 8.0 1
27 10 0.0047709941864 7.0 1
28 13 0.00639390945435 10.0 1
29 9 0.0043261051178 6.0 1
30 8 0.00391507148743 5.0 1
31 12 0.00603103637695 9.0 1
32 11 0.00534796714783 8.0 1
33 11 0.00541090965271 8.0 1
34 12 0.00597310066223 9.0 1
35 10 0.00495100021362 7.0 1
36 13 0.00707006454468 10.0 1
37 12 0.00611710548401 9.0 1
38 11 0.00549411773682 8.0 1
39 12 0.00585889816284 9.0 1
40 13 0.00640606880188 10.0 1
41 12 0.00590586662292 9.0 1
42 8 0.00393891334534 5.0 1
43 11 0.00539588928223 8.0 1
44 8 0.00386691093445 5.0 1
45 10 0.0048291683197 7.0 1
46 12 0.00594401359558 9.0 1
47 11 0.0054030418396 8.0 1
48 10 0.00513792037964 7.0 1
49 10 0.00490808486938 7.0 1
0 12 0.00660109519958 9.0 1
1 10 0.00499391555786 7.0 1
2 13 0.00662994384766 10.0 1
3 9 0.00448703765869 6.0 1
4 12 0.00605893135071 9.0 1
5 11 0.0056300163269 8.0 1
6 11 0.00552177429199 8.0 1
7 10 0.0050220489502 7.0 1
8 12 0.00589489936829 9.0 1
9 12 0.00598883628845 9.0 1
10 12 0.0059859752655 9.0 1
11 9 0.00437617301941 6.0 1
12 10 0.00497794151306 7.0 1
13 12 0.00591492652893 9.0 1
14 11 0.00538492202759 8.0 1
15 12 0.00598502159119 9.0 1
16 12 0.00600600242615 9.0 1
17 12 0.00603890419006 9.0 1
18 8 0.0038800239563 5.0 1
19 10 0.00492119789124 7.0 1
20 8 0.00550293922424 5.0 1
21 11 0.00608706474304 8.0 1
22 10 0.00494289398193 7.0 1
23 12 0.00610208511353 9.0 1
24 8 0.00394988059998 5.0 1
25 9 0.00446796417236 6.0 1
26 9 0.00443506240845 6.0 1
27 9 0.00511002540588 6.0 1
28 12 0.00624704360962 9.0 1
29 9 0.0044629573822 6.0 1
30 12 0.00608110427856 9.0 1
31 12 0.00596809387207 9.0 1
32 12 0.00597500801086 9.0 1
33 12 0.00598096847534 9.0 1
34 8 0.00385499000549 5.0 1
35 10 0.0048999786377 7.0 1
36 9 0.00451898574829 6.0 1
37 8 0.00395894050598 5.0 1
38 9 0.00442481040955 6.0 1
39 10 0.00499200820923 7.0 1
40 8 0.00390887260437 5.0 1
41 8 0.00393390655518 5.0 1
42 8 0.00392699241638 5.0 1
43 10 0.00489687919617 7.0 1
44 12 0.00624704360962 9.0 1
45 10 0.00498008728027 7.0 1
46 11 0.00565814971924 8.0 1
47 12 0.0061149597168 9.0 1
48 11 0.00552892684937 8.0 1
49 11 0.00547504425049 8.0 1
0 9 0.00474095344543 6.0 1
1 12 0.00612092018127 9.0 1
2 11 0.00552606582642 8.0 1
3 11 0.00567603111267 8.0 1
4 9 0.00433802604675 6.0 1
5 11 0.00543117523193 8.0 1
6 8 0.0039050579071 5.0 1
7 9 0.00444388389587 6.0 1
8 12 0.00600290298462 9.0 1
9 8 0.00389194488525 5.0 1
10 11 0.00552701950073 8.0 1
11 9 0.00451302528381 6.0 1
12 11 0.00553894042969 8.0 1
13 10 0.00510096549988 7.0 1
14 11 0.00567889213562 8.0 1
15 13 0.00647711753845 10.0 1
16 10 0.00495314598083 7.0 1
17 11 0.00546097755432 8.0 1
18 11 0.00556588172913 8.0 1
19 12 0.0060658454895 9.0 1
20 9 0.00450611114502 6.0 1
21 8 0.00388407707214 5.0 1
22 13 0.00669598579407 10.0 1
23 10 0.00498580932617 7.0 1
24 9 0.00468492507935 6.0 1
25 13 0.00664091110229 10.0 1
26 9 0.00436902046204 6.0 1
27 12 0.00601506233215 9.0 1
28 10 0.00502109527588 7.0 1
29 9 0.00446915626526 6.0 1
30 15 0.00759196281433 12.0 1
31 11 0.00550389289856 8.0 1
32 8 0.0038058757782 5.0 1
33 10 0.00502800941467 7.0 1
34 8 0.00390791893005 5.0 1
35 12 0.00607013702393 9.0 1
36 11 0.00561904907227 8.0 1
37 9 0.00445890426636 6.0 1
38 11 0.00551199913025 8.0 1
39 11 0.00542402267456 8.0 1
40 13 0.00658893585205 10.0 1
41 11 0.00546407699585 8.0 1
42 12 0.00641798973083 9.0 1
43 9 0.00449109077454 6.0 1
44 9 0.0043740272522 6.0 1
45 9 0.00452709197998 6.0 1
46 8 0.00390887260437 5.0 1
47 8 0.00394177436829 5.0 1
48 8 0.00386786460876 5.0 1
49 11 0.00542187690735 8.0 1
0 8 0.00427293777466 5.0 1
1 8 0.00398087501526 5.0 1
2 8 0.00399398803711 5.0 1
3 9 0.004558801651 6.0 1
4 8 0.00390696525574 5.0 1
5 8 0.00406789779663 5.0 1
6 9 0.00444793701172 6.0 1
7 10 0.00495505332947 7.0 1
8 8 0.00392508506775 5.0 1
9 10 0.0049831867218 7.0 1
10 8 0.00409698486328 5.0 1
11 10 0.00494813919067 7.0 1
12 8 0.00390696525574 5.0 1
13 9 0.00447988510132 6.0 1
14 10 0.00496912002563 7.0 1
15 8 0.00387215614319 5.0 1
16 8 0.00382208824158 5.0 1
17 8 0.00387501716614 5.0 1
18 10 0.00522208213806 7.0 1
19 10 0.00499296188354 7.0 1
20 8 0.00400114059448 5.0 1
21 8 0.00405311584473 5.0 1
22 10 0.00501799583435 7.0 1
23 8 0.00393223762512 5.0 1
24 9 0.00468492507935 6.0 1
25 8 0.00398802757263 5.0 1
26 9 0.00448989868164 6.0 1
27 9 0.00452208518982 6.0 1
28 8 0.00400280952454 5.0 1
29 8 0.00406002998352 5.0 1
30 8 0.00390815734863 5.0 1
31 10 0.00500297546387 7.0 1
32 9 0.00443506240845 6.0 1
33 10 0.00495481491089 7.0 1
34 9 0.0044379234314 6.0 1
35 10 0.00492286682129 7.0 1
36 10 0.00502586364746 7.0 1
37 9 0.00440096855164 6.0 1
38 9 0.00439500808716 6.0 1
39 9 0.00443696975708 6.0 1
40 8 0.00389194488525 5.0 1
41 9 0.0044059753418 6.0 1
42 10 0.00495195388794 7.0 1
43 8 0.00386500358582 5.0 1
44 9 0.00442218780518 6.0 1
45 9 0.00454902648926 6.0 1
46 8 0.0039279460907 5.0 1
47 9 0.00440883636475 6.0 1
48 10 0.00495910644531 7.0 1
49 10 0.00553202629089 7.0 1
0 9 0.00473093986511 6.0 1
1 8 0.00399088859558 5.0 1
2 9 0.0044469833374 6.0 1
3 9 0.00450420379639 6.0 1
4 11 0.00560903549194 8.0 1
5 9 0.00446486473083 6.0 1
6 11 0.00549912452698 8.0 1
7 9 0.00447082519531 6.0 1
8 12 0.0060830116272 9.0 1
9 11 0.00555396080017 8.0 1
10 8 0.00399017333984 5.0 1
11 8 0.00402593612671 5.0 1
12 9 0.00450396537781 6.0 1
13 11 0.00553488731384 8.0 1
14 11 0.00551605224609 8.0 1
15 11 0.00559115409851 8.0 1
16 10 0.0049741268158 7.0 1
17 13 0.0066659450531 10.0 1
18 9 0.00445699691772 6.0 1
19 11 0.00568008422852 8.0 1
20 10 0.00502514839172 7.0 1
21 8 0.003986120224 5.0 1
22 9 0.00455284118652 6.0 1
23 12 0.00606107711792 9.0 1
24 12 0.00623989105225 9.0 1
25 12 0.00640106201172 9.0 1
26 10 0.00523686408997 7.0 1
27 9 0.00460195541382 6.0 1
28 10 0.00507211685181 7.0 1
29 9 0.0044960975647 6.0 1
30 12 0.00619101524353 9.0 1
31 13 0.006676197052 10.0 1
32 10 0.00497913360596 7.0 1
33 10 0.00502896308899 7.0 1
34 9 0.00457096099854 6.0 1
35 9 0.00462603569031 6.0 1
36 10 0.00525403022766 7.0 1
37 9 0.0046169757843 6.0 1
38 12 0.00612211227417 9.0 1
39 9 0.0044801235199 6.0 1
40 12 0.00603890419006 9.0 1
41 9 0.00446605682373 6.0 1
42 10 0.00497198104858 7.0 1
43 12 0.00609707832336 9.0 1
44 10 0.00504088401794 7.0 1
45 9 0.0044960975647 6.0 1
46 9 0.00451016426086 6.0 1
47 12 0.0060350894928 9.0 1
48 9 0.00449395179749 6.0 1
49 12 0.00615501403809 9.0 1
0 8 0.00438785552979 5.0 1
1 9 0.00445199012756 6.0 1
2 9 0.0043580532074 6.0 1
3 10 0.00514888763428 7.0 1
4 8 0.0049250125885 5.0 1
5 11 0.0055820941925 8.0 1
6 9 0.00446486473083 6.0 1
7 8 0.0039370059967 5.0 1
8 9 0.00454497337341 6.0 1
9 9 0.00451707839966 6.0 1
10 10 0.00505495071411 7.0 1
11 10 0.00502109527588 7.0 1
12 8 0.00401616096497 5.0 1
13 8 0.00388097763062 5.0 1
14 10 0.00483679771423 7.0 1
15 8 0.00381016731262 5.0 1
16 8 0.0038731098175 5.0 1
17 8 0.00397109985352 5.0 1
18 10 0.00745606422424 7.0 1
19 8 0.00420808792114 5.0 1
20 8 0.00400710105896 5.0 1
21 9 0.00448393821716 6.0 1
22 8 0.00393795967102 5.0 1
23 9 0.00453591346741 6.0 1
24 10 0.00518298149109 7.0 1
25 9 0.00451517105103 6.0 1
26 9 0.0044801235199 6.0 1
27 9 0.00455617904663 6.0 1
28 10 0.00513911247253 7.0 1
29 8 0.00403499603271 5.0 1
30 9 0.00455379486084 6.0 1
31 8 0.00407481193542 5.0 1
32 10 0.00512385368347 7.0 1
33 9 0.00451803207397 6.0 1
34 8 0.00399088859558 5.0 1
35 10 0.00514197349548 7.0 1
36 10 0.0052011013031 7.0 1
37 10 0.00513911247253 7.0 1
38 8 0.00395894050598 5.0 1
39 9 0.00446796417236 6.0 1
40 9 0.00455713272095 6.0 1
41 9 0.00474715232849 6.0 1
42 8 0.00435090065002 5.0 1
43 9 0.00480008125305 6.0 1
44 9 0.00431990623474 6.0 1
45 8 0.00375294685364 5.0 1
46 10 0.00512909889221 7.0 1
47 8 0.00395894050598 5.0 1
48 10 0.00503206253052 7.0 1
49 11 0.00557398796082 8.0 1
0 9 0.00501990318298 6.0 1
1 10 0.00523090362549 7.0 1
2 11 0.00574612617493 8.0 1
3 12 0.0061411857605 9.0 1
4 10 0.00497508049011 7.0 1
5 10 0.00502991676331 7.0 1
6 11 0.00562405586243 8.0 1
7 8 0.00396990776062 5.0 1
8 12 0.00618314743042 9.0 1
9 12 0.00606322288513 9.0 1
10 12 0.00619697570801 9.0 1
11 12 0.0059859752655 9.0 1
12 13 0.00666809082031 10.0 1
13 9 0.00454616546631 6.0 1
14 11 0.00551390647888 8.0 1
15 8 0.00394201278687 5.0 1
16 8 0.00397920608521 5.0 1
17 11 0.00565195083618 8.0 1
18 11 0.00564479827881 8.0 1
19 10 0.00508594512939 7.0 1
20 10 0.00496482849121 7.0 1
21 9 0.00451803207397 6.0 1
22 8 0.00427198410034 5.0 1
23 12 0.00659894943237 9.0 1
24 8 0.0040271282196 5.0 1
25 10 0.00541090965271 7.0 1
26 12 0.0062141418457 9.0 1
27 11 0.00554704666138 8.0 1
28 10 0.00503420829773 7.0 1
29 12 0.00612020492554 9.0 1
30 10 0.00507593154907 7.0 1
31 9 0.0045211315155 6.0 1
32 10 0.00508093833923 7.0 1
33 11 0.0055730342865 8.0 1
34 10 0.00499510765076 7.0 1
35 8 0.0039689540863 5.0 1
36 8 0.00396013259888 5.0 1
37 12 0.00622606277466 9.0 1
38 11 0.00549817085266 8.0 1
39 12 0.00612902641296 9.0 1
40 12 0.006108045578 9.0 1
41 9 0.00445508956909 6.0 1
42 9 0.00450778007507 6.0 1
43 9 0.00450992584229 6.0 1
44 11 0.00573110580444 8.0 1
45 12 0.00605583190918 9.0 1
46 10 0.00501179695129 7.0 1
47 10 0.00496792793274 7.0 1
48 9 0.00440502166748 6.0 1
49 8 0.0037899017334 5.0 1
