trial, number of steps, runtime, accumulated reward, termination
0 964 0.507503032684 -962.0 1
1 506 0.269201040268 -504.0 1
2 326 0.165884017944 -324.0 1
3 254 0.1370677948 -252.0 1
4 168 0.0839529037476 -166.0 1
5 220 0.112929105759 -218.0 1
6 357 0.181598901749 -355.0 1
7 517 0.286150932312 -515.0 1
8 248 0.141182184219 -246.0 1
9 236 0.126633882523 -234.0 1
10 186 0.0967769622803 -184.0 1
11 190 0.101516962051 -188.0 1
12 211 0.105830907822 -209.0 1
13 159 0.081465959549 -157.0 1
14 158 0.0805139541626 -156.0 1
15 185 0.091719865799 -183.0 1
16 212 0.111462116241 -210.0 1
17 212 0.114907979965 -210.0 1
18 220 0.137219905853 -218.0 1
19 208 0.114347934723 -206.0 1
20 116 0.0637400150299 -114.0 1
21 212 0.114083051682 -210.0 1
22 241 0.12874007225 -239.0 1
23 263 0.140912055969 -261.0 1
24 152 0.0803849697113 -150.0 1
25 214 0.110486984253 -212.0 1
26 537 0.278603076935 -535.0 1
27 159 0.0777521133423 -157.0 1
28 222 0.114085912704 -220.0 1
29 116 0.0575370788574 -114.0 1
30 201 0.104830026627 -199.0 1
31 102 0.0496559143066 -100.0 1
32 188 0.097736120224 -186.0 1
33 510 0.263535022736 -508.0 1
34 204 0.101751089096 -202.0 1
35 192 0.0982978343964 -190.0 1
36 109 0.0563070774078 -107.0 1
37 286 0.149420022964 -284.0 1
38 121 0.0621709823608 -119.0 1
39 520 0.269176959991 -518.0 1
40 120 0.0652070045471 -118.0 1
41 151 0.0792360305786 -149.0 1
42 111 0.0577280521393 -109.0 1
43 109 0.0585629940033 -107.0 1
44 216 0.115339994431 -214.0 1
45 229 0.125470876694 -227.0 1
46 143 0.0800111293793 -141.0 1
47 134 0.0737612247467 -132.0 1
48 85 0.0470020771027 -83.0 1
49 242 0.131336927414 -240.0 1
0 964 0.520509004593 -962.0 1
1 506 0.275085926056 -504.0 1
2 326 0.173579931259 -324.0 1
3 254 0.150156974792 -252.0 1
4 168 0.0899760723114 -166.0 1
5 220 0.115607976913 -218.0 1
6 357 0.185075998306 -355.0 1
7 517 0.266402006149 -515.0 1
8 248 0.135437965393 -246.0 1
9 236 0.121299028397 -234.0 1
10 186 0.0994920730591 -184.0 1
11 190 0.10062789917 -188.0 1
12 211 0.112703084946 -209.0 1
13 159 0.0825550556183 -157.0 1
14 158 0.0853090286255 -156.0 1
15 185 0.0938489437103 -183.0 1
16 212 0.112771987915 -210.0 1
17 212 0.111548900604 -210.0 1
18 220 0.112913131714 -218.0 1
19 208 0.103963136673 -206.0 1
20 116 0.0598340034485 -114.0 1
21 212 0.103279829025 -210.0 1
22 241 0.123121976852 -239.0 1
23 263 0.129961967468 -261.0 1
24 152 0.0787870883942 -150.0 1
25 214 0.108524084091 -212.0 1
26 537 0.308476924896 -535.0 1
27 159 0.0919830799103 -157.0 1
28 222 0.127111196518 -220.0 1
29 116 0.0648679733276 -114.0 1
30 201 0.113336801529 -199.0 1
31 102 0.0579099655151 -100.0 1
32 188 0.107612848282 -186.0 1
33 510 0.295090913773 -508.0 1
34 204 0.116839170456 -202.0 1
35 192 0.110594034195 -190.0 1
36 109 0.0612640380859 -107.0 1
37 286 0.150862932205 -284.0 1
38 121 0.0630719661713 -119.0 1
39 520 0.272153139114 -518.0 1
40 120 0.0619359016418 -118.0 1
41 151 0.0794970989227 -149.0 1
42 111 0.0586361885071 -109.0 1
43 109 0.0586850643158 -107.0 1
44 216 0.116312980652 -214.0 1
45 229 0.123846054077 -227.0 1
46 143 0.0772130489349 -141.0 1
47 134 0.0690860748291 -132.0 1
48 85 0.0468609333038 -83.0 1
49 242 0.118493080139 -240.0 1
0 964 0.469058990479 -962.0 1
1 506 0.264175891876 -504.0 1
2 326 0.168663024902 -324.0 1
3 254 0.129137992859 -252.0 1
4 168 0.0872700214386 -166.0 1
5 220 0.116948843002 -218.0 1
6 357 0.18740105629 -355.0 1
7 517 0.265887975693 -515.0 1
8 248 0.14182806015 -246.0 1
9 236 0.134114027023 -234.0 1
10 186 0.0933029651642 -184.0 1
11 190 0.100279092789 -188.0 1
12 211 0.105863809586 -209.0 1
13 159 0.0829861164093 -157.0 1
14 158 0.0729410648346 -156.0 1
15 185 0.0942740440369 -183.0 1
16 212 0.107158899307 -210.0 1
17 212 0.113042116165 -210.0 1
18 220 0.112955093384 -218.0 1
19 208 0.0992529392242 -206.0 1
20 116 0.0633189678192 -114.0 1
21 212 0.106295824051 -210.0 1
22 241 0.120095014572 -239.0 1
23 263 0.128052949905 -261.0 1
24 152 0.0789148807526 -150.0 1
25 214 0.10532784462 -212.0 1
26 537 0.2647960186 -535.0 1
27 159 0.0730791091919 -157.0 1
28 222 0.115586996078 -220.0 1
29 116 0.0562219619751 -114.0 1
30 201 0.0994868278503 -199.0 1
31 102 0.0401301383972 -100.0 1
32 188 0.0864689350128 -186.0 1
33 510 0.258032083511 -508.0 1
34 204 0.106157064438 -202.0 1
35 192 0.093346118927 -190.0 1
36 109 0.0529940128326 -107.0 1
37 286 0.144495010376 -284.0 1
38 121 0.0593960285187 -119.0 1
39 520 0.268799066544 -518.0 1
40 120 0.0596508979797 -118.0 1
41 151 0.0737671852112 -149.0 1
42 111 0.0564029216766 -109.0 1
43 109 0.055006980896 -107.0 1
44 216 0.109480142593 -214.0 1
45 229 0.115581035614 -227.0 1
46 143 0.0724110603333 -141.0 1
47 134 0.0676681995392 -132.0 1
48 85 0.0399219989777 -83.0 1
49 242 0.112426996231 -240.0 1
0 964 0.479440927505 -962.0 1
1 506 0.253794193268 -504.0 1
2 326 0.162882804871 -324.0 1
3 254 0.126675128937 -252.0 1
4 168 0.0815041065216 -166.0 1
5 220 0.110425949097 -218.0 1
6 357 0.168815851212 -355.0 1
7 517 0.278232097626 -515.0 1
8 248 0.142065048218 -246.0 1
9 236 0.13471198082 -234.0 1
10 186 0.105783939362 -184.0 1
11 190 0.107715845108 -188.0 1
12 211 0.119616031647 -209.0 1
13 159 0.0932109355927 -157.0 1
14 158 0.0896589756012 -156.0 1
15 185 0.105010032654 -183.0 1
16 212 0.120162963867 -210.0 1
17 212 0.110662221909 -210.0 1
18 220 0.108263015747 -218.0 1
19 208 0.107012033463 -206.0 1
20 116 0.0555551052094 -114.0 1
21 212 0.10030412674 -210.0 1
22 241 0.106571912766 -239.0 1
23 263 0.129812955856 -261.0 1
24 152 0.0606248378754 -150.0 1
25 214 0.108246088028 -212.0 1
26 537 0.272301912308 -535.0 1
27 159 0.0796480178833 -157.0 1
28 222 0.112733840942 -220.0 1
29 116 0.0576441287994 -114.0 1
30 201 0.101834058762 -199.0 1
31 102 0.0485110282898 -100.0 1
32 188 0.0961198806763 -186.0 1
33 510 0.256293058395 -508.0 1
34 204 0.103816986084 -202.0 1
35 192 0.0939841270447 -190.0 1
36 109 0.0548861026764 -107.0 1
37 286 0.142748832703 -284.0 1
38 121 0.0604729652405 -119.0 1
39 520 0.257895946503 -518.0 1
40 120 0.0615668296814 -118.0 1
41 151 0.0776360034943 -149.0 1
42 111 0.0574390888214 -109.0 1
43 109 0.058228969574 -107.0 1
44 216 0.110946893692 -214.0 1
45 229 0.108680009842 -227.0 1
46 143 0.0705828666687 -141.0 1
47 134 0.063805103302 -132.0 1
48 85 0.0409560203552 -83.0 1
49 242 0.12282204628 -240.0 1
0 964 0.488384962082 -962.0 1
1 506 0.256588220596 -504.0 1
2 326 0.162604093552 -324.0 1
3 254 0.127582073212 -252.0 1
4 168 0.0837008953094 -166.0 1
5 220 0.0974318981171 -218.0 1
6 357 0.189981937408 -355.0 1
7 517 0.271142959595 -515.0 1
8 248 0.123052120209 -246.0 1
9 236 0.116255998611 -234.0 1
10 186 0.0950801372528 -184.0 1
11 190 0.097715139389 -188.0 1
12 211 0.108243942261 -209.0 1
13 159 0.0835721492767 -157.0 1
14 158 0.0798778533936 -156.0 1
15 185 0.0937190055847 -183.0 1
16 212 0.105664968491 -210.0 1
17 212 0.0925059318542 -210.0 1
18 220 0.106111049652 -218.0 1
19 208 0.0998389720917 -206.0 1
20 116 0.0497448444366 -114.0 1
21 212 0.106667041779 -210.0 1
22 241 0.123857021332 -239.0 1
23 263 0.13051700592 -261.0 1
24 152 0.0762219429016 -150.0 1
25 214 0.109123945236 -212.0 1
26 537 0.274935007095 -535.0 1
27 159 0.0811789035797 -157.0 1
28 222 0.113526821136 -220.0 1
29 116 0.0600728988647 -114.0 1
30 201 0.101356983185 -199.0 1
31 102 0.0521810054779 -100.0 1
32 188 0.0960819721222 -186.0 1
33 510 0.261322021484 -508.0 1
34 204 0.100116968155 -202.0 1
35 192 0.0954849720001 -190.0 1
36 109 0.0501019954681 -107.0 1
37 286 0.143790006638 -284.0 1
38 121 0.0551989078522 -119.0 1
39 520 0.259596824646 -518.0 1
40 120 0.0610048770905 -118.0 1
41 190 0.0967819690704 -188.0 1
42 322 0.155335903168 -320.0 1
43 173 0.0827231407166 -171.0 1
44 138 0.0661888122559 -136.0 1
45 144 0.0734651088715 -142.0 1
46 122 0.0615720748901 -120.0 1
47 134 0.0683069229126 -132.0 1
48 121 0.0599291324615 -119.0 1
49 144 0.0805330276489 -142.0 1
0 964 0.473182916641 -962.0 1
1 506 0.246927022934 -504.0 1
2 326 0.160804986954 -324.0 1
3 254 0.135134935379 -252.0 1
4 168 0.0842840671539 -166.0 1
5 220 0.112255096436 -218.0 1
6 357 0.168974161148 -355.0 1
7 517 0.264305114746 -515.0 1
8 248 0.112752914429 -246.0 1
9 236 0.117245912552 -234.0 1
10 186 0.091411113739 -184.0 1
11 190 0.0927550792694 -188.0 1
12 211 0.10759806633 -209.0 1
13 159 0.0797400474548 -157.0 1
14 158 0.0862219333649 -156.0 1
15 185 0.0935020446777 -183.0 1
16 212 0.105381965637 -210.0 1
17 212 0.10710310936 -210.0 1
18 220 0.110234022141 -218.0 1
19 208 0.104511022568 -206.0 1
20 116 0.0576410293579 -114.0 1
21 212 0.108667135239 -210.0 1
22 241 0.122304916382 -239.0 1
23 263 0.125155925751 -261.0 1
24 152 0.0767910480499 -150.0 1
25 214 0.106927156448 -212.0 1
26 537 0.273694992065 -535.0 1
27 159 0.0801560878754 -157.0 1
28 222 0.112092018127 -220.0 1
29 116 0.058436870575 -114.0 1
30 201 0.103345870972 -199.0 1
31 102 0.0532388687134 -100.0 1
32 188 0.107941150665 -186.0 1
33 510 0.245064020157 -508.0 1
34 204 0.104496955872 -202.0 1
35 192 0.096207857132 -190.0 1
36 109 0.0574140548706 -107.0 1
37 286 0.139558076859 -284.0 1
38 121 0.0619459152222 -119.0 1
39 520 0.262500047684 -518.0 1
40 120 0.0608139038086 -118.0 1
41 151 0.0786030292511 -149.0 1
42 111 0.055027961731 -109.0 1
43 109 0.0524258613586 -107.0 1
44 216 0.104519128799 -214.0 1
45 229 0.11202287674 -227.0 1
46 143 0.0720221996307 -141.0 1
47 134 0.070524930954 -132.0 1
48 85 0.0444760322571 -83.0 1
49 242 0.127819061279 -240.0 1
0 964 0.511588096619 -962.0 1
1 506 0.270997047424 -504.0 1
2 326 0.176698923111 -324.0 1
3 254 0.136265993118 -252.0 1
4 168 0.0895600318909 -166.0 1
5 220 0.117977142334 -218.0 1
6 357 0.191035032272 -355.0 1
7 517 0.289639949799 -515.0 1
8 248 0.131951093674 -246.0 1
9 236 0.125622034073 -234.0 1
10 186 0.0988938808441 -184.0 1
11 190 0.101112127304 -188.0 1
12 211 0.114023923874 -209.0 1
13 159 0.0846989154816 -157.0 1
14 158 0.0841619968414 -156.0 1
15 185 0.0992171764374 -183.0 1
16 212 0.114495038986 -210.0 1
17 212 0.117568016052 -210.0 1
18 220 0.118303060532 -218.0 1
19 208 0.112191915512 -206.0 1
20 116 0.0627000331879 -114.0 1
21 212 0.11537194252 -210.0 1
22 241 0.129548072815 -239.0 1
23 263 0.140875101089 -261.0 1
24 152 0.0806548595428 -150.0 1
25 214 0.114538908005 -212.0 1
26 537 0.289343833923 -535.0 1
27 159 0.0850040912628 -157.0 1
28 222 0.118121147156 -220.0 1
29 116 0.0613341331482 -114.0 1
30 201 0.106735944748 -199.0 1
31 102 0.0543010234833 -100.0 1
32 188 0.100061893463 -186.0 1
33 510 0.272227048874 -508.0 1
34 204 0.108650922775 -202.0 1
35 192 0.101824998856 -190.0 1
36 109 0.0576829910278 -107.0 1
37 286 0.152312040329 -284.0 1
38 121 0.0643401145935 -119.0 1
39 520 0.280487060547 -518.0 1
40 120 0.0643768310547 -118.0 1
41 151 0.0805289745331 -149.0 1
42 111 0.0588312149048 -109.0 1
43 109 0.0577130317688 -107.0 1
44 216 0.115454912186 -214.0 1
45 229 0.123023033142 -227.0 1
46 143 0.07648396492 -141.0 1
47 134 0.0713541507721 -132.0 1
48 85 0.0447409152985 -83.0 1
49 242 0.129532814026 -240.0 1
0 964 0.517015218735 -962.0 1
1 506 0.271314144135 -504.0 1
2 326 0.176525115967 -324.0 1
3 254 0.137676000595 -252.0 1
4 168 0.089987039566 -166.0 1
5 220 0.118244886398 -218.0 1
6 357 0.193050146103 -355.0 1
7 517 0.27942609787 -515.0 1
8 248 0.135185003281 -246.0 1
9 236 0.127281188965 -234.0 1
10 186 0.0998730659485 -184.0 1
11 190 0.104233980179 -188.0 1
12 211 0.114815950394 -209.0 1
13 159 0.0855069160461 -157.0 1
14 158 0.084780216217 -156.0 1
15 185 0.0982329845428 -183.0 1
16 212 0.113416910172 -210.0 1
17 212 0.114050865173 -210.0 1
18 220 0.121035814285 -218.0 1
19 208 0.113861083984 -206.0 1
20 116 0.0642509460449 -114.0 1
21 212 0.117615938187 -210.0 1
22 241 0.134573936462 -239.0 1
23 263 0.140458106995 -261.0 1
24 152 0.0816128253937 -150.0 1
25 214 0.116183042526 -212.0 1
26 537 0.296983003616 -535.0 1
27 159 0.0847551822662 -157.0 1
28 222 0.119544029236 -220.0 1
29 116 0.0627269744873 -114.0 1
30 201 0.111079931259 -199.0 1
31 102 0.0557329654694 -100.0 1
32 188 0.101134061813 -186.0 1
33 510 0.272993087769 -508.0 1
34 204 0.108503103256 -202.0 1
35 192 0.102350950241 -190.0 1
36 109 0.058109998703 -107.0 1
37 286 0.152943849564 -284.0 1
38 121 0.064208984375 -119.0 1
39 520 0.279507875443 -518.0 1
40 120 0.0644838809967 -118.0 1
41 151 0.0810079574585 -149.0 1
42 111 0.059396982193 -109.0 1
43 109 0.0583300590515 -107.0 1
44 216 0.116452932358 -214.0 1
45 229 0.123241186142 -227.0 1
46 143 0.077033996582 -141.0 1
47 134 0.0721879005432 -132.0 1
48 85 0.0455448627472 -83.0 1
49 242 0.130259990692 -240.0 1
0 964 0.516972780228 -962.0 1
1 506 0.268928050995 -504.0 1
2 326 0.172246932983 -324.0 1
3 254 0.135001897812 -252.0 1
4 168 0.0900850296021 -166.0 1
5 220 0.116533994675 -218.0 1
6 357 0.189556121826 -355.0 1
7 517 0.275871038437 -515.0 1
8 248 0.131679058075 -246.0 1
9 236 0.13414311409 -234.0 1
10 186 0.0917940139771 -184.0 1
11 190 0.106606960297 -188.0 1
12 211 0.104382038116 -209.0 1
13 159 0.0805571079254 -157.0 1
14 158 0.0811729431152 -156.0 1
15 185 0.0967831611633 -183.0 1
16 212 0.109025001526 -210.0 1
17 212 0.11699795723 -210.0 1
18 220 0.105488061905 -218.0 1
19 208 0.102988004684 -206.0 1
20 116 0.0581510066986 -114.0 1
21 212 0.107909917831 -210.0 1
22 241 0.118247032166 -239.0 1
23 263 0.123259067535 -261.0 1
24 152 0.0747330188751 -150.0 1
25 214 0.114284992218 -212.0 1
26 537 0.28734588623 -535.0 1
27 159 0.0868699550629 -157.0 1
28 222 0.120502948761 -220.0 1
29 116 0.0634648799896 -114.0 1
30 201 0.110657930374 -199.0 1
31 102 0.0546369552612 -100.0 1
32 188 0.100902080536 -186.0 1
33 510 0.27373790741 -508.0 1
34 204 0.109039068222 -202.0 1
35 192 0.102393865585 -190.0 1
36 109 0.0577108860016 -107.0 1
37 286 0.154735088348 -284.0 1
38 121 0.0642290115356 -119.0 1
39 520 0.281167984009 -518.0 1
40 120 0.0635681152344 -118.0 1
41 151 0.0804800987244 -149.0 1
42 111 0.0586590766907 -109.0 1
43 109 0.0577051639557 -107.0 1
44 216 0.114496946335 -214.0 1
45 229 0.126426935196 -227.0 1
46 143 0.0638248920441 -141.0 1
47 134 0.0650908946991 -132.0 1
48 85 0.0472841262817 -83.0 1
49 242 0.130258798599 -240.0 1
0 964 0.509122848511 -962.0 1
1 506 0.251423120499 -504.0 1
2 326 0.164419174194 -324.0 1
3 254 0.129910945892 -252.0 1
4 168 0.0851860046387 -166.0 1
5 220 0.115740060806 -218.0 1
6 357 0.178194999695 -355.0 1
7 517 0.260030031204 -515.0 1
8 248 0.161074876785 -246.0 1
9 236 0.119911193848 -234.0 1
10 186 0.0947358608246 -184.0 1
11 190 0.095104932785 -188.0 1
12 211 0.106215000153 -209.0 1
13 159 0.0809149742126 -157.0 1
14 158 0.0773599147797 -156.0 1
15 185 0.0882518291473 -183.0 1
16 212 0.113251924515 -210.0 1
17 212 0.10909986496 -210.0 1
18 220 0.112707138062 -218.0 1
19 208 0.104072093964 -206.0 1
20 116 0.0592811107635 -114.0 1
21 212 0.108237028122 -210.0 1
22 241 0.120897054672 -239.0 1
23 263 0.132019996643 -261.0 1
24 152 0.0753450393677 -150.0 1
25 214 0.106196880341 -212.0 1
26 537 0.274174928665 -535.0 1
27 159 0.0837879180908 -157.0 1
28 222 0.112720966339 -220.0 1
29 116 0.0545628070831 -114.0 1
30 201 0.101699829102 -199.0 1
31 102 0.0504610538483 -100.0 1
32 188 0.0969738960266 -186.0 1
33 510 0.260787963867 -508.0 1
34 204 0.103938102722 -202.0 1
35 192 0.10005903244 -190.0 1
36 109 0.0515310764313 -107.0 1
37 286 0.14737701416 -284.0 1
38 121 0.0627138614655 -119.0 1
39 520 0.269034862518 -518.0 1
40 120 0.0644261837006 -118.0 1
41 151 0.0765600204468 -149.0 1
42 111 0.0512101650238 -109.0 1
43 109 0.0557010173798 -107.0 1
44 216 0.111232042313 -214.0 1
45 229 0.115372896194 -227.0 1
46 143 0.0732479095459 -141.0 1
47 134 0.0680730342865 -132.0 1
48 85 0.0438430309296 -83.0 1
49 242 0.121392011642 -240.0 1
