trial, number of steps, runtime, accumulated reward, termination
0 12 0.00485587120056 9.0 1
1 8 0.00294995307922 5.0 1
2 12 0.00426411628723 9.0 1
3 11 0.00408291816711 8.0 1
4 12 0.00443601608276 9.0 1
5 8 0.00298285484314 5.0 1
6 9 0.00343203544617 6.0 1
7 11 0.00416898727417 8.0 1
8 8 0.00312113761902 5.0 1
9 8 0.00305700302124 5.0 1
10 8 0.0029878616333 5.0 1
11 9 0.00344395637512 6.0 1
12 12 0.00484204292297 9.0 1
13 11 0.00420904159546 8.0 1
14 11 0.0044379234314 8.0 1
15 9 0.00393605232239 6.0 1
16 8 0.00292205810547 5.0 1
17 8 0.00297093391418 5.0 1
18 10 0.0040328502655 7.0 1
19 8 0.00296115875244 5.0 1
20 9 0.00367593765259 6.0 1
21 9 0.0036289691925 6.0 1
22 9 0.00350689888 6.0 1
23 9 0.00328397750854 6.0 1
24 9 0.00341296195984 6.0 1
25 12 0.00468683242798 9.0 1
26 12 0.00468111038208 9.0 1
27 10 0.00391316413879 7.0 1
28 10 0.00376296043396 7.0 1
29 10 0.0038731098175 7.0 1
30 11 0.00428795814514 8.0 1
31 8 0.0029468536377 5.0 1
32 9 0.00343489646912 6.0 1
33 11 0.00431799888611 8.0 1
34 9 0.00346708297729 6.0 1
35 12 0.00454902648926 9.0 1
36 12 0.00478792190552 9.0 1
37 9 0.003338098526 6.0 1
38 9 0.00323295593262 6.0 1
39 9 0.00324106216431 6.0 1
40 10 0.00299191474915 7.0 1
41 9 0.00327491760254 6.0 1
42 11 0.00418281555176 8.0 1
43 10 0.00378489494324 7.0 1
44 10 0.00371289253235 7.0 1
45 10 0.00379490852356 7.0 1
46 10 0.00378894805908 7.0 1
47 11 0.00405311584473 8.0 1
48 11 0.00425219535828 8.0 1
49 12 0.0046968460083 9.0 1
0 11 0.00383114814758 8.0 1
1 8 0.00311708450317 5.0 1
2 10 0.00390982627869 7.0 1
3 9 0.00334000587463 6.0 1
4 11 0.00580811500549 8.0 1
5 12 0.00463604927063 9.0 1
6 8 0.00304508209229 5.0 1
7 8 0.00313091278076 5.0 1
8 9 0.00326299667358 6.0 1
9 11 0.00418901443481 8.0 1
10 12 0.00452399253845 9.0 1
11 11 0.00411200523376 8.0 1
12 10 0.00317811965942 7.0 1
13 11 0.00440287590027 8.0 1
14 11 0.00433683395386 8.0 1
15 12 0.00280284881592 9.0 1
16 11 0.00333499908447 8.0 1
17 9 0.00339102745056 6.0 1
18 11 0.00416207313538 8.0 1
19 9 0.00336098670959 6.0 1
20 12 0.00443291664124 9.0 1
21 9 0.00329303741455 6.0 1
22 10 0.00350379943848 7.0 1
23 11 0.00414299964905 8.0 1
24 9 0.00327897071838 6.0 1
25 12 0.00436401367188 9.0 1
26 9 0.0032639503479 6.0 1
27 9 0.00258088111877 6.0 1
28 9 0.00311422348022 6.0 1
29 9 0.00301003456116 6.0 1
30 10 0.00349903106689 7.0 1
31 10 0.00345921516418 7.0 1
32 9 0.00456285476685 6.0 1
33 9 0.00276207923889 6.0 1
34 9 0.00335311889648 6.0 1
35 8 0.00271511077881 5.0 1
36 8 0.00275802612305 5.0 1
37 11 0.00383901596069 8.0 1
38 8 0.00269103050232 5.0 1
39 11 0.00403594970703 8.0 1
40 10 0.00367617607117 7.0 1
41 8 0.00262999534607 5.0 1
42 8 0.00243997573853 5.0 1
43 11 0.00406384468079 8.0 1
44 12 0.00413203239441 9.0 1
45 11 0.0037829875946 8.0 1
46 11 0.0039370059967 8.0 1
47 11 0.00398802757263 8.0 1
48 12 0.00368714332581 9.0 1
49 10 0.00345611572266 7.0 1
0 10 0.00509190559387 7.0 1
1 13 0.00392007827759 10.0 1
2 9 0.00210785865784 6.0 1
3 12 0.00411915779114 9.0 1
4 8 0.00298190116882 5.0 1
5 12 0.00466203689575 9.0 1
6 11 0.00359296798706 8.0 1
7 10 0.00377011299133 7.0 1
8 10 0.00332903862 7.0 1
9 10 0.00342917442322 7.0 1
10 9 0.00297117233276 6.0 1
11 10 0.00364208221436 7.0 1
12 9 0.0034339427948 6.0 1
13 9 0.00327301025391 6.0 1
14 12 0.00453209877014 9.0 1
15 8 0.00292897224426 5.0 1
16 8 0.00280618667603 5.0 1
17 8 0.00283980369568 5.0 1
18 13 0.00535798072815 10.0 1
19 11 0.0041298866272 8.0 1
20 9 0.0032160282135 6.0 1
21 13 0.00473809242249 10.0 1
22 10 0.00341200828552 7.0 1
23 9 0.00329995155334 6.0 1
24 12 0.00448203086853 9.0 1
25 9 0.00329899787903 6.0 1
26 9 0.0030620098114 6.0 1
27 11 0.00395512580872 8.0 1
28 12 0.00416612625122 9.0 1
29 12 0.00456309318542 9.0 1
30 9 0.00342488288879 6.0 1
31 12 0.00448107719421 9.0 1
32 12 0.00463199615479 9.0 1
33 11 0.00459098815918 8.0 1
34 12 0.004469871521 9.0 1
35 10 0.00371503829956 7.0 1
36 11 0.00403189659119 8.0 1
37 8 0.00295782089233 5.0 1
38 12 0.00452303886414 9.0 1
39 12 0.0044960975647 9.0 1
40 11 0.00417399406433 8.0 1
41 9 0.00332808494568 6.0 1
42 8 0.00286889076233 5.0 1
43 11 0.0041229724884 8.0 1
44 11 0.00374102592468 8.0 1
45 11 0.00407719612122 8.0 1
46 11 0.00415301322937 8.0 1
47 10 0.00375890731812 7.0 1
48 9 0.00330495834351 6.0 1
49 12 0.00477600097656 9.0 1
0 12 0.00460410118103 9.0 1
1 12 0.0045177936554 9.0 1
2 9 0.00326108932495 6.0 1
3 13 0.00498294830322 10.0 1
4 12 0.00458598136902 9.0 1
5 8 0.00284790992737 5.0 1
6 10 0.00336503982544 7.0 1
7 10 0.00232100486755 7.0 1
8 10 0.00230407714844 7.0 1
9 10 0.00348615646362 7.0 1
10 10 0.00364184379578 7.0 1
11 9 0.00336313247681 6.0 1
12 9 0.00334215164185 6.0 1
13 11 0.00406384468079 8.0 1
14 10 0.00371694564819 7.0 1
15 11 0.00416493415833 8.0 1
16 10 0.00364995002747 7.0 1
17 12 0.00442481040955 9.0 1
18 9 0.00336098670959 6.0 1
19 8 0.00294303894043 5.0 1
20 8 0.00291919708252 5.0 1
21 11 0.00412392616272 8.0 1
22 11 0.00414991378784 8.0 1
23 10 0.00376009941101 7.0 1
24 10 0.00376915931702 7.0 1
25 10 0.00366115570068 7.0 1
26 10 0.0036678314209 7.0 1
27 9 0.00325608253479 6.0 1
28 9 0.00310397148132 6.0 1
29 10 0.00370979309082 7.0 1
30 13 0.0048987865448 10.0 1
31 10 0.00365710258484 7.0 1
32 12 0.00445318222046 9.0 1
33 12 0.00449085235596 9.0 1
34 10 0.00392484664917 7.0 1
35 9 0.00327491760254 6.0 1
36 10 0.00375199317932 7.0 1
37 12 0.0045599937439 9.0 1
38 11 0.00412106513977 8.0 1
39 12 0.00321984291077 9.0 1
40 10 0.00279808044434 7.0 1
41 12 0.00462508201599 9.0 1
42 10 0.00365805625916 7.0 1
43 10 0.003573179245 7.0 1
44 11 0.00398683547974 8.0 1
45 11 0.0040009021759 8.0 1
46 12 0.00428795814514 9.0 1
47 9 0.00330018997192 6.0 1
48 9 0.00317597389221 6.0 1
49 10 0.00357389450073 7.0 1
0 13 0.00486397743225 10.0 1
1 13 0.00476503372192 10.0 1
2 10 0.00359511375427 7.0 1
3 8 0.00277709960938 5.0 1
4 10 0.00345802307129 7.0 1
5 11 0.00386381149292 8.0 1
6 11 0.00401902198792 8.0 1
7 12 0.00454187393188 9.0 1
8 9 0.00325298309326 6.0 1
9 9 0.00317811965942 6.0 1
10 10 0.00347208976746 7.0 1
11 8 0.00280499458313 5.0 1
12 10 0.00376796722412 7.0 1
13 12 0.00457715988159 9.0 1
14 11 0.00399899482727 8.0 1
15 11 0.00388097763062 8.0 1
16 8 0.00315618515015 5.0 1
17 11 0.00415301322937 8.0 1
18 9 0.00322389602661 6.0 1
19 9 0.00325298309326 6.0 1
20 9 0.0030951499939 6.0 1
21 12 0.00421595573425 9.0 1
22 12 0.0044629573822 9.0 1
23 12 0.00454306602478 9.0 1
24 12 0.00442695617676 9.0 1
25 12 0.00453400611877 9.0 1
26 12 0.00449395179749 9.0 1
27 12 0.00434398651123 9.0 1
28 9 0.00328898429871 6.0 1
29 12 0.00438404083252 9.0 1
30 12 0.00439190864563 9.0 1
31 8 0.00284790992737 5.0 1
32 12 0.00442099571228 9.0 1
33 11 0.00386786460876 8.0 1
34 11 0.0040180683136 8.0 1
35 12 0.00444507598877 9.0 1
36 9 0.00323796272278 6.0 1
37 10 0.00357294082642 7.0 1
38 11 0.00405383110046 8.0 1
39 10 0.00358414649963 7.0 1
40 8 0.00271391868591 5.0 1
41 11 0.00383400917053 8.0 1
42 12 0.0043511390686 9.0 1
43 9 0.00325107574463 6.0 1
44 11 0.00393199920654 8.0 1
45 10 0.00359082221985 7.0 1
46 11 0.00384092330933 8.0 1
47 9 0.00323700904846 6.0 1
48 10 0.00357294082642 7.0 1
49 11 0.00410795211792 8.0 1
0 11 0.0038800239563 8.0 1
1 12 0.0043351650238 9.0 1
2 10 0.00352001190186 7.0 1
3 10 0.00346207618713 7.0 1
4 8 0.00270009040833 5.0 1
5 8 0.00274109840393 5.0 1
6 10 0.0036199092865 7.0 1
7 12 0.00442218780518 9.0 1
8 12 0.00425386428833 9.0 1
9 9 0.00317907333374 6.0 1
10 12 0.00441598892212 9.0 1
11 12 0.00442695617676 9.0 1
12 11 0.00398397445679 8.0 1
13 8 0.00278496742249 5.0 1
14 11 0.00394010543823 8.0 1
15 10 0.00349116325378 7.0 1
16 8 0.00268912315369 5.0 1
17 11 0.00382900238037 8.0 1
18 11 0.00401711463928 8.0 1
19 11 0.00394082069397 8.0 1
20 11 0.00402808189392 8.0 1
21 10 0.00362682342529 7.0 1
22 12 0.00444388389587 9.0 1
23 10 0.00363302230835 7.0 1
24 12 0.00442099571228 9.0 1
25 11 0.00395393371582 8.0 1
26 10 0.00354504585266 7.0 1
27 11 0.0039119720459 8.0 1
28 10 0.00362610816956 7.0 1
29 9 0.00321412086487 6.0 1
30 8 0.00284790992737 5.0 1
31 10 0.00342202186584 7.0 1
32 11 0.00389981269836 8.0 1
33 11 0.004065990448 8.0 1
34 10 0.00365304946899 7.0 1
35 12 0.00440692901611 9.0 1
36 9 0.00324892997742 6.0 1
37 9 0.00315809249878 6.0 1
38 13 0.00469589233398 10.0 1
39 9 0.00327396392822 6.0 1
40 10 0.00360989570618 7.0 1
41 9 0.00316500663757 6.0 1
42 9 0.00318598747253 6.0 1
43 11 0.00399303436279 8.0 1
44 10 0.00361514091492 7.0 1
45 12 0.00439596176147 9.0 1
46 9 0.00330996513367 6.0 1
47 10 0.00360488891602 7.0 1
48 9 0.00323915481567 6.0 1
49 12 0.00479507446289 9.0 1
0 9 0.0034019947052 6.0 1
1 8 0.00275301933289 5.0 1
2 8 0.00272989273071 5.0 1
3 8 0.00273394584656 5.0 1
4 9 0.00316500663757 6.0 1
5 8 0.00284194946289 5.0 1
6 9 0.00333976745605 6.0 1
7 9 0.00338196754456 6.0 1
8 10 0.00357985496521 7.0 1
9 8 0.00279998779297 5.0 1
10 9 0.00321292877197 6.0 1
11 11 0.00408983230591 8.0 1
12 9 0.00321292877197 6.0 1
13 10 0.00358319282532 7.0 1
14 10 0.00358581542969 7.0 1
15 10 0.00368094444275 7.0 1
16 9 0.00333714485168 6.0 1
17 11 0.00549292564392 8.0 1
18 8 0.00290393829346 5.0 1
19 10 0.00362110137939 7.0 1
20 8 0.00285482406616 5.0 1
21 9 0.00316500663757 6.0 1
22 9 0.00314807891846 6.0 1
23 9 0.00320291519165 6.0 1
24 9 0.00321698188782 6.0 1
25 11 0.00399017333984 8.0 1
26 8 0.00279307365417 5.0 1
27 10 0.00365900993347 7.0 1
28 9 0.00328612327576 6.0 1
29 8 0.00280809402466 5.0 1
30 8 0.00260901451111 5.0 1
31 9 0.00321197509766 6.0 1
32 8 0.00281596183777 5.0 1
33 8 0.00276279449463 5.0 1
34 8 0.00270485877991 5.0 1
35 9 0.00309205055237 6.0 1
36 10 0.00353598594666 7.0 1
37 8 0.00285506248474 5.0 1
38 8 0.00279879570007 5.0 1
39 10 0.00366401672363 7.0 1
40 11 0.00382089614868 8.0 1
41 8 0.00278520584106 5.0 1
42 8 0.00286602973938 5.0 1
43 8 0.00259900093079 5.0 1
44 11 0.00391101837158 8.0 1
45 8 0.00290298461914 5.0 1
46 10 0.00360488891602 7.0 1
47 8 0.00279903411865 5.0 1
48 11 0.00408601760864 8.0 1
49 11 0.00389981269836 8.0 1
0 9 0.00340700149536 6.0 1
1 9 0.00333499908447 6.0 1
2 11 0.00404191017151 8.0 1
3 11 0.00407218933105 8.0 1
4 13 0.00486302375793 10.0 1
5 9 0.00306487083435 6.0 1
6 11 0.00380396842957 8.0 1
7 12 0.00416088104248 9.0 1
8 10 0.00342392921448 7.0 1
9 12 0.00416588783264 9.0 1
10 9 0.00304913520813 6.0 1
11 10 0.0034339427948 7.0 1
12 12 0.0041720867157 9.0 1
13 11 0.00380206108093 8.0 1
14 11 0.00379014015198 8.0 1
15 10 0.0034191608429 7.0 1
16 8 0.00269198417664 5.0 1
17 11 0.00380206108093 8.0 1
18 10 0.00341606140137 7.0 1
19 11 0.00379085540771 8.0 1
20 9 0.00304985046387 6.0 1
21 9 0.00305700302124 6.0 1
22 10 0.00342011451721 7.0 1
23 10 0.00341892242432 7.0 1
24 9 0.00305581092834 6.0 1
25 9 0.0030529499054 6.0 1
26 12 0.00418901443481 9.0 1
27 13 0.00451993942261 10.0 1
28 10 0.00355291366577 7.0 1
29 11 0.00402498245239 8.0 1
30 10 0.0036289691925 7.0 1
31 9 0.00324702262878 6.0 1
32 12 0.00442099571228 9.0 1
33 12 0.00281715393066 9.0 1
34 8 0.00179600715637 5.0 1
35 12 0.00275993347168 9.0 1
36 10 0.003014087677 7.0 1
37 11 0.0038058757782 8.0 1
38 10 0.00346684455872 7.0 1
39 11 0.00398993492126 8.0 1
40 12 0.00446200370789 9.0 1
41 11 0.0040590763092 8.0 1
42 10 0.00362801551819 7.0 1
43 13 0.00484013557434 10.0 1
44 9 0.00308704376221 6.0 1
45 11 0.00388503074646 8.0 1
46 9 0.0030369758606 6.0 1
47 11 0.00383400917053 8.0 1
48 13 0.00468301773071 10.0 1
49 11 0.0039701461792 8.0 1
0 8 0.00286293029785 5.0 1
1 9 0.00336408615112 6.0 1
2 8 0.00293183326721 5.0 1
3 10 0.00359106063843 7.0 1
4 8 0.00278401374817 5.0 1
5 9 0.00330281257629 6.0 1
6 9 0.00325703620911 6.0 1
7 10 0.0036609172821 7.0 1
8 9 0.00318384170532 6.0 1
9 11 0.00401592254639 8.0 1
10 12 0.00440812110901 9.0 1
11 10 0.00372695922852 7.0 1
12 11 0.00404691696167 8.0 1
13 9 0.00331997871399 6.0 1
14 9 0.0033221244812 6.0 1
15 11 0.00405883789062 8.0 1
16 9 0.00319790840149 6.0 1
17 8 0.00282716751099 5.0 1
18 12 0.0044469833374 9.0 1
19 9 0.00330686569214 6.0 1
20 12 0.00427603721619 9.0 1
21 11 0.00397992134094 8.0 1
22 13 0.00469899177551 10.0 1
23 9 0.00315093994141 6.0 1
24 12 0.00429582595825 9.0 1
25 15 0.00552010536194 12.0 1
26 12 0.00438094139099 9.0 1
27 12 0.00435590744019 9.0 1
28 10 0.00368213653564 7.0 1
29 12 0.00442504882812 9.0 1
30 9 0.003093957901 6.0 1
31 8 0.00285005569458 5.0 1
32 10 0.00356388092041 7.0 1
33 11 0.00404191017151 8.0 1
34 8 0.00282502174377 5.0 1
35 11 0.00409507751465 8.0 1
36 10 0.00352191925049 7.0 1
37 11 0.00394701957703 8.0 1
38 8 0.00279688835144 5.0 1
39 10 0.00364208221436 7.0 1
40 11 0.00404191017151 8.0 1
41 12 0.00434899330139 9.0 1
42 11 0.00388097763062 8.0 1
43 11 0.00381803512573 8.0 1
44 12 0.00424885749817 9.0 1
45 8 0.00282883644104 5.0 1
46 9 0.00327301025391 6.0 1
47 10 0.00356888771057 7.0 1
48 8 0.00286602973938 5.0 1
49 10 0.00265502929688 7.0 1
0 11 0.00396513938904 8.0 1
1 12 0.00436592102051 9.0 1
2 10 0.00353598594666 7.0 1
3 10 0.00352883338928 7.0 1
4 10 0.00368213653564 7.0 1
5 12 0.0043511390686 9.0 1
6 11 0.0039849281311 8.0 1
7 12 0.00428605079651 9.0 1
8 11 0.00407409667969 8.0 1
9 11 0.0040590763092 8.0 1
10 8 0.0028989315033 5.0 1
11 10 0.00356888771057 7.0 1
12 12 0.00431990623474 9.0 1
13 11 0.00398516654968 8.0 1
14 12 0.0042941570282 9.0 1
15 9 0.00306987762451 6.0 1
16 10 0.00352215766907 7.0 1
17 9 0.00312089920044 6.0 1
18 11 0.00398087501526 8.0 1
19 11 0.00388193130493 8.0 1
20 12 0.00415706634521 9.0 1
21 10 0.00348901748657 7.0 1
22 9 0.00315403938293 6.0 1
23 12 0.00434517860413 9.0 1
24 11 0.00382614135742 8.0 1
25 10 0.00345301628113 7.0 1
26 8 0.0026969909668 5.0 1
27 8 0.00274014472961 5.0 1
28 13 0.00465178489685 10.0 1
29 9 0.00315999984741 6.0 1
30 9 0.00319814682007 6.0 1
31 11 0.00407481193542 8.0 1
32 11 0.00396800041199 8.0 1
33 13 0.00466513633728 10.0 1
34 12 0.00435090065002 9.0 1
35 12 0.00443696975708 9.0 1
36 10 0.00365519523621 7.0 1
37 9 0.00322198867798 6.0 1
38 8 0.00266313552856 5.0 1
39 11 0.0039279460907 8.0 1
40 10 0.00356101989746 7.0 1
41 9 0.00319004058838 6.0 1
42 10 0.00355195999146 7.0 1
43 11 0.00404405593872 8.0 1
44 10 0.00361108779907 7.0 1
45 10 0.0035400390625 7.0 1
46 10 0.00360298156738 7.0 1
47 12 0.00442886352539 9.0 1
48 12 0.00430512428284 9.0 1
49 11 0.00399899482727 8.0 1
