trial, number of steps, runtime, accumulated reward, termination
0 5000 1.71022510529 -4999.0 0
1 3549 1.19490599632 -3547.0 1
2 4114 1.38328099251 -4112.0 1
3 754 0.256327152252 -752.0 1
4 415 0.133949995041 -413.0 1
5 2149 0.714720964432 -2147.0 1
6 577 0.188701152802 -575.0 1
7 416 0.142227172852 -414.0 1
8 418 0.13266992569 -416.0 1
9 3321 1.11266183853 -3319.0 1
10 633 0.201966047287 -631.0 1
11 483 0.148410081863 -481.0 1
12 233 0.0812571048737 -231.0 1
13 329 0.111386060715 -327.0 1
14 568 0.183464050293 -566.0 1
15 554 0.188564062119 -552.0 1
16 664 0.223038911819 -662.0 1
17 453 0.155574083328 -451.0 1
18 1275 0.409352064133 -1273.0 1
19 1596 0.517109155655 -1594.0 1
20 5000 1.64815092087 -4999.0 0
21 1132 0.364526033401 -1130.0 1
22 638 0.215393066406 -636.0 1
23 407 0.133923053741 -405.0 1
24 769 0.263051986694 -767.0 1
25 300 0.103865146637 -298.0 1
26 1239 0.417296886444 -1237.0 1
27 3083 0.966668128967 -3081.0 1
28 2894 0.976586103439 -2892.0 1
29 330 0.102543830872 -328.0 1
30 606 0.207035064697 -604.0 1
31 2352 0.816587924957 -2350.0 1
32 1304 0.448768138885 -1302.0 1
33 322 0.111943006516 -320.0 1
34 657 0.220232963562 -655.0 1
35 309 0.107934951782 -307.0 1
36 793 0.268303155899 -791.0 1
37 1365 0.455595016479 -1363.0 1
38 526 0.161062002182 -524.0 1
39 1858 0.616482019424 -1856.0 1
40 319 0.108136177063 -317.0 1
41 1427 0.468389034271 -1425.0 1
42 2056 0.699700832367 -2054.0 1
43 448 0.148998022079 -446.0 1
44 590 0.201701164246 -588.0 1
45 306 0.0978150367737 -304.0 1
46 522 0.194129943848 -520.0 1
47 324 0.103348016739 -322.0 1
48 836 0.280345201492 -834.0 1
49 1336 0.452111005783 -1334.0 1
0 3789 1.23157215118 -3787.0 1
1 3904 1.29098200798 -3902.0 1
2 448 0.141927957535 -446.0 1
3 912 0.293492794037 -910.0 1
4 404 0.13996887207 -402.0 1
5 842 0.276849985123 -840.0 1
6 238 0.0814778804779 -236.0 1
7 454 0.149808883667 -452.0 1
8 441 0.149338006973 -439.0 1
9 787 0.27001786232 -785.0 1
10 458 0.148569107056 -456.0 1
11 332 0.112753152847 -330.0 1
12 1089 0.608347892761 -1087.0 1
13 380 0.223868846893 -378.0 1
14 341 0.201357841492 -339.0 1
15 333 0.198109865189 -331.0 1
16 286 0.169281959534 -284.0 1
17 316 0.186480998993 -314.0 1
18 446 0.263570070267 -444.0 1
19 576 0.34064912796 -574.0 1
20 544 0.315946102142 -542.0 1
21 336 0.198877096176 -334.0 1
22 360 0.213744878769 -358.0 1
23 344 0.204117059708 -342.0 1
24 589 0.347733974457 -587.0 1
25 944 0.55651807785 -942.0 1
26 531 0.198421955109 -529.0 1
27 588 0.175292015076 -586.0 1
28 330 0.150940895081 -328.0 1
29 486 0.288126945496 -484.0 1
30 632 0.375468969345 -630.0 1
31 531 0.315358877182 -529.0 1
32 264 0.155542850494 -262.0 1
33 479 0.284013032913 -477.0 1
34 332 0.197489976883 -330.0 1
35 511 0.304272174835 -509.0 1
36 338 0.200689077377 -336.0 1
37 953 0.568414926529 -951.0 1
38 540 0.32164311409 -538.0 1
39 496 0.292736053467 -494.0 1
40 957 0.56868314743 -955.0 1
41 751 0.445036172867 -749.0 1
42 274 0.16165804863 -272.0 1
43 581 0.344049930573 -579.0 1
44 461 0.272381067276 -459.0 1
45 643 0.382462978363 -641.0 1
46 566 0.335363864899 -564.0 1
47 273 0.162230014801 -271.0 1
48 390 0.231602907181 -388.0 1
49 249 0.147272825241 -247.0 1
0 5000 2.96635293961 -4999.0 0
1 3729 2.22157096863 -3727.0 1
2 5000 2.91956281662 -4999.0 0
3 5000 2.50466394424 -4999.0 0
4 5000 1.74945092201 -4999.0 0
5 5000 1.63722395897 -4999.0 0
6 5000 1.67962098122 -4999.0 0
7 5000 1.65405607224 -4999.0 0
8 5000 1.63654708862 -4999.0 0
9 5000 1.62274098396 -4999.0 0
10 5000 1.70053005219 -4999.0 0
11 5000 1.78429603577 -4999.0 0
12 5000 1.86506986618 -4999.0 0
13 5000 1.49378705025 -4999.0 0
14 5000 1.75554013252 -4999.0 0
15 5000 1.54365301132 -4999.0 0
16 5000 2.38311982155 -4999.0 0
17 5000 1.66534304619 -4999.0 0
18 5000 1.71290111542 -4999.0 0
19 5000 1.64861106873 -4999.0 0
20 5000 1.75388002396 -4999.0 0
21 5000 2.66597986221 -4999.0 0
22 5000 2.26545619965 -4999.0 0
23 5000 1.65460395813 -4999.0 0
24 5000 1.78100395203 -4999.0 0
25 5000 1.71267914772 -4999.0 0
26 5000 1.70279884338 -4999.0 0
27 5000 1.60736584663 -4999.0 0
28 5000 1.62926006317 -4999.0 0
29 5000 1.65389299393 -4999.0 0
30 5000 1.63294506073 -4999.0 0
31 5000 1.65791106224 -4999.0 0
32 5000 1.64007997513 -4999.0 0
33 5000 1.64727401733 -4999.0 0
34 5000 1.88830304146 -4999.0 0
35 5000 1.73234009743 -4999.0 0
36 5000 1.63675403595 -4999.0 0
37 5000 1.71508407593 -4999.0 0
38 5000 1.64103007317 -4999.0 0
39 5000 1.59685087204 -4999.0 0
40 5000 1.70317101479 -4999.0 0
41 5000 1.81794118881 -4999.0 0
42 5000 1.70113611221 -4999.0 0
43 5000 1.76698899269 -4999.0 0
44 5000 1.84801912308 -4999.0 0
45 5000 1.73283791542 -4999.0 0
46 5000 2.33189797401 -4999.0 0
47 5000 2.3778231144 -4999.0 0
48 5000 2.19831490517 -4999.0 0
49 5000 2.34928703308 -4999.0 0
0 1381 0.645836114883 -1379.0 1
1 5000 2.2598528862 -4999.0 0
2 5000 2.24955797195 -4999.0 0
3 5000 2.34326505661 -4999.0 0
4 5000 2.30998301506 -4999.0 0
5 5000 2.22951292992 -4999.0 0
6 5000 2.24318504333 -4999.0 0
7 5000 2.32902908325 -4999.0 0
8 4591 2.01854610443 -4589.0 1
9 5000 2.33402204514 -4999.0 0
10 5000 2.3444378376 -4999.0 0
11 5000 2.24742913246 -4999.0 0
12 5000 2.34164500237 -4999.0 0
13 5000 2.44643998146 -4999.0 0
14 5000 2.2792429924 -4999.0 0
15 4514 2.12764406204 -4512.0 1
16 5000 2.3752310276 -4999.0 0
17 5000 2.29577207565 -4999.0 0
18 5000 2.33250999451 -4999.0 0
19 5000 2.28791904449 -4999.0 0
20 3086 1.07633495331 -3084.0 1
21 5000 1.72051501274 -4999.0 0
22 5000 1.66129684448 -4999.0 0
23 3365 1.11578583717 -3363.0 1
24 3447 1.11956691742 -3445.0 1
25 5000 1.67663812637 -4999.0 0
26 5000 1.64619398117 -4999.0 0
27 4267 2.38813209534 -4265.0 1
28 3558 1.54189991951 -3556.0 1
29 4475 1.43370699883 -4473.0 1
30 5000 1.63949990273 -4999.0 0
31 5000 1.64246487617 -4999.0 0
32 5000 1.7063100338 -4999.0 0
33 4442 1.49023985863 -4440.0 1
34 2224 0.77369594574 -2222.0 1
35 5000 1.66162800789 -4999.0 0
36 3547 1.21567583084 -3545.0 1
37 5000 1.61762690544 -4999.0 0
38 1596 0.535598993301 -1594.0 1
39 5000 1.62877893448 -4999.0 0
40 2273 0.721436977386 -2271.0 1
41 5000 1.62408995628 -4999.0 0
42 5000 1.68297791481 -4999.0 0
43 1662 0.530155897141 -1660.0 1
44 5000 1.9764559269 -4999.0 0
45 1244 0.831834077835 -1242.0 1
46 1964 1.03854298592 -1962.0 1
47 5000 1.64260101318 -4999.0 0
48 3101 1.02175617218 -3099.0 1
49 3064 1.04661202431 -3062.0 1
0 5000 1.67508101463 -4999.0 0
1 4372 1.49066400528 -4370.0 1
2 2431 1.02831888199 -2429.0 1
3 2416 0.804368019104 -2414.0 1
4 724 0.222360134125 -722.0 1
5 697 0.221585035324 -695.0 1
6 745 0.247364044189 -743.0 1
7 931 0.432414054871 -929.0 1
8 587 0.286682128906 -585.0 1
9 355 0.176864862442 -353.0 1
10 856 0.288403987885 -854.0 1
11 623 0.186275959015 -621.0 1
12 338 0.101359128952 -336.0 1
13 5000 1.59772014618 -4999.0 0
14 425 0.143254995346 -423.0 1
15 2023 0.672447919846 -2021.0 1
16 243 0.0852208137512 -241.0 1
17 2225 0.747049093246 -2223.0 1
18 209 0.0809020996094 -207.0 1
19 249 0.100172996521 -247.0 1
20 380 0.124004840851 -378.0 1
21 920 0.306771039963 -918.0 1
22 720 0.241517066956 -718.0 1
23 438 0.145121097565 -436.0 1
24 415 0.143393993378 -413.0 1
25 300 0.106328010559 -298.0 1
26 500 0.169762849808 -498.0 1
27 259 0.0868599414825 -257.0 1
28 303 0.107018947601 -301.0 1
29 350 0.118687868118 -348.0 1
30 605 0.197150945663 -603.0 1
31 388 0.125887870789 -386.0 1
32 250 0.0865299701691 -248.0 1
33 362 0.118945837021 -360.0 1
34 493 0.163022994995 -491.0 1
35 236 0.0850040912628 -234.0 1
36 221 0.0712690353394 -219.0 1
37 339 0.113738059998 -337.0 1
38 341 0.122079133987 -339.0 1
39 288 0.0916528701782 -286.0 1
40 573 0.200047969818 -571.0 1
41 238 0.077052116394 -236.0 1
42 273 0.0905740261078 -271.0 1
43 282 0.0895240306854 -280.0 1
44 306 0.0962269306183 -304.0 1
45 214 0.071261882782 -212.0 1
46 200 0.0704650878906 -198.0 1
47 326 0.106996059418 -324.0 1
48 224 0.0737080574036 -222.0 1
49 275 0.0928859710693 -273.0 1
0 5000 1.81748795509 -4999.0 0
1 5000 1.74298501015 -4999.0 0
2 1104 0.372756958008 -1102.0 1
3 771 0.262272834778 -769.0 1
4 826 0.281239032745 -824.0 1
5 5000 1.70451903343 -4999.0 0
6 717 0.238612174988 -715.0 1
7 728 0.242285966873 -726.0 1
8 1186 0.396792888641 -1184.0 1
9 529 0.175432920456 -527.0 1
10 1088 0.349893093109 -1086.0 1
11 462 0.14284491539 -460.0 1
12 5000 1.701431036 -4999.0 0
13 267 0.082230091095 -265.0 1
14 762 0.241174936295 -760.0 1
15 337 0.110629081726 -335.0 1
16 910 0.307111024857 -908.0 1
17 1242 0.4248919487 -1240.0 1
18 506 0.168351173401 -504.0 1
19 359 0.121693849564 -357.0 1
20 250 0.08615899086 -248.0 1
21 183 0.0602951049805 -181.0 1
22 208 0.0683760643005 -206.0 1
23 252 0.0801010131836 -250.0 1
24 482 0.148377180099 -480.0 1
25 207 0.0673348903656 -205.0 1
26 314 0.101162910461 -312.0 1
27 277 0.091775894165 -275.0 1
28 267 0.0907919406891 -265.0 1
29 443 0.138920068741 -441.0 1
30 501 0.166694879532 -499.0 1
31 203 0.0626630783081 -201.0 1
32 825 0.276156187057 -823.0 1
33 201 0.068666934967 -199.0 1
34 366 0.123775005341 -364.0 1
35 179 0.0580458641052 -177.0 1
36 221 0.0932919979095 -219.0 1
37 205 0.123764038086 -203.0 1
38 377 0.127252817154 -375.0 1
39 871 0.269098997116 -869.0 1
40 345 0.115441083908 -343.0 1
41 395 0.13122010231 -393.0 1
42 338 0.115625143051 -336.0 1
43 282 0.0867960453033 -280.0 1
44 292 0.0916531085968 -290.0 1
45 361 0.117369890213 -359.0 1
46 514 0.174947023392 -512.0 1
47 457 0.160131931305 -455.0 1
48 277 0.0919978618622 -275.0 1
49 217 0.0666170120239 -215.0 1
0 5000 1.76915192604 -4999.0 0
1 5000 1.71248984337 -4999.0 0
2 3301 1.10082697868 -3299.0 1
3 1157 0.437319993973 -1155.0 1
4 697 0.224644899368 -695.0 1
5 518 0.265744924545 -516.0 1
6 651 0.332637786865 -649.0 1
7 961 0.492858171463 -959.0 1
8 917 0.472536087036 -915.0 1
9 850 0.435837984085 -848.0 1
10 491 0.25265789032 -489.0 1
11 511 0.26016998291 -509.0 1
12 282 0.144561052322 -280.0 1
13 376 0.192968845367 -374.0 1
14 591 0.30176115036 -589.0 1
15 284 0.145505905151 -282.0 1
16 995 0.509449005127 -993.0 1
17 1269 0.480273008347 -1267.0 1
18 889 0.265367031097 -887.0 1
19 289 0.0869810581207 -287.0 1
20 1081 0.325914144516 -1079.0 1
21 614 0.184993982315 -612.0 1
22 1205 0.378888130188 -1203.0 1
23 1722 0.646562099457 -1720.0 1
24 1257 0.583588838577 -1255.0 1
25 1047 0.313522815704 -1045.0 1
26 4012 1.31295704842 -4010.0 1
27 2469 0.863899946213 -2467.0 1
28 1157 0.487889051437 -1155.0 1
29 966 0.310913801193 -964.0 1
30 1828 0.686756849289 -1826.0 1
31 228 0.0792028903961 -226.0 1
32 544 0.187229156494 -542.0 1
33 431 0.1458568573 -429.0 1
34 253 0.0846719741821 -251.0 1
35 398 0.143567800522 -396.0 1
36 771 0.263354063034 -769.0 1
37 267 0.0875380039215 -265.0 1
38 2418 0.899312019348 -2416.0 1
39 789 0.254436969757 -787.0 1
40 201 0.0683810710907 -199.0 1
41 269 0.0925719738007 -267.0 1
42 241 0.0784349441528 -239.0 1
43 239 0.0789911746979 -237.0 1
44 214 0.0789358615875 -212.0 1
45 173 0.0563879013062 -171.0 1
46 254 0.0817270278931 -252.0 1
47 277 0.0986130237579 -275.0 1
48 747 0.253445148468 -745.0 1
49 198 0.0667059421539 -196.0 1
0 5000 1.69766592979 -4999.0 0
1 5000 1.66568493843 -4999.0 0
2 5000 1.6300599575 -4999.0 0
3 5000 1.71411895752 -4999.0 0
4 5000 1.61277604103 -4999.0 0
5 5000 1.71045708656 -4999.0 0
6 5000 1.70612597466 -4999.0 0
7 5000 1.72306108475 -4999.0 0
8 5000 1.65796399117 -4999.0 0
9 5000 1.77902889252 -4999.0 0
10 5000 1.75587010384 -4999.0 0
11 5000 1.63422083855 -4999.0 0
12 5000 2.1458170414 -4999.0 0
13 5000 2.40287899971 -4999.0 0
14 5000 2.46331119537 -4999.0 0
15 5000 2.36904001236 -4999.0 0
16 5000 2.39918398857 -4999.0 0
17 3202 1.53287410736 -3200.0 1
18 1200 0.57585811615 -1198.0 1
19 1112 0.553546190262 -1110.0 1
20 845 0.441905021667 -843.0 1
21 778 0.416816949844 -776.0 1
22 899 0.430238008499 -897.0 1
23 1560 0.699270963669 -1558.0 1
24 694 0.328273057938 -692.0 1
25 573 0.276293039322 -571.0 1
26 699 0.361509084702 -697.0 1
27 809 0.391216039658 -807.0 1
28 1298 0.624179124832 -1296.0 1
29 1780 0.806796073914 -1778.0 1
30 2083 1.05466103554 -2081.0 1
31 1763 0.77699303627 -1761.0 1
32 988 0.422346830368 -986.0 1
33 947 0.438765048981 -945.0 1
34 1531 0.729496002197 -1529.0 1
35 976 0.453075885773 -974.0 1
36 1962 0.929789066315 -1960.0 1
37 1191 0.562980890274 -1189.0 1
38 3540 1.62586688995 -3538.0 1
39 1886 0.846668958664 -1884.0 1
40 1498 0.742499113083 -1496.0 1
41 941 0.474595785141 -939.0 1
42 2367 1.11628484726 -2365.0 1
43 1351 0.652189970016 -1349.0 1
44 799 0.371065855026 -797.0 1
45 992 0.44557595253 -990.0 1
46 1270 0.60804605484 -1268.0 1
47 1640 0.738906145096 -1638.0 1
48 1620 0.801075935364 -1618.0 1
49 1685 0.803475141525 -1683.0 1
0 5000 2.1733880043 -4999.0 0
1 5000 2.32480788231 -4999.0 0
2 5000 2.2854218483 -4999.0 0
3 5000 2.446007967 -4999.0 0
4 5000 2.52342605591 -4999.0 0
5 5000 2.49951887131 -4999.0 0
6 5000 2.49028611183 -4999.0 0
7 5000 2.53011012077 -4999.0 0
8 5000 2.42157316208 -4999.0 0
9 5000 2.35432696342 -4999.0 0
10 5000 2.32835698128 -4999.0 0
11 5000 2.37185811996 -4999.0 0
12 5000 2.30011987686 -4999.0 0
13 5000 2.30653190613 -4999.0 0
14 4001 1.84642982483 -3999.0 1
15 5000 2.27481889725 -4999.0 0
16 3813 1.78411602974 -3811.0 1
17 3737 1.9710290432 -3735.0 1
18 4554 2.32544207573 -4552.0 1
19 5000 2.27146720886 -4999.0 0
20 4883 2.21310400963 -4881.0 1
21 5000 2.87237906456 -4999.0 0
22 5000 2.25699806213 -4999.0 0
23 2160 1.01150012016 -2158.0 1
24 5000 2.31075501442 -4999.0 0
25 1806 0.805262088776 -1804.0 1
26 5000 2.48069882393 -4999.0 0
27 1627 0.752439975739 -1625.0 1
28 4671 2.2206299305 -4669.0 1
29 5000 2.32408285141 -4999.0 0
30 2113 1.00529694557 -2111.0 1
31 3694 1.75400018692 -3692.0 1
32 5000 2.35521602631 -4999.0 0
33 4468 2.24819612503 -4466.0 1
34 2853 1.52457690239 -2851.0 1
35 5000 2.66784906387 -4999.0 0
36 2188 1.16955709457 -2186.0 1
37 5000 2.67695593834 -4999.0 0
38 2037 0.883543014526 -2035.0 1
39 4888 2.29402494431 -4886.0 1
40 5000 2.2769780159 -4999.0 0
41 1641 0.745113134384 -1639.0 1
42 5000 2.32878899574 -4999.0 0
43 2658 1.37939786911 -2656.0 1
44 5000 2.26387786865 -4999.0 0
45 3887 1.86136102676 -3885.0 1
46 5000 2.30764508247 -4999.0 0
47 1158 0.539854049683 -1156.0 1
48 1445 0.680032968521 -1443.0 1
49 4515 2.10088586807 -4513.0 1
0 1680 0.81373500824 -1678.0 1
1 5000 2.36341714859 -4999.0 0
2 5000 2.37815093994 -4999.0 0
3 5000 2.49382710457 -4999.0 0
4 5000 2.48557806015 -4999.0 0
5 2446 1.14264798164 -2444.0 1
6 5000 2.44816493988 -4999.0 0
7 5000 2.30773591995 -4999.0 0
8 4653 2.14020490646 -4651.0 1
9 2260 1.05562400818 -2258.0 1
10 1803 0.834380865097 -1801.0 1
11 3804 2.07358694077 -3802.0 1
12 4045 2.38819003105 -4043.0 1
13 2788 1.62417292595 -2786.0 1
14 1726 1.01658010483 -1724.0 1
15 2848 1.66882395744 -2846.0 1
16 1265 0.743901014328 -1263.0 1
17 1130 0.665452957153 -1128.0 1
18 1214 0.717086076736 -1212.0 1
19 691 0.40723991394 -689.0 1
20 1151 0.685938835144 -1149.0 1
21 794 0.470948934555 -792.0 1
22 790 0.48863697052 -788.0 1
23 667 0.395717859268 -665.0 1
24 1626 0.967960119247 -1624.0 1
25 477 0.279882907867 -475.0 1
26 1044 0.621210098267 -1042.0 1
27 1101 0.507946014404 -1099.0 1
28 1906 0.901542901993 -1904.0 1
29 2728 1.30662989616 -2726.0 1
30 1373 0.636806964874 -1371.0 1
31 1432 0.656111001968 -1430.0 1
32 927 0.432270050049 -925.0 1
33 2002 0.946670055389 -2000.0 1
34 538 0.256808996201 -536.0 1
35 1116 0.530795812607 -1114.0 1
36 888 0.412676095963 -886.0 1
37 948 0.425165176392 -946.0 1
38 2171 1.00458407402 -2169.0 1
39 642 0.314538002014 -640.0 1
40 319 0.171629190445 -317.0 1
41 1192 0.634095191956 -1190.0 1
42 633 0.335978984833 -631.0 1
43 443 0.234694004059 -441.0 1
44 1641 0.821546077728 -1639.0 1
45 427 0.199747085571 -425.0 1
46 636 0.294317960739 -634.0 1
47 1199 0.571357965469 -1197.0 1
48 1099 0.518764972687 -1097.0 1
49 769 0.36490893364 -767.0 1
