trial, number of steps, runtime, accumulated reward, termination
0 2361 1.32446408272 -2359.0 1
1 5000 2.99732899666 -4999.0 0
2 3183 2.81969976425 -3181.0 1
3 3977 3.32703900337 -3975.0 1
4 4634 3.97545599937 -4632.0 1
5 5000 4.35620594025 -4999.0 0
6 5000 4.38151693344 -4999.0 0
7 5000 4.3601911068 -4999.0 0
8 5000 4.36677408218 -4999.0 0
9 5000 4.48096108437 -4999.0 0
10 3569 3.09526181221 -3567.0 1
11 5000 4.31447100639 -4999.0 0
12 5000 4.5154671669 -4999.0 0
13 5000 3.82176208496 -4999.0 0
14 5000 3.52247214317 -4999.0 0
15 5000 4.14548897743 -4999.0 0
16 4947 4.26972103119 -4945.0 1
17 5000 4.34787011147 -4999.0 0
18 5000 4.41898393631 -4999.0 0
19 2866 1.76911878586 -2864.0 1
20 5000 2.91268396378 -4999.0 0
21 3860 2.30633211136 -3858.0 1
22 4214 2.55089497566 -4212.0 1
23 5000 2.95915102959 -4999.0 0
24 3224 1.89669704437 -3222.0 1
25 3627 2.18370294571 -3625.0 1
26 5000 3.01257896423 -4999.0 0
27 5000 2.98194909096 -4999.0 0
28 5000 3.03194618225 -4999.0 0
29 5000 3.35289812088 -4999.0 0
30 3833 2.53362989426 -3831.0 1
31 3419 2.2796728611 -3417.0 1
32 5000 3.4102768898 -4999.0 0
33 4389 3.10624480247 -4387.0 1
34 5000 3.7564599514 -4999.0 0
35 3116 2.20484900475 -3114.0 1
36 3275 2.1894800663 -3273.0 1
37 5000 3.40653896332 -4999.0 0
38 5000 3.06107997894 -4999.0 0
39 5000 2.95505404472 -4999.0 0
40 5000 2.86655116081 -4999.0 0
41 5000 2.93607115746 -4999.0 0
42 5000 2.99130296707 -4999.0 0
43 5000 2.98428988457 -4999.0 0
44 3176 1.90727496147 -3174.0 1
45 5000 3.03556394577 -4999.0 0
46 5000 3.04384994507 -4999.0 0
47 4706 2.84392905235 -4704.0 1
48 5000 2.97321605682 -4999.0 0
49 5000 2.97703123093 -4999.0 0
0 5000 3.0266149044 -4999.0 0
1 5000 3.2908821106 -4999.0 0
2 5000 3.39548397064 -4999.0 0
3 5000 3.0059940815 -4999.0 0
4 5000 2.78101587296 -4999.0 0
5 5000 2.99688792229 -4999.0 0
6 5000 3.038626194 -4999.0 0
7 5000 2.92906904221 -4999.0 0
8 5000 2.96114516258 -4999.0 0
9 5000 2.63630104065 -4999.0 0
10 5000 2.89511084557 -4999.0 0
11 5000 2.90750718117 -4999.0 0
12 5000 2.97883605957 -4999.0 0
13 5000 3.15560102463 -4999.0 0
14 5000 3.07674908638 -4999.0 0
15 5000 2.85021305084 -4999.0 0
16 3433 1.94119405746 -3431.0 1
17 5000 2.83751320839 -4999.0 0
18 5000 2.89606499672 -4999.0 0
19 5000 2.833329916 -4999.0 0
20 5000 3.04198884964 -4999.0 0
21 5000 3.08066701889 -4999.0 0
22 5000 3.15905714035 -4999.0 0
23 5000 3.18564009666 -4999.0 0
24 4549 2.89152503014 -4547.0 1
25 3025 1.96028804779 -3023.0 1
26 5000 3.13789105415 -4999.0 0
27 5000 3.11339497566 -4999.0 0
28 5000 3.20420312881 -4999.0 0
29 5000 3.14915990829 -4999.0 0
30 5000 2.9404258728 -4999.0 0
31 5000 2.91471791267 -4999.0 0
32 5000 2.94002509117 -4999.0 0
33 5000 3.02692985535 -4999.0 0
34 5000 3.12318277359 -4999.0 0
35 5000 3.04274296761 -4999.0 0
36 5000 2.96330499649 -4999.0 0
37 5000 2.93313002586 -4999.0 0
38 3696 2.17946600914 -3694.0 1
39 5000 2.99572491646 -4999.0 0
40 5000 2.98865818977 -4999.0 0
41 5000 3.03972411156 -4999.0 0
42 5000 3.05219197273 -4999.0 0
43 5000 3.02011203766 -4999.0 0
44 5000 3.00849986076 -4999.0 0
45 5000 2.95673799515 -4999.0 0
46 5000 2.92000794411 -4999.0 0
47 5000 3.38340497017 -4999.0 0
48 4748 3.1676940918 -4746.0 1
49 5000 3.38717794418 -4999.0 0
0 1921 1.55110502243 -1919.0 1
1 5000 4.1806640625 -4999.0 0
2 5000 4.14634895325 -4999.0 0
3 5000 4.26789093018 -4999.0 0
4 5000 4.1250140667 -4999.0 0
5 5000 4.35692000389 -4999.0 0
6 5000 4.23840093613 -4999.0 0
7 5000 2.94831895828 -4999.0 0
8 5000 3.18771195412 -4999.0 0
9 5000 3.1687810421 -4999.0 0
10 5000 3.13598585129 -4999.0 0
11 5000 3.13130617142 -4999.0 0
12 5000 3.16385293007 -4999.0 0
13 5000 3.09003996849 -4999.0 0
14 5000 3.09356284142 -4999.0 0
15 5000 3.11579203606 -4999.0 0
16 5000 2.98617601395 -4999.0 0
17 5000 3.00184392929 -4999.0 0
18 5000 2.96497893333 -4999.0 0
19 5000 2.93752598763 -4999.0 0
20 5000 3.04397106171 -4999.0 0
21 5000 2.96897506714 -4999.0 0
22 5000 3.43582487106 -4999.0 0
23 5000 3.44268298149 -4999.0 0
24 5000 3.58930301666 -4999.0 0
25 5000 3.2627799511 -4999.0 0
26 5000 3.32464599609 -4999.0 0
27 5000 3.48549580574 -4999.0 0
28 5000 3.4060459137 -4999.0 0
29 5000 3.47798299789 -4999.0 0
30 5000 3.48470306396 -4999.0 0
31 5000 3.61261987686 -4999.0 0
32 5000 2.96330499649 -4999.0 0
33 5000 3.0221760273 -4999.0 0
34 5000 3.55521392822 -4999.0 0
35 5000 3.27868390083 -4999.0 0
36 5000 3.17382788658 -4999.0 0
37 5000 3.38374209404 -4999.0 0
38 5000 4.01841497421 -4999.0 0
39 5000 3.95007300377 -4999.0 0
40 5000 3.91178894043 -4999.0 0
41 5000 4.00533795357 -4999.0 0
42 5000 3.99018502235 -4999.0 0
43 5000 4.0604159832 -4999.0 0
44 5000 3.88767790794 -4999.0 0
45 5000 3.74702191353 -4999.0 0
46 5000 3.78305697441 -4999.0 0
47 5000 3.4948990345 -4999.0 0
48 5000 3.52720189095 -4999.0 0
49 5000 3.62648487091 -4999.0 0
0 3411 2.5777862072 -3409.0 1
1 5000 3.36493206024 -4999.0 0
2 5000 2.40542411804 -4999.0 0
3 5000 2.31297206879 -4999.0 0
4 5000 2.40067505836 -4999.0 0
5 5000 2.41719913483 -4999.0 0
6 5000 2.25228118896 -4999.0 0
7 4060 2.35819101334 -4058.0 1
8 5000 3.08315396309 -4999.0 0
9 5000 3.10768198967 -4999.0 0
10 4347 2.56889986992 -4345.0 1
11 5000 2.92551708221 -4999.0 0
12 5000 2.98112010956 -4999.0 0
13 5000 2.83677101135 -4999.0 0
14 5000 2.72562193871 -4999.0 0
15 5000 2.77261710167 -4999.0 0
16 5000 3.0274450779 -4999.0 0
17 5000 3.04507994652 -4999.0 0
18 5000 3.02484512329 -4999.0 0
19 5000 2.95605778694 -4999.0 0
20 4183 2.466766119 -4181.0 1
21 5000 3.0516500473 -4999.0 0
22 5000 3.02854800224 -4999.0 0
23 3078 1.87625098228 -3076.0 1
24 5000 2.94052910805 -4999.0 0
25 5000 2.9312479496 -4999.0 0
26 5000 2.98693704605 -4999.0 0
27 5000 2.95054793358 -4999.0 0
28 5000 2.96579098701 -4999.0 0
29 5000 2.95392417908 -4999.0 0
30 5000 2.90315914154 -4999.0 0
31 5000 2.9955739975 -4999.0 0
32 4608 2.65594696999 -4606.0 1
33 5000 3.41391992569 -4999.0 0
34 5000 3.44538187981 -4999.0 0
35 5000 3.55103302002 -4999.0 0
36 5000 3.67911505699 -4999.0 0
37 3849 2.84139990807 -3847.0 1
38 5000 3.68910694122 -4999.0 0
39 5000 3.47392392159 -4999.0 0
40 5000 3.40820598602 -4999.0 0
41 5000 3.06535100937 -4999.0 0
42 5000 2.65743589401 -4999.0 0
43 5000 2.81012892723 -4999.0 0
44 5000 2.91376304626 -4999.0 0
45 4892 2.66552305222 -4890.0 1
46 4102 1.9786131382 -4100.0 1
47 5000 2.51908588409 -4999.0 0
48 5000 2.44305205345 -4999.0 0
49 5000 2.37190890312 -4999.0 0
0 5000 2.82216501236 -4999.0 0
1 5000 3.05025601387 -4999.0 0
2 5000 3.03132891655 -4999.0 0
3 5000 3.13192009926 -4999.0 0
4 5000 3.03308916092 -4999.0 0
5 5000 3.13923501968 -4999.0 0
6 5000 3.07026219368 -4999.0 0
7 5000 2.94719099998 -4999.0 0
8 5000 2.95678806305 -4999.0 0
9 5000 3.02162885666 -4999.0 0
10 5000 3.05564498901 -4999.0 0
11 5000 3.088752985 -4999.0 0
12 5000 3.03346014023 -4999.0 0
13 5000 3.01171302795 -4999.0 0
14 5000 2.80528497696 -4999.0 0
15 5000 2.95377802849 -4999.0 0
16 5000 2.96346211433 -4999.0 0
17 5000 2.97248196602 -4999.0 0
18 5000 3.01918315887 -4999.0 0
19 5000 3.13361787796 -4999.0 0
20 5000 3.15559792519 -4999.0 0
21 5000 3.15525698662 -4999.0 0
22 5000 2.85712504387 -4999.0 0
23 5000 3.0376470089 -4999.0 0
24 5000 3.08061599731 -4999.0 0
25 5000 3.07428717613 -4999.0 0
26 5000 3.16934895515 -4999.0 0
27 5000 3.17969202995 -4999.0 0
28 5000 3.19832515717 -4999.0 0
29 5000 3.1410279274 -4999.0 0
30 5000 3.89197707176 -4999.0 0
31 5000 4.47240209579 -4999.0 0
32 5000 3.37106609344 -4999.0 0
33 5000 4.39309310913 -4999.0 0
34 5000 3.5538289547 -4999.0 0
35 5000 2.461124897 -4999.0 0
36 5000 2.49820280075 -4999.0 0
37 5000 2.48424482346 -4999.0 0
38 5000 2.45175695419 -4999.0 0
39 5000 2.85370182991 -4999.0 0
40 5000 3.00008106232 -4999.0 0
41 5000 3.00633883476 -4999.0 0
42 5000 2.94848895073 -4999.0 0
43 5000 2.93922281265 -4999.0 0
44 5000 2.88672399521 -4999.0 0
45 5000 2.86129593849 -4999.0 0
46 5000 2.89137387276 -4999.0 0
47 5000 2.12001514435 -4999.0 0
48 5000 1.5123269558 -4999.0 0
49 5000 1.50527787209 -4999.0 0
0 5000 1.54414415359 -4999.0 0
1 5000 1.62983798981 -4999.0 0
2 5000 1.54149794579 -4999.0 0
3 5000 1.66351699829 -4999.0 0
4 5000 1.64531493187 -4999.0 0
5 5000 1.5974509716 -4999.0 0
6 5000 1.59277796745 -4999.0 0
7 5000 1.6235640049 -4999.0 0
8 5000 2.02889895439 -4999.0 0
9 5000 1.75220799446 -4999.0 0
10 5000 1.71998786926 -4999.0 0
11 5000 1.72982597351 -4999.0 0
12 5000 2.87706422806 -4999.0 0
13 5000 1.851583004 -4999.0 0
14 5000 1.96906089783 -4999.0 0
15 5000 1.56065893173 -4999.0 0
16 5000 2.37268090248 -4999.0 0
17 5000 1.61818194389 -4999.0 0
18 5000 1.51969504356 -4999.0 0
19 5000 1.52895879745 -4999.0 0
20 5000 1.54297614098 -4999.0 0
21 5000 1.69389295578 -4999.0 0
22 5000 1.62636709213 -4999.0 0
23 5000 2.17182612419 -4999.0 0
24 5000 1.5237030983 -4999.0 0
25 5000 1.7201590538 -4999.0 0
26 5000 2.2555000782 -4999.0 0
27 5000 1.97849607468 -4999.0 0
28 5000 2.91263008118 -4999.0 0
29 5000 2.92177820206 -4999.0 0
30 5000 2.04032588005 -4999.0 0
31 5000 1.73042988777 -4999.0 0
32 5000 2.18405795097 -4999.0 0
33 5000 1.82215189934 -4999.0 0
34 5000 1.70943808556 -4999.0 0
35 5000 1.71894598007 -4999.0 0
36 5000 1.75717687607 -4999.0 0
37 5000 1.74000096321 -4999.0 0
38 5000 1.70155596733 -4999.0 0
39 5000 1.98321294785 -4999.0 0
40 5000 2.47186493874 -4999.0 0
41 5000 2.16398310661 -4999.0 0
42 5000 1.80811500549 -4999.0 0
43 5000 1.80652189255 -4999.0 0
44 5000 1.70759010315 -4999.0 0
45 5000 1.76527118683 -4999.0 0
46 5000 1.71048283577 -4999.0 0
47 5000 2.2797369957 -4999.0 0
48 5000 3.69995093346 -4999.0 0
49 5000 3.5572810173 -4999.0 0
0 5000 2.5527639389 -4999.0 0
1 3844 1.95337700844 -3842.0 1
2 5000 3.13236284256 -4999.0 0
3 2572 1.55339193344 -2570.0 1
4 4416 2.69078397751 -4414.0 1
5 5000 3.05962586403 -4999.0 0
6 1811 0.596816062927 -1809.0 1
7 5000 1.58042311668 -4999.0 0
8 5000 1.7425160408 -4999.0 0
9 2632 1.54256606102 -2630.0 1
10 1946 1.30486392975 -1944.0 1
11 5000 3.19201087952 -4999.0 0
12 5000 2.89268517494 -4999.0 0
13 5000 2.18553209305 -4999.0 0
14 2464 1.17268705368 -2462.0 1
15 1978 0.657212972641 -1976.0 1
16 5000 1.8842279911 -4999.0 0
17 5000 1.57953095436 -4999.0 0
18 5000 1.71769213676 -4999.0 0
19 2982 1.39976811409 -2980.0 1
20 5000 1.89038395882 -4999.0 0
21 5000 1.89155387878 -4999.0 0
22 4118 2.09335899353 -4116.0 1
23 5000 3.44967222214 -4999.0 0
24 5000 4.47583293915 -4999.0 0
25 5000 4.3623521328 -4999.0 0
26 1808 1.21831417084 -1806.0 1
27 3639 2.19754719734 -3637.0 1
28 5000 3.1359269619 -4999.0 0
29 5000 3.14875197411 -4999.0 0
30 2609 1.71177792549 -2607.0 1
31 1473 0.995697975159 -1471.0 1
32 5000 3.28709387779 -4999.0 0
33 5000 3.1380918026 -4999.0 0
34 5000 3.04954385757 -4999.0 0
35 2803 1.70183706284 -2801.0 1
36 5000 2.88516998291 -4999.0 0
37 1546 0.989631891251 -1544.0 1
38 2794 1.70212197304 -2792.0 1
39 2718 1.64399790764 -2716.0 1
40 5000 3.05575609207 -4999.0 0
41 2359 1.45352292061 -2357.0 1
42 5000 3.54153585434 -4999.0 0
43 5000 4.27667284012 -4999.0 0
44 5000 4.32148003578 -4999.0 0
45 5000 4.42279100418 -4999.0 0
46 2315 2.04444003105 -2313.0 1
47 5000 4.458122015 -4999.0 0
48 2148 1.98258280754 -2146.0 1
49 5000 4.45359492302 -4999.0 0
0 5000 4.41644001007 -4999.0 0
1 5000 4.53408885002 -4999.0 0
2 5000 4.30836582184 -4999.0 0
3 5000 4.31905508041 -4999.0 0
4 5000 4.31093096733 -4999.0 0
5 5000 4.43339395523 -4999.0 0
6 5000 3.69113302231 -4999.0 0
7 5000 2.90266990662 -4999.0 0
8 5000 2.81338691711 -4999.0 0
9 5000 2.94880700111 -4999.0 0
10 5000 2.9289958477 -4999.0 0
11 5000 2.88154888153 -4999.0 0
12 5000 2.86246609688 -4999.0 0
13 5000 2.83937382698 -4999.0 0
14 5000 2.94878697395 -4999.0 0
15 5000 3.12802004814 -4999.0 0
16 5000 2.99572205544 -4999.0 0
17 5000 3.04676485062 -4999.0 0
18 5000 3.00951814651 -4999.0 0
19 5000 2.96261811256 -4999.0 0
20 5000 2.98888683319 -4999.0 0
21 5000 3.03667783737 -4999.0 0
22 5000 3.05834579468 -4999.0 0
23 5000 2.85512089729 -4999.0 0
24 5000 2.87715101242 -4999.0 0
25 5000 2.95555090904 -4999.0 0
26 5000 3.04409098625 -4999.0 0
27 5000 2.95732498169 -4999.0 0
28 5000 2.96698999405 -4999.0 0
29 5000 2.9529800415 -4999.0 0
30 5000 3.14108896255 -4999.0 0
31 5000 3.0064971447 -4999.0 0
32 5000 2.85182595253 -4999.0 0
33 5000 2.9647269249 -4999.0 0
34 5000 3.03436613083 -4999.0 0
35 5000 2.98899817467 -4999.0 0
36 5000 2.95739603043 -4999.0 0
37 5000 2.95123505592 -4999.0 0
38 5000 2.9135799408 -4999.0 0
39 5000 2.92636013031 -4999.0 0
40 5000 2.94971585274 -4999.0 0
41 5000 2.99318194389 -4999.0 0
42 5000 3.00561213493 -4999.0 0
43 5000 2.9714410305 -4999.0 0
44 5000 2.9780459404 -4999.0 0
45 5000 2.86570382118 -4999.0 0
46 5000 2.67021894455 -4999.0 0
47 5000 2.61070799828 -4999.0 0
48 5000 2.85582208633 -4999.0 0
49 5000 2.93934893608 -4999.0 0
0 2376 1.42932200432 -2374.0 1
1 5000 3.15270400047 -4999.0 0
2 5000 3.57387089729 -4999.0 0
3 5000 4.03682899475 -4999.0 0
4 5000 4.15106987953 -4999.0 0
5 5000 4.30178999901 -4999.0 0
6 5000 4.36298108101 -4999.0 0
7 5000 4.38124585152 -4999.0 0
8 5000 4.34221196175 -4999.0 0
9 5000 4.33834218979 -4999.0 0
10 5000 4.28651404381 -4999.0 0
11 4531 3.87718391418 -4529.0 1
12 5000 4.29150915146 -4999.0 0
13 4521 3.93881201744 -4519.0 1
14 5000 4.18794608116 -4999.0 0
15 5000 2.65555906296 -4999.0 0
16 4929 2.59134912491 -4927.0 1
17 5000 2.40766620636 -4999.0 0
18 5000 2.5219810009 -4999.0 0
19 2726 1.61542797089 -2724.0 1
20 5000 3.0052292347 -4999.0 0
21 5000 3.17325305939 -4999.0 0
22 5000 3.41021203995 -4999.0 0
23 5000 3.38056516647 -4999.0 0
24 5000 3.34208393097 -4999.0 0
25 5000 3.50078320503 -4999.0 0
26 5000 2.62433099747 -4999.0 0
27 5000 3.12290692329 -4999.0 0
28 4025 2.63680696487 -4023.0 1
29 5000 3.25076198578 -4999.0 0
30 5000 3.14442801476 -4999.0 0
31 5000 3.03759407997 -4999.0 0
32 5000 2.93089795113 -4999.0 0
33 4566 2.67674899101 -4564.0 1
34 5000 3.05761003494 -4999.0 0
35 5000 3.02249503136 -4999.0 0
36 5000 2.93744111061 -4999.0 0
37 5000 2.70903611183 -4999.0 0
38 5000 2.48413109779 -4999.0 0
39 5000 2.94322180748 -4999.0 0
40 5000 2.98219013214 -4999.0 0
41 4158 2.53530812263 -4156.0 1
42 5000 3.00156998634 -4999.0 0
43 4833 3.01319789886 -4831.0 1
44 5000 2.91060805321 -4999.0 0
45 5000 2.47912406921 -4999.0 0
46 5000 2.86009502411 -4999.0 0
47 5000 3.13256692886 -4999.0 0
48 5000 3.09408307076 -4999.0 0
49 5000 3.08665800095 -4999.0 0
0 3073 1.56259584427 -3071.0 1
1 5000 3.21639108658 -4999.0 0
2 5000 2.93327093124 -4999.0 0
3 3460 2.18697690964 -3458.0 1
4 5000 2.96107292175 -4999.0 0
5 5000 3.10810899734 -4999.0 0
6 5000 2.20288801193 -4999.0 0
7 5000 2.42669415474 -4999.0 0
8 5000 2.40282702446 -4999.0 0
9 5000 2.34734487534 -4999.0 0
10 5000 2.59536981583 -4999.0 0
11 5000 2.61369800568 -4999.0 0
12 5000 3.07411408424 -4999.0 0
13 5000 2.98789095879 -4999.0 0
14 5000 2.43864512444 -4999.0 0
15 5000 2.56138396263 -4999.0 0
16 4076 1.77560210228 -4074.0 1
17 5000 3.11913084984 -4999.0 0
18 5000 3.0070309639 -4999.0 0
19 5000 2.97569394112 -4999.0 0
20 5000 3.05101203918 -4999.0 0
21 5000 2.98976492882 -4999.0 0
22 5000 2.76362800598 -4999.0 0
23 5000 2.40062308311 -4999.0 0
24 5000 2.92314600945 -4999.0 0
25 5000 2.88656902313 -4999.0 0
26 5000 2.98026704788 -4999.0 0
27 4871 2.95918297768 -4869.0 1
28 4377 2.73824596405 -4375.0 1
29 5000 2.42106509209 -4999.0 0
30 5000 2.68284988403 -4999.0 0
31 5000 2.70331692696 -4999.0 0
32 5000 2.67915797234 -4999.0 0
33 3935 2.16497206688 -3933.0 1
34 5000 2.77799987793 -4999.0 0
35 5000 1.91928601265 -4999.0 0
36 5000 2.80313897133 -4999.0 0
37 5000 2.74383115768 -4999.0 0
38 4606 2.40575003624 -4604.0 1
39 5000 2.78851699829 -4999.0 0
40 5000 2.11534905434 -4999.0 0
41 5000 2.54544711113 -4999.0 0
42 5000 2.83991599083 -4999.0 0
43 5000 3.41882705688 -4999.0 0
44 4969 3.01761507988 -4967.0 1
45 5000 2.96474194527 -4999.0 0
46 5000 2.83151984215 -4999.0 0
47 5000 2.40681481361 -4999.0 0
48 4570 2.49415016174 -4568.0 1
49 5000 3.02947306633 -4999.0 0
