trial, number of steps, runtime, accumulated reward, termination
0 14 0.00543999671936 11.0 1
1 11 0.0039210319519 8.0 1
2 11 0.00390291213989 8.0 1
3 19 0.00694799423218 16.0 1
4 18 0.00679993629456 15.0 1
5 11 0.0042130947113 8.0 1
6 16 0.00520610809326 13.0 1
7 17 0.00532698631287 14.0 1
8 11 0.00332593917847 8.0 1
9 14 0.00412392616272 11.0 1
10 11 0.00468397140503 8.0 1
11 16 0.00680494308472 13.0 1
12 32 0.0144519805908 29.0 1
13 -1 0.0 0.0 0
14 -1 0.0 0.0 0
15 -1 0.0 0.0 0
16 -1 0.0 0.0 0
17 -1 0.0 0.0 0
18 -1 0.0 0.0 0
19 -1 0.0 0.0 0
20 -1 0.0 0.0 0
21 -1 0.0 0.0 0
22 -1 0.0 0.0 0
23 -1 0.0 0.0 0
24 -1 0.0 0.0 0
25 -1 0.0 0.0 0
26 -1 0.0 0.0 0
27 -1 0.0 0.0 0
28 -1 0.0 0.0 0
29 -1 0.0 0.0 0
30 -1 0.0 0.0 0
31 -1 0.0 0.0 0
32 -1 0.0 0.0 0
33 -1 0.0 0.0 0
34 -1 0.0 0.0 0
35 -1 0.0 0.0 0
36 -1 0.0 0.0 0
37 -1 0.0 0.0 0
38 -1 0.0 0.0 0
39 -1 0.0 0.0 0
40 -1 0.0 0.0 0
41 -1 0.0 0.0 0
42 -1 0.0 0.0 0
43 -1 0.0 0.0 0
44 -1 0.0 0.0 0
45 -1 0.0 0.0 0
46 -1 0.0 0.0 0
47 -1 0.0 0.0 0
48 -1 0.0 0.0 0
49 -1 0.0 0.0 0
0 13 0.00551414489746 10.0 1
1 11 0.00450897216797 8.0 1
2 11 0.0046010017395 8.0 1
3 11 0.00448989868164 8.0 1
4 22 0.00924301147461 19.0 1
5 47 0.0217959880829 44.0 1
6 12 0.00484895706177 9.0 1
7 13 0.00547099113464 10.0 1
8 12 0.00495600700378 9.0 1
9 15 0.00628709793091 12.0 1
10 16 0.00671100616455 13.0 1
11 12 0.00488495826721 9.0 1
12 -1 0.0 0.0 0
13 -1 0.0 0.0 0
14 -1 0.0 0.0 0
15 -1 0.0 0.0 0
16 -1 0.0 0.0 0
17 -1 0.0 0.0 0
18 -1 0.0 0.0 0
19 -1 0.0 0.0 0
20 -1 0.0 0.0 0
21 -1 0.0 0.0 0
22 -1 0.0 0.0 0
23 -1 0.0 0.0 0
24 -1 0.0 0.0 0
25 -1 0.0 0.0 0
26 -1 0.0 0.0 0
27 -1 0.0 0.0 0
28 -1 0.0 0.0 0
29 -1 0.0 0.0 0
30 -1 0.0 0.0 0
31 -1 0.0 0.0 0
32 -1 0.0 0.0 0
33 -1 0.0 0.0 0
34 -1 0.0 0.0 0
35 -1 0.0 0.0 0
36 -1 0.0 0.0 0
37 -1 0.0 0.0 0
38 -1 0.0 0.0 0
39 -1 0.0 0.0 0
40 -1 0.0 0.0 0
41 -1 0.0 0.0 0
42 -1 0.0 0.0 0
43 -1 0.0 0.0 0
44 -1 0.0 0.0 0
45 -1 0.0 0.0 0
46 -1 0.0 0.0 0
47 -1 0.0 0.0 0
48 -1 0.0 0.0 0
49 -1 0.0 0.0 0
0 9 0.00370502471924 6.0 1
1 20 0.00857305526733 17.0 1
2 29 0.012284040451 26.0 1
3 13 0.00526189804077 10.0 1
4 17 0.00704407691956 14.0 1
5 16 0.00664186477661 13.0 1
6 13 0.00530815124512 10.0 1
7 14 0.0056300163269 11.0 1
8 24 0.0102529525757 21.0 1
9 18 0.00749206542969 15.0 1
10 10 0.00395703315735 7.0 1
11 9 0.0035719871521 6.0 1
12 -1 0.0 0.0 0
13 -1 0.0 0.0 0
14 -1 0.0 0.0 0
15 -1 0.0 0.0 0
16 -1 0.0 0.0 0
17 -1 0.0 0.0 0
18 -1 0.0 0.0 0
19 -1 0.0 0.0 0
20 -1 0.0 0.0 0
21 -1 0.0 0.0 0
22 -1 0.0 0.0 0
23 -1 0.0 0.0 0
24 -1 0.0 0.0 0
25 -1 0.0 0.0 0
26 -1 0.0 0.0 0
27 -1 0.0 0.0 0
28 -1 0.0 0.0 0
29 -1 0.0 0.0 0
30 -1 0.0 0.0 0
31 -1 0.0 0.0 0
32 -1 0.0 0.0 0
33 -1 0.0 0.0 0
34 -1 0.0 0.0 0
35 -1 0.0 0.0 0
36 -1 0.0 0.0 0
37 -1 0.0 0.0 0
38 -1 0.0 0.0 0
39 -1 0.0 0.0 0
40 -1 0.0 0.0 0
41 -1 0.0 0.0 0
42 -1 0.0 0.0 0
43 -1 0.0 0.0 0
44 -1 0.0 0.0 0
45 -1 0.0 0.0 0
46 -1 0.0 0.0 0
47 -1 0.0 0.0 0
48 -1 0.0 0.0 0
49 -1 0.0 0.0 0
0 13 0.00592088699341 10.0 1
1 13 0.00533080101013 10.0 1
2 17 0.00702214241028 14.0 1
3 12 0.00487995147705 9.0 1
4 14 0.00575113296509 11.0 1
5 16 0.00673699378967 13.0 1
6 10 0.00405097007751 7.0 1
7 11 0.00448799133301 8.0 1
8 13 0.00540995597839 10.0 1
9 16 0.00693798065186 13.0 1
10 21 0.00886917114258 18.0 1
11 12 0.00493502616882 9.0 1
12 10 0.00401306152344 7.0 1
13 15 0.00621390342712 12.0 1
14 -1 0.0 0.0 0
15 -1 0.0 0.0 0
16 -1 0.0 0.0 0
17 -1 0.0 0.0 0
18 -1 0.0 0.0 0
19 -1 0.0 0.0 0
20 -1 0.0 0.0 0
21 -1 0.0 0.0 0
22 -1 0.0 0.0 0
23 -1 0.0 0.0 0
24 -1 0.0 0.0 0
25 -1 0.0 0.0 0
26 -1 0.0 0.0 0
27 -1 0.0 0.0 0
28 -1 0.0 0.0 0
29 -1 0.0 0.0 0
30 -1 0.0 0.0 0
31 -1 0.0 0.0 0
32 -1 0.0 0.0 0
33 -1 0.0 0.0 0
34 -1 0.0 0.0 0
35 -1 0.0 0.0 0
36 -1 0.0 0.0 0
37 -1 0.0 0.0 0
38 -1 0.0 0.0 0
39 -1 0.0 0.0 0
40 -1 0.0 0.0 0
41 -1 0.0 0.0 0
42 -1 0.0 0.0 0
43 -1 0.0 0.0 0
44 -1 0.0 0.0 0
45 -1 0.0 0.0 0
46 -1 0.0 0.0 0
47 -1 0.0 0.0 0
48 -1 0.0 0.0 0
49 -1 0.0 0.0 0
0 9 0.00365400314331 6.0 1
1 12 0.00496697425842 9.0 1
2 20 0.00841784477234 17.0 1
3 10 0.00404500961304 7.0 1
4 10 0.00399088859558 7.0 1
5 13 0.00530290603638 10.0 1
6 13 0.00522112846375 10.0 1
7 12 0.00492382049561 9.0 1
8 11 0.00453495979309 8.0 1
9 13 0.00526094436646 10.0 1
10 13 0.00535082817078 10.0 1
11 12 0.00492310523987 9.0 1
12 10 0.00405383110046 7.0 1
13 14 0.0056369304657 11.0 1
14 13 0.00536489486694 10.0 1
15 13 0.00534009933472 10.0 1
16 -1 0.0 0.0 0
17 -1 0.0 0.0 0
18 -1 0.0 0.0 0
19 -1 0.0 0.0 0
20 -1 0.0 0.0 0
21 -1 0.0 0.0 0
22 -1 0.0 0.0 0
23 -1 0.0 0.0 0
24 -1 0.0 0.0 0
25 -1 0.0 0.0 0
26 -1 0.0 0.0 0
27 -1 0.0 0.0 0
28 -1 0.0 0.0 0
29 -1 0.0 0.0 0
30 -1 0.0 0.0 0
31 -1 0.0 0.0 0
32 -1 0.0 0.0 0
33 -1 0.0 0.0 0
34 -1 0.0 0.0 0
35 -1 0.0 0.0 0
36 -1 0.0 0.0 0
37 -1 0.0 0.0 0
38 -1 0.0 0.0 0
39 -1 0.0 0.0 0
40 -1 0.0 0.0 0
41 -1 0.0 0.0 0
42 -1 0.0 0.0 0
43 -1 0.0 0.0 0
44 -1 0.0 0.0 0
45 -1 0.0 0.0 0
46 -1 0.0 0.0 0
47 -1 0.0 0.0 0
48 -1 0.0 0.0 0
49 -1 0.0 0.0 0
0 19 0.0081901550293 16.0 1
1 13 0.0054988861084 10.0 1
2 13 0.00540804862976 10.0 1
3 13 0.00533318519592 10.0 1
4 20 0.00843596458435 17.0 1
5 9 0.00358986854553 6.0 1
6 13 0.00529599189758 10.0 1
7 21 0.00864601135254 18.0 1
8 11 0.00452613830566 8.0 1
9 16 0.00678110122681 13.0 1
10 13 0.005450963974 10.0 1
11 11 0.00448799133301 8.0 1
12 14 0.0058000087738 11.0 1
13 12 0.00490283966064 9.0 1
14 -1 0.0 0.0 0
15 -1 0.0 0.0 0
16 -1 0.0 0.0 0
17 -1 0.0 0.0 0
18 -1 0.0 0.0 0
19 -1 0.0 0.0 0
20 -1 0.0 0.0 0
21 -1 0.0 0.0 0
22 -1 0.0 0.0 0
23 -1 0.0 0.0 0
24 -1 0.0 0.0 0
25 -1 0.0 0.0 0
26 -1 0.0 0.0 0
27 -1 0.0 0.0 0
28 -1 0.0 0.0 0
29 -1 0.0 0.0 0
30 -1 0.0 0.0 0
31 -1 0.0 0.0 0
32 -1 0.0 0.0 0
33 -1 0.0 0.0 0
34 -1 0.0 0.0 0
35 -1 0.0 0.0 0
36 -1 0.0 0.0 0
37 -1 0.0 0.0 0
38 -1 0.0 0.0 0
39 -1 0.0 0.0 0
40 -1 0.0 0.0 0
41 -1 0.0 0.0 0
42 -1 0.0 0.0 0
43 -1 0.0 0.0 0
44 -1 0.0 0.0 0
45 -1 0.0 0.0 0
46 -1 0.0 0.0 0
47 -1 0.0 0.0 0
48 -1 0.0 0.0 0
49 -1 0.0 0.0 0
0 13 0.00553393363953 10.0 1
1 14 0.00577402114868 11.0 1
2 18 0.00765895843506 15.0 1
3 13 0.00538682937622 10.0 1
4 14 0.00587201118469 11.0 1
5 15 0.00643706321716 12.0 1
6 12 0.00496697425842 9.0 1
7 9 0.00358295440674 6.0 1
8 13 0.00539302825928 10.0 1
9 15 0.00623297691345 12.0 1
10 12 0.00482892990112 9.0 1
11 15 0.00613188743591 12.0 1
12 13 0.00541710853577 10.0 1
13 18 0.00762605667114 15.0 1
14 -1 0.0 0.0 0
15 -1 0.0 0.0 0
16 -1 0.0 0.0 0
17 -1 0.0 0.0 0
18 -1 0.0 0.0 0
19 -1 0.0 0.0 0
20 -1 0.0 0.0 0
21 -1 0.0 0.0 0
22 -1 0.0 0.0 0
23 -1 0.0 0.0 0
24 -1 0.0 0.0 0
25 -1 0.0 0.0 0
26 -1 0.0 0.0 0
27 -1 0.0 0.0 0
28 -1 0.0 0.0 0
29 -1 0.0 0.0 0
30 -1 0.0 0.0 0
31 -1 0.0 0.0 0
32 -1 0.0 0.0 0
33 -1 0.0 0.0 0
34 -1 0.0 0.0 0
35 -1 0.0 0.0 0
36 -1 0.0 0.0 0
37 -1 0.0 0.0 0
38 -1 0.0 0.0 0
39 -1 0.0 0.0 0
40 -1 0.0 0.0 0
41 -1 0.0 0.0 0
42 -1 0.0 0.0 0
43 -1 0.0 0.0 0
44 -1 0.0 0.0 0
45 -1 0.0 0.0 0
46 -1 0.0 0.0 0
47 -1 0.0 0.0 0
48 -1 0.0 0.0 0
49 -1 0.0 0.0 0
0 13 0.00550508499146 10.0 1
1 13 0.00560021400452 10.0 1
2 13 0.0052318572998 10.0 1
3 10 0.00401496887207 7.0 1
4 17 0.00710606575012 14.0 1
5 12 0.00497579574585 9.0 1
6 14 0.00585889816284 11.0 1
7 12 0.00501179695129 9.0 1
8 12 0.00468993186951 9.0 1
9 15 0.00620484352112 12.0 1
10 19 0.00809597969055 16.0 1
11 17 0.00703191757202 14.0 1
12 11 0.00434899330139 8.0 1
13 15 0.00619912147522 12.0 1
14 -1 0.0 0.0 0
15 -1 0.0 0.0 0
16 -1 0.0 0.0 0
17 -1 0.0 0.0 0
18 -1 0.0 0.0 0
19 -1 0.0 0.0 0
20 -1 0.0 0.0 0
21 -1 0.0 0.0 0
22 -1 0.0 0.0 0
23 -1 0.0 0.0 0
24 -1 0.0 0.0 0
25 -1 0.0 0.0 0
26 -1 0.0 0.0 0
27 -1 0.0 0.0 0
28 -1 0.0 0.0 0
29 -1 0.0 0.0 0
30 -1 0.0 0.0 0
31 -1 0.0 0.0 0
32 -1 0.0 0.0 0
33 -1 0.0 0.0 0
34 -1 0.0 0.0 0
35 -1 0.0 0.0 0
36 -1 0.0 0.0 0
37 -1 0.0 0.0 0
38 -1 0.0 0.0 0
39 -1 0.0 0.0 0
40 -1 0.0 0.0 0
41 -1 0.0 0.0 0
42 -1 0.0 0.0 0
43 -1 0.0 0.0 0
44 -1 0.0 0.0 0
45 -1 0.0 0.0 0
46 -1 0.0 0.0 0
47 -1 0.0 0.0 0
48 -1 0.0 0.0 0
49 -1 0.0 0.0 0
0 10 0.0040819644928 7.0 1
1 9 0.00350308418274 6.0 1
2 12 0.0048999786377 9.0 1
3 13 0.00539207458496 10.0 1
4 18 0.00769710540771 15.0 1
5 22 0.00925803184509 19.0 1
6 10 0.00407886505127 7.0 1
7 10 0.00404810905457 7.0 1
8 14 0.00591683387756 11.0 1
9 10 0.00405383110046 7.0 1
10 10 0.00400304794312 7.0 1
11 11 0.00449800491333 8.0 1
12 16 0.00673604011536 13.0 1
13 14 0.00581884384155 11.0 1
14 27 0.0115621089935 24.0 1
15 -1 0.0 0.0 0
16 -1 0.0 0.0 0
17 -1 0.0 0.0 0
18 -1 0.0 0.0 0
19 -1 0.0 0.0 0
20 -1 0.0 0.0 0
21 -1 0.0 0.0 0
22 -1 0.0 0.0 0
23 -1 0.0 0.0 0
24 -1 0.0 0.0 0
25 -1 0.0 0.0 0
26 -1 0.0 0.0 0
27 -1 0.0 0.0 0
28 -1 0.0 0.0 0
29 -1 0.0 0.0 0
30 -1 0.0 0.0 0
31 -1 0.0 0.0 0
32 -1 0.0 0.0 0
33 -1 0.0 0.0 0
34 -1 0.0 0.0 0
35 -1 0.0 0.0 0
36 -1 0.0 0.0 0
37 -1 0.0 0.0 0
38 -1 0.0 0.0 0
39 -1 0.0 0.0 0
40 -1 0.0 0.0 0
41 -1 0.0 0.0 0
42 -1 0.0 0.0 0
43 -1 0.0 0.0 0
44 -1 0.0 0.0 0
45 -1 0.0 0.0 0
46 -1 0.0 0.0 0
47 -1 0.0 0.0 0
48 -1 0.0 0.0 0
49 -1 0.0 0.0 0
0 12 0.00508189201355 9.0 1
1 20 0.00838899612427 17.0 1
2 12 0.00490403175354 9.0 1
3 14 0.00579905509949 11.0 1
4 14 0.00576782226562 11.0 1
5 17 0.00718307495117 14.0 1
6 13 0.00539112091064 10.0 1
7 10 0.00407314300537 7.0 1
8 11 0.00445079803467 8.0 1
9 18 0.00752401351929 15.0 1
10 10 0.00402808189392 7.0 1
11 10 0.0040590763092 7.0 1
12 10 0.00403714179993 7.0 1
13 10 0.00402903556824 7.0 1
14 10 0.00409293174744 7.0 1
15 -1 0.0 0.0 0
16 -1 0.0 0.0 0
17 -1 0.0 0.0 0
18 -1 0.0 0.0 0
19 -1 0.0 0.0 0
20 -1 0.0 0.0 0
21 -1 0.0 0.0 0
22 -1 0.0 0.0 0
23 -1 0.0 0.0 0
24 -1 0.0 0.0 0
25 -1 0.0 0.0 0
26 -1 0.0 0.0 0
27 -1 0.0 0.0 0
28 -1 0.0 0.0 0
29 -1 0.0 0.0 0
30 -1 0.0 0.0 0
31 -1 0.0 0.0 0
32 -1 0.0 0.0 0
33 -1 0.0 0.0 0
34 -1 0.0 0.0 0
35 -1 0.0 0.0 0
36 -1 0.0 0.0 0
37 -1 0.0 0.0 0
38 -1 0.0 0.0 0
39 -1 0.0 0.0 0
40 -1 0.0 0.0 0
41 -1 0.0 0.0 0
42 -1 0.0 0.0 0
43 -1 0.0 0.0 0
44 -1 0.0 0.0 0
45 -1 0.0 0.0 0
46 -1 0.0 0.0 0
47 -1 0.0 0.0 0
48 -1 0.0 0.0 0
49 -1 0.0 0.0 0
