trial, number of steps, runtime, accumulated reward, termination
0 14 0.00370097160339 11.0 1
1 43 0.0124158859253 40.0 1
2 12 0.00422096252441 9.0 1
3 12 0.00309300422668 9.0 1
4 30 0.0105547904968 27.0 1
5 10 0.00381898880005 7.0 1
6 11 0.00419783592224 8.0 1
7 9 0.00314712524414 6.0 1
8 11 0.00393295288086 8.0 1
9 10 0.00354790687561 7.0 1
10 12 0.00425100326538 9.0 1
11 10 0.00345993041992 7.0 1
12 81 0.0233061313629 78.0 1
13 21 0.00541996955872 18.0 1
14 10 0.00360989570618 7.0 1
15 8 0.00326681137085 5.0 1
16 11 0.00311183929443 8.0 1
17 27 0.00679707527161 24.0 1
18 387 0.139986038208 384.0 1
19 11 0.00418710708618 8.0 1
20 10 0.00419878959656 7.0 1
21 8 0.00319910049438 5.0 1
22 10 0.00406289100647 7.0 1
23 11 0.00446391105652 8.0 1
24 8 0.0030951499939 5.0 1
25 11 0.004399061203 8.0 1
26 11 0.00442600250244 8.0 1
27 12 0.00482988357544 9.0 1
28 11 0.00441694259644 8.0 1
29 10 0.0040340423584 7.0 1
30 10 0.00398302078247 7.0 1
31 8 0.00313496589661 5.0 1
32 11 0.00435900688171 8.0 1
33 8 0.00326991081238 5.0 1
34 10 0.00393295288086 7.0 1
35 10 0.00396108627319 7.0 1
36 11 0.00439286231995 8.0 1
37 12 0.00481796264648 9.0 1
38 10 0.00409197807312 7.0 1
39 10 0.00408911705017 7.0 1
40 13 0.00524997711182 10.0 1
41 11 0.00439095497131 8.0 1
42 10 0.00390696525574 7.0 1
43 10 0.00397896766663 7.0 1
44 12 0.00491905212402 9.0 1
45 12 0.00498104095459 9.0 1
46 13 0.00537395477295 10.0 1
47 11 0.00443506240845 8.0 1
48 9 0.00358700752258 6.0 1
49 10 0.00397610664368 7.0 1
0 9 0.00357294082642 6.0 1
1 8 0.00266098976135 5.0 1
2 36 0.013298034668 33.0 1
3 11 0.00440311431885 8.0 1
4 12 0.00477886199951 9.0 1
5 12 0.00495505332947 9.0 1
6 10 0.00398516654968 7.0 1
7 13 0.00526285171509 10.0 1
8 164 0.0918939113617 161.0 1
9 30 0.0198659896851 27.0 1
10 15 0.00785899162292 12.0 1
11 12 0.00655698776245 9.0 1
12 12 0.00652694702148 9.0 1
13 12 0.00667285919189 9.0 1
14 13 0.00691604614258 10.0 1
15 10 0.00517201423645 7.0 1
16 11 0.00581288337708 8.0 1
17 11 0.00573706626892 8.0 1
18 5000 2.82435297966 4999.0 0
19 28 0.015613079071 25.0 1
20 10 0.00519919395447 7.0 1
21 10 0.0053129196167 7.0 1
22 60 0.0334851741791 57.0 1
23 39 0.0214879512787 36.0 1
24 8 0.00409317016602 5.0 1
25 9 0.00462293624878 6.0 1
26 35 0.0194079875946 32.0 1
27 52 0.0294358730316 49.0 1
28 18 0.0108859539032 15.0 1
29 21 0.0117888450623 18.0 1
30 12 0.00645518302917 9.0 1
31 19 0.0104398727417 16.0 1
32 19 0.0103189945221 16.0 1
33 15 0.00818705558777 12.0 1
34 17 0.00949811935425 14.0 1
35 9 0.00482892990112 6.0 1
36 10 0.00540089607239 7.0 1
37 15 0.00794100761414 12.0 1
38 8 0.00407099723816 5.0 1
39 13 0.00704312324524 10.0 1
40 11 0.00583696365356 8.0 1
41 13 0.00719714164734 10.0 1
42 9 0.00481486320496 6.0 1
43 8 0.00422191619873 5.0 1
44 13 0.00698208808899 10.0 1
45 9 0.00467705726624 6.0 1
46 8 0.0040819644928 5.0 1
47 8 0.00406193733215 5.0 1
48 10 0.00527787208557 7.0 1
49 15 0.00839805603027 12.0 1
0 9 0.00522017478943 6.0 1
1 13 0.00722193717957 10.0 1
2 104 0.0598649978638 101.0 1
3 19 0.0105409622192 16.0 1
4 15 0.00803399085999 12.0 1
5 44 0.0255570411682 41.0 1
6 12 0.0104429721832 9.0 1
7 36 0.0209128856659 33.0 1
8 9 0.00474691390991 6.0 1
9 13 0.00710606575012 10.0 1
10 9 0.00468111038208 6.0 1
11 9 0.00470900535583 6.0 1
12 9 0.00474095344543 6.0 1
13 8 0.00415587425232 5.0 1
14 26 0.0145370960236 23.0 1
15 42 0.0238208770752 39.0 1
16 11 0.00587797164917 8.0 1
17 9 0.00481414794922 6.0 1
18 12 0.00660014152527 9.0 1
19 12 0.00660300254822 9.0 1
20 9 0.00482702255249 6.0 1
21 9 0.00486302375793 6.0 1
22 10 0.00573301315308 7.0 1
23 10 0.00538110733032 7.0 1
24 9 0.00477194786072 6.0 1
25 8 0.00424885749817 5.0 1
26 11 0.00601100921631 8.0 1
27 9 0.00472092628479 6.0 1
28 9 0.00476384162903 6.0 1
29 9 0.00470113754272 6.0 1
30 9 0.00487589836121 6.0 1
31 9 0.00474309921265 6.0 1
32 9 0.00473284721375 6.0 1
33 9 0.00469517707825 6.0 1
34 9 0.00477814674377 6.0 1
35 10 0.00544714927673 7.0 1
36 8 0.00413298606873 5.0 1
37 10 0.00548815727234 7.0 1
38 8 0.00418210029602 5.0 1
39 9 0.004723072052 6.0 1
40 10 0.00522708892822 7.0 1
41 9 0.00466012954712 6.0 1
42 9 0.00473213195801 6.0 1
43 10 0.00528717041016 7.0 1
44 10 0.00529980659485 7.0 1
45 10 0.00535106658936 7.0 1
46 9 0.00485706329346 6.0 1
47 9 0.0046980381012 6.0 1
48 8 0.00407600402832 5.0 1
49 9 0.00476217269897 6.0 1
0 12 0.00685715675354 9.0 1
1 10 0.00531005859375 7.0 1
2 10 0.00532221794128 7.0 1
3 10 0.0052809715271 7.0 1
4 12 0.00646805763245 9.0 1
5 10 0.00526189804077 7.0 1
6 178 0.102024078369 175.0 1
7 11 0.00588297843933 8.0 1
8 12 0.00643301010132 9.0 1
9 10 0.00527000427246 7.0 1
10 11 0.00581288337708 8.0 1
11 9 0.0046169757843 6.0 1
12 11 0.00592398643494 8.0 1
13 10 0.00524711608887 7.0 1
14 9 0.00469589233398 6.0 1
15 11 0.00582408905029 8.0 1
16 12 0.00637912750244 9.0 1
17 11 0.00603699684143 8.0 1
18 13 0.00690698623657 10.0 1
19 25 0.0142130851746 22.0 1
20 8 0.0042200088501 5.0 1
21 13 0.00713610649109 10.0 1
22 11 0.00633692741394 8.0 1
23 12 0.00675702095032 9.0 1
24 12 0.00668883323669 9.0 1
25 120 0.0704491138458 117.0 1
26 9 0.00473380088806 6.0 1
27 12 0.00736308097839 9.0 1
28 58 0.0335550308228 55.0 1
29 11 0.00608897209167 8.0 1
30 12 0.00661396980286 9.0 1
31 16 0.00893497467041 13.0 1
32 8 0.00420784950256 5.0 1
33 14 0.00775694847107 11.0 1
34 41 0.0235929489136 38.0 1
35 12 0.00653910636902 9.0 1
36 12 0.00656199455261 9.0 1
37 9 0.00473308563232 6.0 1
38 5000 3.03873586655 4999.0 0
39 18 0.010843038559 15.0 1
40 9 0.00507497787476 6.0 1
41 10 0.00558018684387 7.0 1
42 27 0.0163009166718 24.0 1
43 11 0.00615501403809 8.0 1
44 76 0.0459730625153 73.0 1
45 90 0.054750919342 87.0 1
46 88 0.053295135498 85.0 1
47 91 0.0546379089355 88.0 1
48 100 0.0617759227753 97.0 1
49 96 0.05952501297 93.0 1
0 14 0.00895118713379 11.0 1
1 12 0.00698208808899 9.0 1
2 10 0.00573396682739 7.0 1
3 9 0.00502800941467 6.0 1
4 10 0.00579404830933 7.0 1
5 12 0.00692415237427 9.0 1
6 85 0.0518231391907 82.0 1
7 11 0.00639486312866 8.0 1
8 11 0.00648379325867 8.0 1
9 17 0.0102190971375 14.0 1
10 39 0.0239229202271 36.0 1
11 15 0.0098659992218 12.0 1
12 833 0.509184837341 830.0 1
13 8 0.00452899932861 5.0 1
14 9 0.00500893592834 6.0 1
15 11 0.0063328742981 8.0 1
16 23 0.0137739181519 20.0 1
17 169 0.103097915649 166.0 1
18 162 0.0988960266113 159.0 1
19 77 0.0465409755707 74.0 1
20 12 0.00708889961243 9.0 1
21 9 0.00753688812256 6.0 1
22 11 0.00636982917786 8.0 1
23 10 0.00571608543396 7.0 1
24 9 0.00521612167358 6.0 1
25 9 0.00507998466492 6.0 1
26 11 0.00648808479309 8.0 1
27 9 0.00502419471741 6.0 1
28 9 0.00500702857971 6.0 1
29 9 0.00491404533386 6.0 1
30 10 0.00578093528748 7.0 1
31 8 0.00439620018005 5.0 1
32 9 0.00510597229004 6.0 1
33 9 0.005038022995 6.0 1
34 10 0.00573205947876 7.0 1
35 8 0.00458788871765 5.0 1
36 8 0.00448894500732 5.0 1
37 10 0.00569605827332 7.0 1
38 8 0.00456500053406 5.0 1
39 9 0.00519704818726 6.0 1
40 9 0.00512099266052 6.0 1
41 14 0.00835394859314 11.0 1
42 10 0.00585699081421 7.0 1
43 10 0.00574994087219 7.0 1
44 10 0.0055239200592 7.0 1
45 9 0.00516390800476 6.0 1
46 8 0.00467205047607 5.0 1
47 11 0.00645112991333 8.0 1
48 9 0.00504899024963 6.0 1
49 11 0.00630497932434 8.0 1
0 11 0.00672507286072 8.0 1
1 12 0.00713992118835 9.0 1
2 10 0.00474882125854 7.0 1
3 12 0.00323081016541 9.0 1
4 9 0.00233602523804 6.0 1
5 9 0.00232815742493 6.0 1
6 10 0.0026741027832 7.0 1
7 8 0.00211787223816 5.0 1
8 11 0.00292205810547 8.0 1
9 9 0.00241303443909 6.0 1
10 2514 1.42110419273 2511.0 1
11 10 0.00616788864136 7.0 1
12 10 0.00627398490906 7.0 1
13 10 0.00633716583252 7.0 1
14 10 0.00652408599854 7.0 1
15 8 0.00495004653931 5.0 1
16 8 0.00506401062012 5.0 1
17 10 0.00628805160522 7.0 1
18 9 0.00543403625488 6.0 1
19 10 0.00616478919983 7.0 1
20 12 0.00762987136841 9.0 1
21 11 0.00689601898193 8.0 1
22 12 0.00759506225586 9.0 1
23 10 0.0062038898468 7.0 1
24 8 0.00533819198608 5.0 1
25 10 0.00615382194519 7.0 1
26 10 0.00624394416809 7.0 1
27 9 0.00564002990723 6.0 1
28 8 0.00496196746826 5.0 1
29 13 0.00849795341492 10.0 1
30 9 0.00587296485901 6.0 1
31 8 0.00512003898621 5.0 1
32 9 0.00574898719788 6.0 1
33 9 0.00588297843933 6.0 1
34 9 0.00595092773438 6.0 1
35 10 0.00667595863342 7.0 1
36 9 0.00584101676941 6.0 1
37 8 0.00513982772827 5.0 1
38 10 0.00704312324524 7.0 1
39 10 0.0065598487854 7.0 1
40 11 0.00725102424622 8.0 1
41 16 0.0107848644257 13.0 1
42 9 0.00586199760437 6.0 1
43 9 0.0057201385498 6.0 1
44 11 0.00697302818298 8.0 1
45 9 0.00553202629089 6.0 1
46 10 0.00625681877136 7.0 1
47 8 0.00492691993713 5.0 1
48 10 0.00646495819092 7.0 1
49 10 0.00659513473511 7.0 1
0 10 0.0072169303894 7.0 1
1 11 0.00703597068787 8.0 1
2 9 0.00567293167114 6.0 1
3 11 0.00694584846497 8.0 1
4 10 0.00624489784241 7.0 1
5 11 0.00698280334473 8.0 1
6 10 0.00636696815491 7.0 1
7 12 0.00760912895203 9.0 1
8 13 0.00823783874512 10.0 1
9 13 0.00834798812866 10.0 1
10 10 0.00625014305115 7.0 1
11 38 0.0265040397644 35.0 1
12 12 0.00797009468079 9.0 1
13 12 0.00870895385742 9.0 1
14 392 0.280264139175 389.0 1
15 12 0.00810384750366 9.0 1
16 12 0.00773692131042 9.0 1
17 14 0.00917983055115 11.0 1
18 8 0.00503015518188 5.0 1
19 10 0.00645995140076 7.0 1
20 13 0.00844216346741 10.0 1
21 16 0.0106251239777 13.0 1
22 14 0.00942802429199 11.0 1
23 9 0.00587701797485 6.0 1
24 8 0.00545597076416 5.0 1
25 16 0.0104060173035 13.0 1
26 12 0.00773406028748 9.0 1
27 9 0.00568604469299 6.0 1
28 15 0.00972414016724 12.0 1
29 9 0.00569605827332 6.0 1
30 10 0.00642800331116 7.0 1
31 15 0.00996804237366 12.0 1
32 8 0.00500988960266 5.0 1
33 10 0.00658798217773 7.0 1
34 9 0.0059700012207 6.0 1
35 8 0.00514101982117 5.0 1
36 8 0.00525689125061 5.0 1
37 8 0.00506997108459 5.0 1
38 9 0.00565886497498 6.0 1
39 9 0.00560688972473 6.0 1
40 12 0.00778985023499 9.0 1
41 11 0.00718903541565 8.0 1
42 8 0.00497794151306 5.0 1
43 8 0.00506520271301 5.0 1
44 8 0.00501585006714 5.0 1
45 9 0.00567483901978 6.0 1
46 8 0.00502014160156 5.0 1
47 11 0.00709891319275 8.0 1
48 8 0.00499796867371 5.0 1
49 16 0.010577917099 13.0 1
0 9 0.00606513023376 6.0 1
1 11 0.00714182853699 8.0 1
2 11 0.00719785690308 8.0 1
3 13 0.0083749294281 10.0 1
4 11 0.00685214996338 8.0 1
5 17 0.0114140510559 14.0 1
6 84 0.0587358474731 81.0 1
7 10 0.00658893585205 7.0 1
8 13 0.00842499732971 10.0 1
9 10 0.00647592544556 7.0 1
10 10 0.00653100013733 7.0 1
11 8 0.00503277778625 5.0 1
12 9 0.00587296485901 6.0 1
13 10 0.00640797615051 7.0 1
14 16 0.0109448432922 13.0 1
15 10 0.00664091110229 7.0 1
16 12 0.00785183906555 9.0 1
17 11 0.00728011131287 8.0 1
18 12 0.00791120529175 9.0 1
19 9 0.00585293769836 6.0 1
20 9 0.0057909488678 6.0 1
21 8 0.00513195991516 5.0 1
22 12 0.0078239440918 9.0 1
23 9 0.00567102432251 6.0 1
24 9 0.00566506385803 6.0 1
25 12 0.00780987739563 9.0 1
26 8 0.00520491600037 5.0 1
27 12 0.00825095176697 9.0 1
28 12 0.00805711746216 9.0 1
29 12 0.00807404518127 9.0 1
30 12 0.0103979110718 9.0 1
31 8 0.00549793243408 5.0 1
32 12 0.00827193260193 9.0 1
33 9 0.00605797767639 6.0 1
34 9 0.00595593452454 6.0 1
35 9 0.00610995292664 6.0 1
36 9 0.00566506385803 6.0 1
37 10 0.00649404525757 7.0 1
38 10 0.00653100013733 7.0 1
39 9 0.00578498840332 6.0 1
40 10 0.00647616386414 7.0 1
41 10 0.00653791427612 7.0 1
42 11 0.0074028968811 8.0 1
43 12 0.00835800170898 9.0 1
44 9 0.00607204437256 6.0 1
45 12 0.00817489624023 9.0 1
46 11 0.00744009017944 8.0 1
47 11 0.00744318962097 8.0 1
48 11 0.00749087333679 8.0 1
49 9 0.0060122013092 6.0 1
0 12 0.00861597061157 9.0 1
1 10 0.00684499740601 7.0 1
2 11 0.00756597518921 8.0 1
3 12 0.00831985473633 9.0 1
4 8 0.00525093078613 5.0 1
5 12 0.00882601737976 9.0 1
6 8 0.00547194480896 5.0 1
7 9 0.0059700012207 6.0 1
8 10 0.00684714317322 7.0 1
9 15 0.0101909637451 12.0 1
10 9 0.00611710548401 6.0 1
11 8 0.00527000427246 5.0 1
12 11 0.00750112533569 8.0 1
13 8 0.00529885292053 5.0 1
14 8 0.00523996353149 5.0 1
15 10 0.00662803649902 7.0 1
16 9 0.00589394569397 6.0 1
17 8 0.00525188446045 5.0 1
18 9 0.0059609413147 6.0 1
19 9 0.00593900680542 6.0 1
20 9 0.00593400001526 6.0 1
21 11 0.007483959198 8.0 1
22 9 0.00601696968079 6.0 1
23 12 0.00806784629822 9.0 1
24 12 0.00805115699768 9.0 1
25 12 0.008465051651 9.0 1
26 13 0.00882411003113 10.0 1
27 11 0.00732088088989 8.0 1
28 10 0.00667119026184 7.0 1
29 8 0.0051600933075 5.0 1
30 9 0.00595998764038 6.0 1
31 9 0.00586795806885 6.0 1
32 8 0.0051600933075 5.0 1
33 8 0.00531792640686 5.0 1
34 12 0.00786304473877 9.0 1
35 10 0.00648617744446 7.0 1
36 10 0.00639081001282 7.0 1
37 8 0.00492191314697 5.0 1
38 13 0.00863003730774 10.0 1
39 9 0.00521111488342 6.0 1
40 12 0.00584602355957 9.0 1
41 12 0.00653004646301 9.0 1
42 10 0.00324392318726 7.0 1
43 8 0.00250005722046 5.0 1
44 13 0.00362396240234 10.0 1
45 11 0.00297808647156 8.0 1
46 8 0.00210213661194 5.0 1
47 10 0.0026741027832 7.0 1
48 12 0.00327205657959 9.0 1
49 8 0.00211787223816 5.0 1
0 10 0.00297784805298 7.0 1
1 12 0.00476288795471 9.0 1
2 13 0.00636386871338 10.0 1
3 10 0.0065131187439 7.0 1
4 11 0.00567102432251 8.0 1
5 11 0.00588011741638 8.0 1
6 136 0.0731658935547 133.0 1
7 11 0.00530505180359 8.0 1
8 10 0.00559282302856 7.0 1
9 16 0.00752997398376 13.0 1
10 8 0.00377011299133 5.0 1
11 9 0.00360083580017 6.0 1
12 9 0.00380682945251 6.0 1
13 10 0.00473284721375 7.0 1
14 11 0.00541496276855 8.0 1
15 12 0.00619912147522 9.0 1
16 11 0.00597906112671 8.0 1
17 8 0.00401496887207 5.0 1
18 11 0.00559306144714 8.0 1
19 9 0.00457787513733 6.0 1
20 10 0.00504302978516 7.0 1
21 11 0.00559878349304 8.0 1
22 9 0.00438404083252 6.0 1
23 10 0.00500798225403 7.0 1
24 8 0.00391387939453 5.0 1
25 20 0.0101659297943 17.0 1
26 9 0.00437808036804 6.0 1
27 10 0.00492787361145 7.0 1
28 9 0.00436115264893 6.0 1
29 8 0.00376296043396 5.0 1
30 9 0.00422692298889 6.0 1
31 8 0.00367093086243 5.0 1
32 12 0.0064799785614 9.0 1
33 8 0.00410985946655 5.0 1
34 11 0.00562500953674 8.0 1
35 10 0.00528693199158 7.0 1
36 12 0.0062038898468 9.0 1
37 8 0.00419497489929 5.0 1
38 12 0.00634098052979 9.0 1
39 11 0.00583291053772 8.0 1
40 11 0.00603580474854 8.0 1
41 8 0.00425601005554 5.0 1
42 8 0.00405979156494 5.0 1
43 11 0.00565695762634 8.0 1
44 9 0.00493693351746 6.0 1
45 8 0.00427508354187 5.0 1
46 12 0.00673890113831 9.0 1
47 10 0.00512003898621 7.0 1
48 8 0.00402593612671 5.0 1
49 10 0.00499200820923 7.0 1
