trial, number of steps, runtime, accumulated reward, termination
0 5000 2.38234996796 -4999.0 0
1 5000 3.15430998802 -4999.0 0
2 5000 3.71384096146 -4999.0 0
3 5000 3.74729299545 -4999.0 0
4 5000 3.76806497574 -4999.0 0
5 5000 3.84129285812 -4999.0 0
6 5000 3.89791703224 -4999.0 0
7 5000 3.88829898834 -4999.0 0
8 5000 3.86669516563 -4999.0 0
9 5000 2.74661803246 -4999.0 0
10 5000 3.19957280159 -4999.0 0
11 5000 2.96588611603 -4999.0 0
12 5000 2.89254498482 -4999.0 0
13 5000 2.90547299385 -4999.0 0
14 5000 2.88472294807 -4999.0 0
15 5000 2.92204999924 -4999.0 0
16 5000 2.93307709694 -4999.0 0
17 5000 2.86277103424 -4999.0 0
18 5000 2.98027801514 -4999.0 0
19 5000 2.95052695274 -4999.0 0
20 5000 2.81639695168 -4999.0 0
21 5000 4.10865807533 -4999.0 0
22 5000 4.19192481041 -4999.0 0
23 5000 4.24550700188 -4999.0 0
24 5000 4.29343295097 -4999.0 0
25 5000 4.25788116455 -4999.0 0
26 5000 4.26189994812 -4999.0 0
27 5000 4.31071996689 -4999.0 0
28 5000 4.27507615089 -4999.0 0
29 5000 2.85310316086 -4999.0 0
30 5000 2.90584611893 -4999.0 0
31 5000 2.89315295219 -4999.0 0
32 5000 2.92652606964 -4999.0 0
33 5000 2.91790485382 -4999.0 0
34 5000 3.02932596207 -4999.0 0
35 5000 3.06090593338 -4999.0 0
36 5000 2.99062204361 -4999.0 0
37 5000 2.93600296974 -4999.0 0
38 5000 4.13961291313 -4999.0 0
39 5000 3.86233997345 -4999.0 0
40 5000 3.3775639534 -4999.0 0
41 5000 3.27827715874 -4999.0 0
42 5000 3.18744897842 -4999.0 0
43 5000 2.83103513718 -4999.0 0
44 5000 2.79071211815 -4999.0 0
45 5000 2.72424292564 -4999.0 0
46 5000 2.71846294403 -4999.0 0
47 5000 2.70334506035 -4999.0 0
48 5000 2.67732191086 -4999.0 0
49 5000 2.69752597809 -4999.0 0
0 5000 3.08620619774 -4999.0 0
1 5000 3.09153819084 -4999.0 0
2 5000 3.06528902054 -4999.0 0
3 5000 3.01225614548 -4999.0 0
4 5000 3.01662397385 -4999.0 0
5 5000 2.91025185585 -4999.0 0
6 5000 2.95678901672 -4999.0 0
7 5000 2.69642210007 -4999.0 0
8 5000 2.69077014923 -4999.0 0
9 5000 2.9468998909 -4999.0 0
10 5000 2.96922802925 -4999.0 0
11 5000 2.99444198608 -4999.0 0
12 5000 2.95339298248 -4999.0 0
13 5000 3.03903913498 -4999.0 0
14 5000 3.03424787521 -4999.0 0
15 5000 3.04717516899 -4999.0 0
16 5000 2.97910881042 -4999.0 0
17 5000 3.06727600098 -4999.0 0
18 5000 2.97654795647 -4999.0 0
19 5000 2.96982812881 -4999.0 0
20 5000 3.04925203323 -4999.0 0
21 5000 3.00328016281 -4999.0 0
22 5000 3.02418804169 -4999.0 0
23 5000 3.04815816879 -4999.0 0
24 5000 3.04045200348 -4999.0 0
25 5000 2.49605107307 -4999.0 0
26 5000 2.49384903908 -4999.0 0
27 5000 2.50081777573 -4999.0 0
28 5000 2.49146103859 -4999.0 0
29 5000 2.71432209015 -4999.0 0
30 5000 3.25530290604 -4999.0 0
31 5000 3.19539880753 -4999.0 0
32 5000 3.11204409599 -4999.0 0
33 5000 3.17585515976 -4999.0 0
34 5000 3.08955001831 -4999.0 0
35 5000 3.13773608208 -4999.0 0
36 5000 3.04550480843 -4999.0 0
37 5000 3.05880904198 -4999.0 0
38 5000 3.07149505615 -4999.0 0
39 5000 3.10343003273 -4999.0 0
40 5000 3.06097388268 -4999.0 0
41 5000 3.06193304062 -4999.0 0
42 5000 3.02096414566 -4999.0 0
43 5000 2.9787299633 -4999.0 0
44 5000 3.02294397354 -4999.0 0
45 5000 2.93240714073 -4999.0 0
46 5000 2.9593501091 -4999.0 0
47 5000 3.07856297493 -4999.0 0
48 5000 3.11399912834 -4999.0 0
49 5000 3.04785680771 -4999.0 0
0 5000 3.08407592773 -4999.0 0
1 5000 3.21185088158 -4999.0 0
2 5000 3.22528719902 -4999.0 0
3 5000 3.21257591248 -4999.0 0
4 5000 3.10227489471 -4999.0 0
5 5000 3.20358395576 -4999.0 0
6 5000 3.12975597382 -4999.0 0
7 5000 3.16970205307 -4999.0 0
8 5000 3.12348008156 -4999.0 0
9 5000 3.08804607391 -4999.0 0
10 5000 3.01620817184 -4999.0 0
11 5000 3.13921189308 -4999.0 0
12 5000 3.14246296883 -4999.0 0
13 5000 3.01640105247 -4999.0 0
14 5000 2.42956900597 -4999.0 0
15 5000 2.57994890213 -4999.0 0
16 5000 3.56883597374 -4999.0 0
17 5000 3.12053108215 -4999.0 0
18 5000 3.14789104462 -4999.0 0
19 5000 3.08414506912 -4999.0 0
20 5000 3.02461791039 -4999.0 0
21 5000 2.70710515976 -4999.0 0
22 5000 3.38920903206 -4999.0 0
23 5000 3.36227989197 -4999.0 0
24 5000 3.2567179203 -4999.0 0
25 5000 2.83334422112 -4999.0 0
26 5000 2.86080789566 -4999.0 0
27 5000 3.02949714661 -4999.0 0
28 5000 3.06803917885 -4999.0 0
29 5000 3.0433139801 -4999.0 0
30 5000 2.93345999718 -4999.0 0
31 5000 2.69345617294 -4999.0 0
32 5000 2.40117692947 -4999.0 0
33 5000 3.01929712296 -4999.0 0
34 5000 3.21303200722 -4999.0 0
35 5000 3.02330088615 -4999.0 0
36 5000 3.06646585464 -4999.0 0
37 5000 3.04164814949 -4999.0 0
38 5000 3.21176099777 -4999.0 0
39 5000 3.66158103943 -4999.0 0
40 5000 3.52520990372 -4999.0 0
41 5000 3.5024061203 -4999.0 0
42 5000 3.74551296234 -4999.0 0
43 5000 3.51344394684 -4999.0 0
44 5000 3.40498900414 -4999.0 0
45 5000 3.6131029129 -4999.0 0
46 5000 3.69221687317 -4999.0 0
47 5000 3.61578583717 -4999.0 0
48 5000 3.59186601639 -4999.0 0
49 5000 3.64201807976 -4999.0 0
0 5000 3.73463988304 -4999.0 0
1 5000 3.70167207718 -4999.0 0
2 5000 3.37893795967 -4999.0 0
3 5000 3.03399205208 -4999.0 0
4 5000 3.05913305283 -4999.0 0
5 5000 3.03731203079 -4999.0 0
6 5000 3.02683091164 -4999.0 0
7 5000 2.99617600441 -4999.0 0
8 5000 3.00242900848 -4999.0 0
9 5000 3.20446801186 -4999.0 0
10 5000 3.16835904121 -4999.0 0
11 5000 2.91363310814 -4999.0 0
12 5000 3.02425599098 -4999.0 0
13 5000 2.98585486412 -4999.0 0
14 5000 2.97573900223 -4999.0 0
15 5000 2.89903903008 -4999.0 0
16 5000 2.99581503868 -4999.0 0
17 5000 3.00869417191 -4999.0 0
18 5000 3.12100410461 -4999.0 0
19 5000 3.02742600441 -4999.0 0
20 5000 2.99335813522 -4999.0 0
21 5000 3.01439785957 -4999.0 0
22 5000 2.95616197586 -4999.0 0
23 5000 3.00547099113 -4999.0 0
24 5000 2.95885586739 -4999.0 0
25 5000 3.0929749012 -4999.0 0
26 5000 3.2342569828 -4999.0 0
27 5000 3.19856595993 -4999.0 0
28 5000 3.17954802513 -4999.0 0
29 5000 2.78470897675 -4999.0 0
30 5000 2.98359799385 -4999.0 0
31 5000 3.14488601685 -4999.0 0
32 5000 3.11593389511 -4999.0 0
33 5000 3.11082792282 -4999.0 0
34 5000 3.16041493416 -4999.0 0
35 5000 3.16203594208 -4999.0 0
36 5000 3.20474886894 -4999.0 0
37 5000 3.25596117973 -4999.0 0
38 5000 3.17506098747 -4999.0 0
39 5000 3.17946887016 -4999.0 0
40 5000 3.23441886902 -4999.0 0
41 5000 3.17583417892 -4999.0 0
42 5000 3.50433301926 -4999.0 0
43 5000 3.5112760067 -4999.0 0
44 5000 3.49113798141 -4999.0 0
45 5000 3.07503390312 -4999.0 0
46 5000 3.3860039711 -4999.0 0
47 5000 3.69658684731 -4999.0 0
48 5000 3.3357899189 -4999.0 0
49 5000 3.38543105125 -4999.0 0
0 5000 3.3909330368 -4999.0 0
1 5000 3.35118603706 -4999.0 0
2 5000 3.44390392303 -4999.0 0
3 5000 3.44059896469 -4999.0 0
4 5000 3.31426095963 -4999.0 0
5 5000 3.14813804626 -4999.0 0
6 5000 3.02884197235 -4999.0 0
7 5000 3.07492399216 -4999.0 0
8 5000 3.0668900013 -4999.0 0
9 5000 3.0357670784 -4999.0 0
10 5000 3.04993605614 -4999.0 0
11 5000 3.05092096329 -4999.0 0
12 5000 3.16986298561 -4999.0 0
13 5000 2.96005606651 -4999.0 0
14 5000 3.13538002968 -4999.0 0
15 5000 3.1225399971 -4999.0 0
16 5000 3.21141409874 -4999.0 0
17 5000 3.00974917412 -4999.0 0
18 5000 3.25065803528 -4999.0 0
19 5000 2.99604010582 -4999.0 0
20 5000 3.02411293983 -4999.0 0
21 5000 3.04891109467 -4999.0 0
22 5000 3.02134418488 -4999.0 0
23 5000 3.07920503616 -4999.0 0
24 5000 3.08870005608 -4999.0 0
25 5000 3.19764399529 -4999.0 0
26 5000 3.01478385925 -4999.0 0
27 5000 3.01258397102 -4999.0 0
28 5000 2.90280890465 -4999.0 0
29 5000 2.85967588425 -4999.0 0
30 5000 2.94488501549 -4999.0 0
31 5000 2.84199619293 -4999.0 0
32 5000 2.92926192284 -4999.0 0
33 5000 2.42692708969 -4999.0 0
34 5000 2.73130989075 -4999.0 0
35 5000 3.1062681675 -4999.0 0
36 5000 3.05955600739 -4999.0 0
37 5000 3.03794288635 -4999.0 0
38 5000 3.08112215996 -4999.0 0
39 5000 3.05938911438 -4999.0 0
40 5000 2.74195384979 -4999.0 0
41 5000 2.67362093925 -4999.0 0
42 5000 3.03834486008 -4999.0 0
43 5000 3.00551891327 -4999.0 0
44 5000 2.9917140007 -4999.0 0
45 5000 3.01371598244 -4999.0 0
46 5000 2.38140487671 -4999.0 0
47 5000 2.86183285713 -4999.0 0
48 5000 3.13511896133 -4999.0 0
49 5000 2.70868182182 -4999.0 0
0 5000 2.90553116798 -4999.0 0
1 5000 2.52656602859 -4999.0 0
2 5000 2.60924506187 -4999.0 0
3 5000 2.29372406006 -4999.0 0
4 5000 1.79849004745 -4999.0 0
5 5000 3.48741078377 -4999.0 0
6 5000 3.4580848217 -4999.0 0
7 5000 3.57906603813 -4999.0 0
8 5000 3.63700699806 -4999.0 0
9 5000 3.60023903847 -4999.0 0
10 5000 3.55689907074 -4999.0 0
11 5000 2.94205594063 -4999.0 0
12 5000 2.99369001389 -4999.0 0
13 5000 3.0087621212 -4999.0 0
14 5000 3.02837896347 -4999.0 0
15 5000 2.88560199738 -4999.0 0
16 5000 3.00426483154 -4999.0 0
17 5000 3.09108686447 -4999.0 0
18 5000 3.14432001114 -4999.0 0
19 5000 3.01442885399 -4999.0 0
20 5000 3.09261703491 -4999.0 0
21 5000 3.0216460228 -4999.0 0
22 5000 3.04643511772 -4999.0 0
23 5000 2.99371194839 -4999.0 0
24 5000 3.02440905571 -4999.0 0
25 5000 3.04270005226 -4999.0 0
26 5000 3.08808112144 -4999.0 0
27 5000 2.98909687996 -4999.0 0
28 5000 2.98339104652 -4999.0 0
29 5000 2.96823406219 -4999.0 0
30 5000 3.0683350563 -4999.0 0
31 5000 3.0728828907 -4999.0 0
32 5000 3.00236201286 -4999.0 0
33 5000 2.9936580658 -4999.0 0
34 5000 2.99509215355 -4999.0 0
35 5000 2.82208704948 -4999.0 0
36 5000 2.59760093689 -4999.0 0
37 5000 2.90879201889 -4999.0 0
38 5000 2.08160090446 -4999.0 0
39 5000 2.51059985161 -4999.0 0
40 5000 2.97871899605 -4999.0 0
41 5000 3.05349898338 -4999.0 0
42 5000 3.03548812866 -4999.0 0
43 5000 3.03146481514 -4999.0 0
44 5000 2.85360693932 -4999.0 0
45 5000 2.95461392403 -4999.0 0
46 5000 3.11681199074 -4999.0 0
47 5000 3.11955213547 -4999.0 0
48 5000 3.01291394234 -4999.0 0
49 5000 3.05517196655 -4999.0 0
0 5000 3.09565901756 -4999.0 0
1 5000 2.97599697113 -4999.0 0
2 5000 2.80262589455 -4999.0 0
3 5000 3.10600209236 -4999.0 0
4 5000 3.10879898071 -4999.0 0
5 5000 3.05315685272 -4999.0 0
6 5000 3.10858416557 -4999.0 0
7 5000 3.06941914558 -4999.0 0
8 5000 3.07920694351 -4999.0 0
9 5000 3.07043385506 -4999.0 0
10 5000 3.14855194092 -4999.0 0
11 5000 3.07601499557 -4999.0 0
12 5000 3.026512146 -4999.0 0
13 5000 3.08819413185 -4999.0 0
14 5000 3.23079800606 -4999.0 0
15 5000 2.77277398109 -4999.0 0
16 5000 2.71613883972 -4999.0 0
17 5000 2.66929316521 -4999.0 0
18 5000 2.5904750824 -4999.0 0
19 5000 2.67632699013 -4999.0 0
20 5000 3.04865288734 -4999.0 0
21 5000 2.99483084679 -4999.0 0
22 5000 3.14949297905 -4999.0 0
23 5000 2.99647283554 -4999.0 0
24 5000 3.02652215958 -4999.0 0
25 5000 3.05128192902 -4999.0 0
26 5000 3.16150593758 -4999.0 0
27 5000 3.36346817017 -4999.0 0
28 5000 3.24605512619 -4999.0 0
29 5000 3.25730109215 -4999.0 0
30 5000 3.0758459568 -4999.0 0
31 5000 2.97302699089 -4999.0 0
32 5000 3.06983590126 -4999.0 0
33 5000 3.19368600845 -4999.0 0
34 5000 3.20694804192 -4999.0 0
35 5000 3.14218401909 -4999.0 0
36 5000 3.14176392555 -4999.0 0
37 5000 3.20721578598 -4999.0 0
38 5000 3.16912794113 -4999.0 0
39 5000 3.20150899887 -4999.0 0
40 5000 3.30798816681 -4999.0 0
41 5000 3.33203101158 -4999.0 0
42 5000 3.46990299225 -4999.0 0
43 5000 2.99930214882 -4999.0 0
44 5000 3.1160159111 -4999.0 0
45 5000 3.26197910309 -4999.0 0
46 5000 2.8773651123 -4999.0 0
47 5000 2.87152910233 -4999.0 0
48 5000 2.81688785553 -4999.0 0
49 5000 3.1478998661 -4999.0 0
0 5000 2.72902798653 -4999.0 0
1 5000 3.09896206856 -4999.0 0
2 5000 4.35479712486 -4999.0 0
3 5000 4.53211283684 -4999.0 0
4 5000 4.53215503693 -4999.0 0
5 5000 3.52868700027 -4999.0 0
6 5000 3.48152709007 -4999.0 0
7 5000 3.64836812019 -4999.0 0
8 5000 3.66200304031 -4999.0 0
9 5000 3.69363498688 -4999.0 0
10 5000 3.62220788002 -4999.0 0
11 5000 3.6986579895 -4999.0 0
12 5000 3.57883000374 -4999.0 0
13 5000 3.5955080986 -4999.0 0
14 5000 3.56438112259 -4999.0 0
15 5000 3.55414700508 -4999.0 0
16 5000 3.42702794075 -4999.0 0
17 5000 2.95808005333 -4999.0 0
18 5000 2.95983600616 -4999.0 0
19 5000 3.01154780388 -4999.0 0
20 5000 3.08710718155 -4999.0 0
21 5000 3.20907306671 -4999.0 0
22 5000 3.26658296585 -4999.0 0
23 5000 3.12844204903 -4999.0 0
24 5000 3.0748000145 -4999.0 0
25 5000 3.06174612045 -4999.0 0
26 5000 3.17218804359 -4999.0 0
27 5000 3.20771694183 -4999.0 0
28 5000 3.16896295547 -4999.0 0
29 5000 3.19346308708 -4999.0 0
30 5000 2.81579589844 -4999.0 0
31 5000 2.82038807869 -4999.0 0
32 5000 2.85811114311 -4999.0 0
33 5000 2.90644717216 -4999.0 0
34 5000 2.85391020775 -4999.0 0
35 5000 2.94736504555 -4999.0 0
36 5000 2.85341787338 -4999.0 0
37 5000 2.82344412804 -4999.0 0
38 5000 2.93235611916 -4999.0 0
39 5000 2.81800699234 -4999.0 0
40 5000 2.82826805115 -4999.0 0
41 5000 3.0335919857 -4999.0 0
42 5000 2.97916913033 -4999.0 0
43 5000 3.17238688469 -4999.0 0
44 5000 3.01157903671 -4999.0 0
45 5000 2.95257401466 -4999.0 0
46 5000 3.14926600456 -4999.0 0
47 5000 3.09227490425 -4999.0 0
48 5000 3.06984615326 -4999.0 0
49 5000 3.18186903 -4999.0 0
0 5000 3.13647603989 -4999.0 0
1 5000 3.16053009033 -4999.0 0
2 5000 3.14349508286 -4999.0 0
3 5000 3.1251039505 -4999.0 0
4 5000 2.97003388405 -4999.0 0
5 5000 2.92388701439 -4999.0 0
6 5000 3.07888817787 -4999.0 0
7 5000 3.00150895119 -4999.0 0
8 5000 3.02401685715 -4999.0 0
9 5000 3.07217502594 -4999.0 0
10 5000 2.93909597397 -4999.0 0
11 5000 3.04719519615 -4999.0 0
12 5000 3.11388015747 -4999.0 0
13 5000 3.0765838623 -4999.0 0
14 5000 2.90621709824 -4999.0 0
15 5000 2.96502995491 -4999.0 0
16 5000 2.87979888916 -4999.0 0
17 5000 2.78293204308 -4999.0 0
18 5000 2.83590006828 -4999.0 0
19 5000 2.97540307045 -4999.0 0
20 5000 3.04771304131 -4999.0 0
21 5000 3.07845902443 -4999.0 0
22 5000 3.01771783829 -4999.0 0
23 5000 2.91802883148 -4999.0 0
24 5000 2.89895701408 -4999.0 0
25 5000 2.88672089577 -4999.0 0
26 5000 2.89116096497 -4999.0 0
27 5000 2.77528905869 -4999.0 0
28 5000 2.78883600235 -4999.0 0
29 5000 2.89108014107 -4999.0 0
30 3541 2.15009784698 -3539.0 1
31 5000 3.10801315308 -4999.0 0
32 5000 3.05206203461 -4999.0 0
33 5000 3.0117661953 -4999.0 0
34 5000 3.05603313446 -4999.0 0
35 5000 3.06574487686 -4999.0 0
36 5000 2.94187998772 -4999.0 0
37 5000 3.05988311768 -4999.0 0
38 5000 3.20048904419 -4999.0 0
39 5000 3.13194584846 -4999.0 0
40 5000 3.07481098175 -4999.0 0
41 5000 3.13845896721 -4999.0 0
42 5000 3.30625391006 -4999.0 0
43 5000 3.81004095078 -4999.0 0
44 5000 3.66804909706 -4999.0 0
45 5000 3.65251994133 -4999.0 0
46 5000 3.51680088043 -4999.0 0
47 5000 3.32079386711 -4999.0 0
48 5000 3.53509998322 -4999.0 0
49 5000 3.59979605675 -4999.0 0
0 5000 3.62722182274 -4999.0 0
1 5000 3.56398391724 -4999.0 0
2 5000 3.44801998138 -4999.0 0
3 5000 3.26988101006 -4999.0 0
4 5000 3.66938900948 -4999.0 0
5 5000 3.76344203949 -4999.0 0
6 5000 3.81100010872 -4999.0 0
7 5000 3.9645421505 -4999.0 0
8 5000 3.92055392265 -4999.0 0
9 5000 3.71116781235 -4999.0 0
10 5000 3.76793384552 -4999.0 0
11 5000 3.57269883156 -4999.0 0
12 5000 3.29169511795 -4999.0 0
13 5000 3.28500699997 -4999.0 0
14 5000 3.63356900215 -4999.0 0
15 5000 3.9217069149 -4999.0 0
16 5000 3.82796478271 -4999.0 0
17 5000 3.74465417862 -4999.0 0
18 5000 3.66823792458 -4999.0 0
19 5000 3.90273404121 -4999.0 0
20 5000 3.98499488831 -4999.0 0
21 5000 3.94213008881 -4999.0 0
22 5000 3.91878008842 -4999.0 0
23 5000 4.05216002464 -4999.0 0
24 5000 4.04085206985 -4999.0 0
25 5000 3.71808385849 -4999.0 0
26 5000 3.95093178749 -4999.0 0
27 5000 3.16306710243 -4999.0 0
28 5000 2.86821389198 -4999.0 0
29 5000 3.07908391953 -4999.0 0
30 5000 2.93513607979 -4999.0 0
31 5000 3.3724360466 -4999.0 0
32 5000 3.23412799835 -4999.0 0
33 5000 3.26587820053 -4999.0 0
34 5000 3.37261104584 -4999.0 0
35 5000 3.30998802185 -4999.0 0
36 5000 3.19038200378 -4999.0 0
37 5000 2.97668194771 -4999.0 0
38 5000 2.9638710022 -4999.0 0
39 5000 2.99569296837 -4999.0 0
40 5000 3.27408695221 -4999.0 0
41 5000 3.24476599693 -4999.0 0
42 5000 3.10436415672 -4999.0 0
43 5000 3.1675620079 -4999.0 0
44 5000 3.02827000618 -4999.0 0
45 5000 2.98150110245 -4999.0 0
46 5000 2.90890717506 -4999.0 0
47 5000 3.3017308712 -4999.0 0
48 5000 3.79872512817 -4999.0 0
49 5000 3.80800294876 -4999.0 0
