trial, number of steps, runtime, accumulated reward, termination
0 9 0.00361919403076 6.0 1
1 11 0.00340008735657 8.0 1
2 12 0.00423908233643 9.0 1
3 8 0.00291109085083 5.0 1
4 9 0.00331711769104 6.0 1
5 9 0.00346994400024 6.0 1
6 12 0.00405716896057 9.0 1
7 11 0.00426292419434 8.0 1
8 12 0.00536203384399 9.0 1
9 9 0.00378680229187 6.0 1
10 10 0.00364708900452 7.0 1
11 10 0.00287103652954 7.0 1
12 8 0.00276494026184 5.0 1
13 12 0.0046489238739 9.0 1
14 10 0.00356197357178 7.0 1
15 11 0.00399279594421 8.0 1
16 10 0.00382804870605 7.0 1
17 9 0.00330591201782 6.0 1
18 12 0.0047619342804 9.0 1
19 9 0.00342297554016 6.0 1
20 12 0.00463604927063 9.0 1
21 9 0.00342893600464 6.0 1
22 13 0.00507092475891 10.0 1
23 9 0.00339603424072 6.0 1
24 8 0.0030689239502 5.0 1
25 10 0.00385904312134 7.0 1
26 10 0.00377893447876 7.0 1
27 11 0.00423502922058 8.0 1
28 12 0.00459313392639 9.0 1
29 9 0.0033848285675 6.0 1
30 11 0.00424003601074 8.0 1
31 10 0.00372791290283 7.0 1
32 9 0.00338697433472 6.0 1
33 9 0.00342178344727 6.0 1
34 10 0.00376605987549 7.0 1
35 9 0.00341701507568 6.0 1
36 11 0.00422406196594 8.0 1
37 8 0.00303411483765 5.0 1
38 11 0.00347304344177 8.0 1
39 9 0.00278782844543 6.0 1
40 8 0.0024938583374 5.0 1
41 11 0.00408411026001 8.0 1
42 12 0.00466704368591 9.0 1
43 11 0.00343179702759 8.0 1
44 10 0.00333714485168 7.0 1
45 12 0.00455498695374 9.0 1
46 12 0.00464200973511 9.0 1
47 12 0.00456404685974 9.0 1
48 12 0.0041971206665 9.0 1
49 9 0.00343799591064 6.0 1
0 10 0.00384283065796 7.0 1
1 9 0.00345706939697 6.0 1
2 9 0.00350403785706 6.0 1
3 10 0.004469871521 7.0 1
4 9 0.00338912010193 6.0 1
5 8 0.00301599502563 5.0 1
6 10 0.00370311737061 7.0 1
7 11 0.00422191619873 8.0 1
8 9 0.00340485572815 6.0 1
9 10 0.00465607643127 7.0 1
10 8 0.00300812721252 5.0 1
11 10 0.00380301475525 7.0 1
12 11 0.00417804718018 8.0 1
13 9 0.00346994400024 6.0 1
14 12 0.00461006164551 9.0 1
15 8 0.00298714637756 5.0 1
16 10 0.00379085540771 7.0 1
17 11 0.00419592857361 8.0 1
18 11 0.00426292419434 8.0 1
19 12 0.00463795661926 9.0 1
20 13 0.00500512123108 10.0 1
21 10 0.00388693809509 7.0 1
22 9 0.00340604782104 6.0 1
23 9 0.00342988967896 6.0 1
24 10 0.00385189056396 7.0 1
25 11 0.00415706634521 8.0 1
26 9 0.00341200828552 6.0 1
27 8 0.00293803215027 5.0 1
28 8 0.00296711921692 5.0 1
29 11 0.00421404838562 8.0 1
30 10 0.00383400917053 7.0 1
31 10 0.00383806228638 7.0 1
32 10 0.00381278991699 7.0 1
33 12 0.00466108322144 9.0 1
34 10 0.00369596481323 7.0 1
35 10 0.00351190567017 7.0 1
36 11 0.0038788318634 8.0 1
37 11 0.00403809547424 8.0 1
38 12 0.00462889671326 9.0 1
39 8 0.00298714637756 5.0 1
40 12 0.00462818145752 9.0 1
41 12 0.0043830871582 9.0 1
42 12 0.00406217575073 9.0 1
43 9 0.00302290916443 6.0 1
44 12 0.0044629573822 9.0 1
45 11 0.00356721878052 8.0 1
46 12 0.00420808792114 9.0 1
47 9 0.00316905975342 6.0 1
48 10 0.00333285331726 7.0 1
49 8 0.00296401977539 5.0 1
0 12 0.00425410270691 9.0 1
1 13 0.00491285324097 10.0 1
2 12 0.00456809997559 9.0 1
3 10 0.00298500061035 7.0 1
4 11 0.00416588783264 8.0 1
5 11 0.00414109230042 8.0 1
6 10 0.00349712371826 7.0 1
7 10 0.00328588485718 7.0 1
8 12 0.00458097457886 9.0 1
9 11 0.00407409667969 8.0 1
10 12 0.0045759677887 9.0 1
11 12 0.00410294532776 9.0 1
12 10 0.00236511230469 7.0 1
13 9 0.00294613838196 6.0 1
14 12 0.00436902046204 9.0 1
15 10 0.00341892242432 7.0 1
16 10 0.00333094596863 7.0 1
17 11 0.00354909896851 8.0 1
18 11 0.00261187553406 8.0 1
19 13 0.00403714179993 10.0 1
20 9 0.00315022468567 6.0 1
21 8 0.00272583961487 5.0 1
22 8 0.00296306610107 5.0 1
23 10 0.00432896614075 7.0 1
24 9 0.0034351348877 6.0 1
25 13 0.00496912002563 10.0 1
26 11 0.0041971206665 8.0 1
27 8 0.00293898582458 5.0 1
28 12 0.00464987754822 9.0 1
29 10 0.00375008583069 7.0 1
30 12 0.00465297698975 9.0 1
31 9 0.00340294837952 6.0 1
32 12 0.00457406044006 9.0 1
33 8 0.00300002098083 5.0 1
34 11 0.00468301773071 8.0 1
35 12 0.00463104248047 9.0 1
36 12 0.00463008880615 9.0 1
37 11 0.00420498847961 8.0 1
38 11 0.00414490699768 8.0 1
39 11 0.0042040348053 8.0 1
40 11 0.00416302680969 8.0 1
41 13 0.00498914718628 10.0 1
42 9 0.00335693359375 6.0 1
43 10 0.00381898880005 7.0 1
44 9 0.00337290763855 6.0 1
45 10 0.00378799438477 7.0 1
46 13 0.00492596626282 10.0 1
47 12 0.00451683998108 9.0 1
48 10 0.00318002700806 7.0 1
49 11 0.00413489341736 8.0 1
0 11 0.00432586669922 8.0 1
1 10 0.00384402275085 7.0 1
2 13 0.00484418869019 10.0 1
3 9 0.00292015075684 6.0 1
4 8 0.00299906730652 5.0 1
5 13 0.00498008728027 10.0 1
6 9 0.00332593917847 6.0 1
7 12 0.0044629573822 9.0 1
8 10 0.00378608703613 7.0 1
9 9 0.00338506698608 6.0 1
10 8 0.00298619270325 5.0 1
11 12 0.00442099571228 9.0 1
12 11 0.00362396240234 8.0 1
13 10 0.00381302833557 7.0 1
14 11 0.00413107872009 8.0 1
15 10 0.00378108024597 7.0 1
16 8 0.00260901451111 5.0 1
17 11 0.00347805023193 8.0 1
18 9 0.00278401374817 6.0 1
19 11 0.00411200523376 8.0 1
20 11 0.00409412384033 8.0 1
21 12 0.00451803207397 9.0 1
22 9 0.00332093238831 6.0 1
23 8 0.00296497344971 5.0 1
24 13 0.00491499900818 10.0 1
25 10 0.00366997718811 7.0 1
26 10 0.00361704826355 7.0 1
27 11 0.00432109832764 8.0 1
28 9 0.00352787971497 6.0 1
29 10 0.00369000434875 7.0 1
30 10 0.0036940574646 7.0 1
31 10 0.00370383262634 7.0 1
32 9 0.00325989723206 6.0 1
33 8 0.00298810005188 5.0 1
34 10 0.00390100479126 7.0 1
35 11 0.00440788269043 8.0 1
36 12 0.00491905212402 9.0 1
37 10 0.00405693054199 7.0 1
38 8 0.00326609611511 5.0 1
39 12 0.00508117675781 9.0 1
40 10 0.00436305999756 7.0 1
41 11 0.00461411476135 8.0 1
42 9 0.00375699996948 6.0 1
43 11 0.00460314750671 8.0 1
44 10 0.00415992736816 7.0 1
45 10 0.00413203239441 7.0 1
46 14 0.00592398643494 11.0 1
47 11 0.00460410118103 8.0 1
48 11 0.00455689430237 8.0 1
49 8 0.00323390960693 5.0 1
0 10 0.00419211387634 7.0 1
1 9 0.00375890731812 6.0 1
2 11 0.00457811355591 8.0 1
3 11 0.00461101531982 8.0 1
4 10 0.00415992736816 7.0 1
5 10 0.00390601158142 7.0 1
6 11 0.00464200973511 8.0 1
7 12 0.00527095794678 9.0 1
8 11 0.00460696220398 8.0 1
9 9 0.00372695922852 6.0 1
10 9 0.00379610061646 6.0 1
11 12 0.00500416755676 9.0 1
12 10 0.00419807434082 7.0 1
13 10 0.004065990448 7.0 1
14 11 0.00463509559631 8.0 1
15 9 0.0036780834198 6.0 1
16 12 0.00508594512939 9.0 1
17 10 0.00414085388184 7.0 1
18 11 0.00441193580627 8.0 1
19 11 0.00459599494934 8.0 1
20 11 0.0046489238739 8.0 1
21 12 0.00512599945068 9.0 1
22 9 0.00374794006348 6.0 1
23 12 0.0050950050354 9.0 1
24 11 0.00460696220398 8.0 1
25 11 0.00451898574829 8.0 1
26 9 0.00371098518372 6.0 1
27 11 0.00459718704224 8.0 1
28 9 0.00371813774109 6.0 1
29 10 0.00414896011353 7.0 1
30 8 0.00326108932495 5.0 1
31 10 0.00424003601074 7.0 1
32 11 0.00487399101257 8.0 1
33 10 0.00421094894409 7.0 1
34 12 0.00505900382996 9.0 1
35 9 0.00367403030396 6.0 1
36 9 0.00375604629517 6.0 1
37 9 0.00369191169739 6.0 1
38 12 0.0050311088562 9.0 1
39 10 0.0040180683136 7.0 1
40 11 0.00443196296692 8.0 1
41 12 0.00511598587036 9.0 1
42 11 0.00459122657776 8.0 1
43 8 0.00327610969543 5.0 1
44 10 0.00419592857361 7.0 1
45 8 0.00326800346375 5.0 1
46 12 0.00505518913269 9.0 1
47 10 0.00419998168945 7.0 1
48 9 0.00371694564819 6.0 1
49 8 0.00324702262878 5.0 1
0 11 0.00475096702576 8.0 1
1 9 0.00373482704163 6.0 1
2 9 0.00362992286682 6.0 1
3 11 0.00467991828918 8.0 1
4 8 0.00317907333374 5.0 1
5 9 0.00367498397827 6.0 1
6 11 0.00464916229248 8.0 1
7 11 0.00442290306091 8.0 1
8 12 0.00503492355347 9.0 1
9 9 0.00367188453674 6.0 1
10 11 0.00462412834167 8.0 1
11 11 0.00467109680176 8.0 1
12 10 0.00423002243042 7.0 1
13 11 0.00464200973511 8.0 1
14 8 0.0032901763916 5.0 1
15 12 0.00506615638733 9.0 1
16 11 0.00467991828918 8.0 1
17 9 0.00376892089844 6.0 1
18 8 0.00329279899597 5.0 1
19 12 0.00511503219604 9.0 1
20 11 0.00466299057007 8.0 1
21 11 0.00464797019958 8.0 1
22 9 0.00369501113892 6.0 1
23 8 0.00331687927246 5.0 1
24 9 0.0037100315094 6.0 1
25 12 0.00500321388245 9.0 1
26 12 0.00510001182556 9.0 1
27 8 0.00334501266479 5.0 1
28 12 0.0051589012146 9.0 1
29 8 0.00324606895447 5.0 1
30 9 0.00380706787109 6.0 1
31 8 0.00332307815552 5.0 1
32 9 0.0038321018219 6.0 1
33 9 0.00376605987549 6.0 1
34 13 0.00564217567444 10.0 1
35 9 0.00374507904053 6.0 1
36 9 0.00375199317932 6.0 1
37 11 0.00464200973511 8.0 1
38 12 0.00506901741028 9.0 1
39 13 0.00549578666687 10.0 1
40 12 0.00510406494141 9.0 1
41 11 0.00466418266296 8.0 1
42 8 0.00327110290527 5.0 1
43 10 0.00401496887207 7.0 1
44 11 0.0044150352478 8.0 1
45 9 0.00347709655762 6.0 1
46 12 0.00506091117859 9.0 1
47 9 0.00372505187988 6.0 1
48 13 0.00553107261658 10.0 1
49 12 0.00602197647095 9.0 1
0 10 0.00435900688171 7.0 1
1 9 0.00382804870605 6.0 1
2 9 0.00368976593018 6.0 1
3 13 0.00556206703186 10.0 1
4 11 0.00452518463135 8.0 1
5 9 0.00377106666565 6.0 1
6 12 0.00510811805725 9.0 1
7 12 0.00491404533386 9.0 1
8 9 0.00362801551819 6.0 1
9 11 0.00462579727173 8.0 1
10 11 0.00470805168152 8.0 1
11 10 0.00412392616272 7.0 1
12 10 0.0041229724884 7.0 1
13 11 0.0046169757843 8.0 1
14 9 0.00374507904053 6.0 1
15 13 0.0054988861084 10.0 1
16 9 0.00401592254639 6.0 1
17 10 0.00423097610474 7.0 1
18 11 0.0046238899231 8.0 1
19 8 0.00960183143616 5.0 1
20 12 0.00515580177307 9.0 1
21 9 0.00421094894409 6.0 1
22 9 0.00373387336731 6.0 1
23 9 0.00374102592468 6.0 1
24 11 0.00514698028564 8.0 1
25 10 0.00419902801514 7.0 1
26 9 0.00427317619324 6.0 1
27 10 0.00422692298889 7.0 1
28 14 0.00665402412415 11.0 1
29 14 0.00595712661743 11.0 1
30 8 0.00334000587463 5.0 1
31 8 0.00365996360779 5.0 1
32 9 0.00367593765259 6.0 1
33 12 0.00553393363953 9.0 1
34 12 0.005047082901 9.0 1
35 10 0.00472402572632 7.0 1
36 11 0.00467395782471 8.0 1
37 8 0.003249168396 5.0 1
38 8 0.00368285179138 5.0 1
39 13 0.00552892684937 10.0 1
40 12 0.00529789924622 9.0 1
41 11 0.00473809242249 8.0 1
42 12 0.00507497787476 9.0 1
43 12 0.0048451423645 9.0 1
44 9 0.00363707542419 6.0 1
45 9 0.00371909141541 6.0 1
46 9 0.00352001190186 6.0 1
47 12 0.00489211082458 9.0 1
48 9 0.00374507904053 6.0 1
49 8 0.0032069683075 5.0 1
0 10 0.00427913665771 7.0 1
1 13 0.00559401512146 10.0 1
2 13 0.00547504425049 10.0 1
3 8 0.00330305099487 5.0 1
4 9 0.00367283821106 6.0 1
5 11 0.00450396537781 8.0 1
6 12 0.00503301620483 9.0 1
7 12 0.00504803657532 9.0 1
8 9 0.00364995002747 6.0 1
9 8 0.00319790840149 5.0 1
10 9 0.00368905067444 6.0 1
11 8 0.00327396392822 5.0 1
12 10 0.00418210029602 7.0 1
13 9 0.00370597839355 6.0 1
14 12 0.00507593154907 9.0 1
15 10 0.0041081905365 7.0 1
16 11 0.00448894500732 8.0 1
17 12 0.00506114959717 9.0 1
18 8 0.00320410728455 5.0 1
19 12 0.00504779815674 9.0 1
20 9 0.00369501113892 6.0 1
21 8 0.00329184532166 5.0 1
22 8 0.00318598747253 5.0 1
23 12 0.00508403778076 9.0 1
24 11 0.00461506843567 8.0 1
25 8 0.0032742023468 5.0 1
26 10 0.00424790382385 7.0 1
27 10 0.00455689430237 7.0 1
28 11 0.00451803207397 8.0 1
29 10 0.00409698486328 7.0 1
30 13 0.00588607788086 10.0 1
31 9 0.00379800796509 6.0 1
32 8 0.00345897674561 5.0 1
33 10 0.00413608551025 7.0 1
34 10 0.00414609909058 7.0 1
35 10 0.00422096252441 7.0 1
36 9 0.00382518768311 6.0 1
37 15 0.0064709186554 12.0 1
38 10 0.00418996810913 7.0 1
39 11 0.00492811203003 8.0 1
40 8 0.00327801704407 5.0 1
41 12 0.00479292869568 9.0 1
42 11 0.00487804412842 8.0 1
43 9 0.00368785858154 6.0 1
44 10 0.00409889221191 7.0 1
45 13 0.00576305389404 10.0 1
46 12 0.00502300262451 9.0 1
47 12 0.00528693199158 9.0 1
48 10 0.00415802001953 7.0 1
49 9 0.00361800193787 6.0 1
0 9 0.00389218330383 6.0 1
1 12 0.00513505935669 9.0 1
2 10 0.00415802001953 7.0 1
3 8 0.0035560131073 5.0 1
4 10 0.00419688224792 7.0 1
5 9 0.00371503829956 6.0 1
6 11 0.0048840045929 8.0 1
7 12 0.00510406494141 9.0 1
8 12 0.00535106658936 9.0 1
9 11 0.00465798377991 8.0 1
10 10 0.00444602966309 7.0 1
11 12 0.00510907173157 9.0 1
12 12 0.00537800788879 9.0 1
13 9 0.00371694564819 6.0 1
14 13 0.00576591491699 10.0 1
15 8 0.0032639503479 5.0 1
16 11 0.00457692146301 8.0 1
17 11 0.00488901138306 8.0 1
18 10 0.00403213500977 7.0 1
19 8 0.00389719009399 5.0 1
20 13 0.00566101074219 10.0 1
21 9 0.00407600402832 6.0 1
22 12 0.00496506690979 9.0 1
23 12 0.00524306297302 9.0 1
24 10 0.00403594970703 7.0 1
25 10 0.00404000282288 7.0 1
26 11 0.00470185279846 8.0 1
27 10 0.00453400611877 7.0 1
28 8 0.00325703620911 5.0 1
29 11 0.00623488426208 8.0 1
30 10 0.00413584709167 7.0 1
31 11 0.00452709197998 8.0 1
32 10 0.00415706634521 7.0 1
33 10 0.00419998168945 7.0 1
34 11 0.00459003448486 8.0 1
35 9 0.00369191169739 6.0 1
36 11 0.00452017784119 8.0 1
37 9 0.00355005264282 6.0 1
38 9 0.00374102592468 6.0 1
39 8 0.00319314002991 5.0 1
40 13 0.00549697875977 10.0 1
41 8 0.00325202941895 5.0 1
42 10 0.00414299964905 7.0 1
43 10 0.00423121452332 7.0 1
44 12 0.00502991676331 9.0 1
45 11 0.00462603569031 8.0 1
46 12 0.00506496429443 9.0 1
47 10 0.00406885147095 7.0 1
48 12 0.00508093833923 9.0 1
49 12 0.00506401062012 9.0 1
0 12 0.0051429271698 9.0 1
1 11 0.00462007522583 8.0 1
2 10 0.00415110588074 7.0 1
3 10 0.00415992736816 7.0 1
4 10 0.00415110588074 7.0 1
5 11 0.00460195541382 8.0 1
6 9 0.00371503829956 6.0 1
7 12 0.00510597229004 9.0 1
8 10 0.00411581993103 7.0 1
9 11 0.00461101531982 8.0 1
10 9 0.00354313850403 6.0 1
11 10 0.00414800643921 7.0 1
12 8 0.00325894355774 5.0 1
13 14 0.00592112541199 11.0 1
14 8 0.00323605537415 5.0 1
15 12 0.00498914718628 9.0 1
16 10 0.00420904159546 7.0 1
17 12 0.0050950050354 9.0 1
18 11 0.0045759677887 8.0 1
19 12 0.00512409210205 9.0 1
20 9 0.00375699996948 6.0 1
21 13 0.00547409057617 10.0 1
22 10 0.00408601760864 7.0 1
23 8 0.00326609611511 5.0 1
24 11 0.00457191467285 8.0 1
25 9 0.00370216369629 6.0 1
26 10 0.00405502319336 7.0 1
27 12 0.00503897666931 9.0 1
28 8 0.00327205657959 5.0 1
29 9 0.00371909141541 6.0 1
30 9 0.00374579429626 6.0 1
31 12 0.0050220489502 9.0 1
32 10 0.003986120224 7.0 1
33 13 0.00548100471497 10.0 1
34 12 0.00498199462891 9.0 1
35 11 0.00454115867615 8.0 1
36 8 0.00324010848999 5.0 1
37 11 0.0045599937439 8.0 1
38 13 0.00545310974121 10.0 1
39 12 0.00501799583435 9.0 1
40 10 0.00417113304138 7.0 1
41 8 0.00337505340576 5.0 1
42 9 0.00363802909851 6.0 1
43 11 0.00453805923462 8.0 1
44 13 0.00538897514343 10.0 1
45 8 0.00322318077087 5.0 1
46 11 0.00448799133301 8.0 1
47 10 0.0041401386261 7.0 1
48 8 0.00327205657959 5.0 1
49 11 0.00454902648926 8.0 1
