trial, number of steps, runtime, accumulated reward, termination
0 8 0.00208616256714 5.0 1
1 9 0.00214004516602 6.0 1
2 9 0.00210309028625 6.0 1
3 10 0.00259613990784 7.0 1
4 8 0.00292706489563 5.0 1
5 9 0.0030620098114 6.0 1
6 10 0.00351095199585 7.0 1
7 10 0.00360321998596 7.0 1
8 12 0.00459814071655 9.0 1
9 10 0.00368905067444 7.0 1
10 9 0.00314807891846 6.0 1
11 9 0.00324106216431 6.0 1
12 9 0.00326108932495 6.0 1
13 10 0.00367093086243 7.0 1
14 13 0.00470995903015 10.0 1
15 13 0.00479197502136 10.0 1
16 9 0.00327205657959 6.0 1
17 8 0.00284290313721 5.0 1
18 9 0.00324511528015 6.0 1
19 12 0.00428104400635 9.0 1
20 10 0.00355195999146 7.0 1
21 9 0.00334310531616 6.0 1
22 10 0.00359892845154 7.0 1
23 11 0.00414109230042 8.0 1
24 11 0.0038800239563 8.0 1
25 10 0.00349497795105 7.0 1
26 9 0.00311207771301 6.0 1
27 11 0.00397920608521 8.0 1
28 12 0.00315284729004 9.0 1
29 10 0.00287008285522 7.0 1
30 12 0.00397801399231 9.0 1
31 11 0.0038788318634 8.0 1
32 9 0.00311493873596 6.0 1
33 12 0.00425601005554 9.0 1
34 10 0.00371885299683 7.0 1
35 13 0.00493788719177 10.0 1
36 9 0.00261211395264 6.0 1
37 10 0.00366306304932 7.0 1
38 9 0.00328588485718 6.0 1
39 13 0.00473308563232 10.0 1
40 12 0.0045211315155 9.0 1
41 10 0.00373601913452 7.0 1
42 11 0.00367903709412 8.0 1
43 13 0.00455904006958 10.0 1
44 12 0.00462412834167 9.0 1
45 11 0.0042040348053 8.0 1
46 9 0.00326800346375 6.0 1
47 11 0.00347685813904 8.0 1
48 11 0.00371694564819 8.0 1
49 9 0.00322008132935 6.0 1
0 12 0.00390410423279 9.0 1
1 10 0.00380396842957 7.0 1
2 11 0.0042200088501 8.0 1
3 12 0.0044379234314 9.0 1
4 9 0.00337600708008 6.0 1
5 8 0.00296187400818 5.0 1
6 9 0.00336503982544 6.0 1
7 10 0.00364685058594 7.0 1
8 8 0.00285696983337 5.0 1
9 12 0.00467014312744 9.0 1
10 10 0.00373387336731 7.0 1
11 8 0.0028510093689 5.0 1
12 12 0.00448107719421 9.0 1
13 11 0.00404405593872 8.0 1
14 12 0.00436091423035 9.0 1
15 8 0.00287485122681 5.0 1
16 9 0.00329208374023 6.0 1
17 11 0.00406694412231 8.0 1
18 8 0.00282502174377 5.0 1
19 9 0.00319004058838 6.0 1
20 10 0.00368809700012 7.0 1
21 15 0.0056939125061 12.0 1
22 12 0.00409293174744 9.0 1
23 12 0.00445199012756 9.0 1
24 9 0.00335693359375 6.0 1
25 11 0.00373101234436 8.0 1
26 11 0.00380992889404 8.0 1
27 9 0.00313806533813 6.0 1
28 8 0.0028510093689 5.0 1
29 11 0.00407481193542 8.0 1
30 12 0.00427317619324 9.0 1
31 9 0.00329899787903 6.0 1
32 11 0.00407886505127 8.0 1
33 12 0.00394701957703 9.0 1
34 12 0.00442385673523 9.0 1
35 10 0.00372099876404 7.0 1
36 12 0.00442314147949 9.0 1
37 9 0.00327301025391 6.0 1
38 9 0.00329089164734 6.0 1
39 9 0.00330114364624 6.0 1
40 11 0.00404286384583 8.0 1
41 9 0.00334000587463 6.0 1
42 12 0.0055570602417 9.0 1
43 10 0.00367212295532 7.0 1
44 13 0.0049409866333 10.0 1
45 12 0.0045108795166 9.0 1
46 10 0.00372409820557 7.0 1
47 11 0.00409984588623 8.0 1
48 10 0.00345492362976 7.0 1
49 10 0.00375986099243 7.0 1
0 8 0.0029079914093 5.0 1
1 10 0.00368785858154 7.0 1
2 10 0.003751039505 7.0 1
3 10 0.00363516807556 7.0 1
4 11 0.00406193733215 8.0 1
5 11 0.00295305252075 8.0 1
6 9 0.0033278465271 6.0 1
7 12 0.00448513031006 9.0 1
8 10 0.00368285179138 7.0 1
9 8 0.00289916992188 5.0 1
10 11 0.00365400314331 8.0 1
11 11 0.00318098068237 8.0 1
12 9 0.00247502326965 6.0 1
13 10 0.00369000434875 7.0 1
14 12 0.00446105003357 9.0 1
15 12 0.00393605232239 9.0 1
16 12 0.00448298454285 9.0 1
17 12 0.00452208518982 9.0 1
18 9 0.00326299667358 6.0 1
19 11 0.00401902198792 8.0 1
20 8 0.00282287597656 5.0 1
21 12 0.00451612472534 9.0 1
22 12 0.00363206863403 9.0 1
23 13 0.00481820106506 10.0 1
24 10 0.00365400314331 7.0 1
25 12 0.0045280456543 9.0 1
26 10 0.00357508659363 7.0 1
27 12 0.00437116622925 9.0 1
28 10 0.00372290611267 7.0 1
29 9 0.00330090522766 6.0 1
30 9 0.00331783294678 6.0 1
31 11 0.00408411026001 8.0 1
32 9 0.00332593917847 6.0 1
33 11 0.00412607192993 8.0 1
34 12 0.00445103645325 9.0 1
35 12 0.00432991981506 9.0 1
36 8 0.00291395187378 5.0 1
37 9 0.00331997871399 6.0 1
38 11 0.00407791137695 8.0 1
39 12 0.00449895858765 9.0 1
40 9 0.00326991081238 6.0 1
41 9 0.00329303741455 6.0 1
42 12 0.00447297096252 9.0 1
43 9 0.00309610366821 6.0 1
44 9 0.00327491760254 6.0 1
45 11 0.0041229724884 8.0 1
46 12 0.00445580482483 9.0 1
47 12 0.00445914268494 9.0 1
48 12 0.00447201728821 9.0 1
49 8 0.00290608406067 5.0 1
0 11 0.00406193733215 8.0 1
1 8 0.00275707244873 5.0 1
2 10 0.00364804267883 7.0 1
3 12 0.00446891784668 9.0 1
4 10 0.00364089012146 7.0 1
5 11 0.00406718254089 8.0 1
6 12 0.004478931427 9.0 1
7 9 0.00324606895447 6.0 1
8 11 0.0042929649353 8.0 1
9 10 0.00355505943298 7.0 1
10 12 0.0044469833374 9.0 1
11 9 0.00335812568665 6.0 1
12 10 0.00370597839355 7.0 1
13 8 0.0028657913208 5.0 1
14 11 0.00413107872009 8.0 1
15 11 0.0041389465332 8.0 1
16 11 0.00405812263489 8.0 1
17 10 0.00361394882202 7.0 1
18 11 0.00400686264038 8.0 1
19 10 0.00371313095093 7.0 1
20 8 0.00291991233826 5.0 1
21 11 0.00416398048401 8.0 1
22 12 0.00454592704773 9.0 1
23 9 0.00331401824951 6.0 1
24 11 0.00432896614075 8.0 1
25 9 0.00331711769104 6.0 1
26 10 0.00354290008545 7.0 1
27 10 0.00367188453674 7.0 1
28 10 0.00368285179138 7.0 1
29 12 0.00330305099487 9.0 1
30 9 0.00208497047424 6.0 1
31 10 0.00263094902039 7.0 1
32 8 0.00286889076233 5.0 1
33 11 0.00418996810913 8.0 1
34 8 0.00288701057434 5.0 1
35 12 0.00457501411438 9.0 1
36 11 0.00391602516174 8.0 1
37 9 0.0032160282135 6.0 1
38 8 0.00279593467712 5.0 1
39 11 0.00386786460876 8.0 1
40 8 0.00287795066833 5.0 1
41 8 0.00284481048584 5.0 1
42 12 0.00438809394836 9.0 1
43 12 0.00455808639526 9.0 1
44 10 0.00353193283081 7.0 1
45 11 0.00396919250488 8.0 1
46 12 0.00444889068604 9.0 1
47 11 0.00401496887207 8.0 1
48 12 0.00438785552979 9.0 1
49 11 0.00399303436279 8.0 1
0 12 0.00444722175598 9.0 1
1 12 0.00431203842163 9.0 1
2 9 0.00314903259277 6.0 1
3 11 0.00396800041199 8.0 1
4 11 0.00400996208191 8.0 1
5 8 0.00287199020386 5.0 1
6 10 0.00360584259033 7.0 1
7 9 0.00320601463318 6.0 1
8 9 0.00319409370422 6.0 1
9 11 0.0039689540863 8.0 1
10 11 0.00397491455078 8.0 1
11 12 0.00438499450684 9.0 1
12 10 0.00362706184387 7.0 1
13 9 0.00321578979492 6.0 1
14 9 0.00321006774902 6.0 1
15 12 0.00439190864563 9.0 1
16 9 0.00320506095886 6.0 1
17 9 0.00314784049988 6.0 1
18 12 0.00437593460083 9.0 1
19 10 0.00359511375427 7.0 1
20 12 0.00439715385437 9.0 1
21 9 0.00321483612061 6.0 1
22 12 0.00441002845764 9.0 1
23 11 0.00404191017151 8.0 1
24 11 0.00396990776062 8.0 1
25 11 0.00404095649719 8.0 1
26 11 0.00393390655518 8.0 1
27 12 0.0044219493866 9.0 1
28 10 0.00375509262085 7.0 1
29 9 0.00331282615662 6.0 1
30 10 0.00369381904602 7.0 1
31 12 0.00450706481934 9.0 1
32 12 0.00447988510132 9.0 1
33 12 0.00451898574829 9.0 1
34 12 0.00448799133301 9.0 1
35 9 0.00298190116882 6.0 1
36 10 0.00362610816956 7.0 1
37 10 0.0037841796875 7.0 1
38 8 0.00284099578857 5.0 1
39 9 0.00340604782104 6.0 1
40 8 0.00296401977539 5.0 1
41 13 0.00479507446289 10.0 1
42 12 0.00457191467285 9.0 1
43 8 0.00295519828796 5.0 1
44 11 0.00414395332336 8.0 1
45 12 0.00449395179749 9.0 1
46 12 0.00455904006958 9.0 1
47 11 0.00405693054199 8.0 1
48 10 0.00372695922852 7.0 1
49 12 0.00454688072205 9.0 1
0 11 0.00413298606873 8.0 1
1 11 0.00415301322937 8.0 1
2 9 0.00333213806152 6.0 1
3 9 0.00326895713806 6.0 1
4 12 0.00451278686523 9.0 1
5 10 0.00331807136536 7.0 1
6 11 0.00405597686768 8.0 1
7 10 0.00376105308533 7.0 1
8 12 0.00386309623718 9.0 1
9 11 0.00345587730408 8.0 1
10 10 0.00369906425476 7.0 1
11 12 0.00439786911011 9.0 1
12 9 0.0031590461731 6.0 1
13 9 0.0032320022583 6.0 1
14 12 0.00405597686768 9.0 1
15 13 0.00491905212402 10.0 1
16 13 0.00491213798523 10.0 1
17 9 0.00275588035583 6.0 1
18 11 0.0040271282196 8.0 1
19 10 0.00368595123291 7.0 1
20 9 0.00304007530212 6.0 1
21 12 0.00444912910461 9.0 1
22 8 0.0028440952301 5.0 1
23 12 0.00405502319336 9.0 1
24 12 0.00372695922852 9.0 1
25 8 0.00359296798706 5.0 1
26 10 0.00367021560669 7.0 1
27 8 0.00241804122925 5.0 1
28 11 0.00405406951904 8.0 1
29 10 0.00349593162537 7.0 1
30 10 0.00361704826355 7.0 1
31 10 0.00363302230835 7.0 1
32 11 0.00414180755615 8.0 1
33 10 0.00334095954895 7.0 1
34 8 0.00277209281921 5.0 1
35 10 0.00375699996948 7.0 1
36 11 0.00405693054199 8.0 1
37 10 0.00362992286682 7.0 1
38 11 0.00412011146545 8.0 1
39 13 0.00481986999512 10.0 1
40 10 0.00345993041992 7.0 1
41 8 0.00233602523804 5.0 1
42 12 0.00393295288086 9.0 1
43 8 0.0026068687439 5.0 1
44 11 0.00345206260681 8.0 1
45 8 0.00290298461914 5.0 1
46 9 0.00275111198425 6.0 1
47 12 0.00453114509583 9.0 1
48 12 0.00457406044006 9.0 1
49 12 0.00458192825317 9.0 1
0 9 0.00341296195984 6.0 1
1 8 0.00295090675354 5.0 1
2 10 0.00362610816956 7.0 1
3 9 0.00330400466919 6.0 1
4 9 0.00342893600464 6.0 1
5 9 0.00334000587463 6.0 1
6 9 0.00330996513367 6.0 1
7 9 0.00335812568665 6.0 1
8 9 0.00342988967896 6.0 1
9 9 0.00326585769653 6.0 1
10 8 0.00301384925842 5.0 1
11 9 0.00342702865601 6.0 1
12 11 0.00412702560425 8.0 1
13 9 0.00334095954895 6.0 1
14 9 0.00341701507568 6.0 1
15 9 0.00339603424072 6.0 1
16 10 0.00368905067444 7.0 1
17 8 0.00343704223633 5.0 1
18 10 0.00454807281494 7.0 1
19 9 0.00410890579224 6.0 1
20 10 0.00860905647278 7.0 1
21 9 0.00466012954712 6.0 1
22 9 0.00405478477478 6.0 1
23 9 0.00323987007141 6.0 1
24 10 0.00509214401245 7.0 1
25 10 0.00443506240845 7.0 1
26 8 0.00345993041992 5.0 1
27 8 0.00362110137939 5.0 1
28 8 0.00373101234436 5.0 1
29 9 0.00424981117249 6.0 1
30 8 0.00354099273682 5.0 1
31 8 0.00356984138489 5.0 1
32 9 0.00410985946655 6.0 1
33 10 0.004634141922 7.0 1
34 8 0.00404810905457 5.0 1
35 9 0.0039701461792 6.0 1
36 10 0.00470685958862 7.0 1
37 9 0.00403213500977 6.0 1
38 9 0.00328087806702 6.0 1
39 10 0.00516104698181 7.0 1
40 10 0.00442910194397 7.0 1
41 10 0.0046501159668 7.0 1
42 9 0.00351190567017 6.0 1
43 9 0.00376486778259 6.0 1
44 8 0.00361585617065 5.0 1
45 9 0.00460696220398 6.0 1
46 9 0.00488209724426 6.0 1
47 9 0.00406885147095 6.0 1
48 8 0.00349593162537 5.0 1
49 10 0.00626516342163 7.0 1
0 12 0.00637197494507 9.0 1
1 8 0.00354599952698 5.0 1
2 12 0.00574111938477 9.0 1
3 13 0.00618290901184 10.0 1
4 10 0.00443601608276 7.0 1
5 13 0.00594305992126 10.0 1
6 10 0.00472378730774 7.0 1
7 12 0.00563311576843 9.0 1
8 10 0.00443696975708 7.0 1
9 17 0.00835299491882 14.0 1
10 11 0.00517082214355 8.0 1
11 11 0.00486993789673 8.0 1
12 9 0.00420808792114 6.0 1
13 13 0.00433993339539 10.0 1
14 11 0.00467395782471 8.0 1
15 9 0.00406503677368 6.0 1
16 11 0.00495600700378 8.0 1
17 10 0.00477194786072 7.0 1
18 13 0.00625991821289 10.0 1
19 8 0.00373816490173 5.0 1
20 10 0.00507688522339 7.0 1
21 9 0.00466179847717 6.0 1
22 8 0.00379490852356 5.0 1
23 14 0.00654411315918 11.0 1
24 14 0.00635504722595 11.0 1
25 12 0.00621795654297 9.0 1
26 11 0.00570321083069 8.0 1
27 9 0.00421118736267 6.0 1
28 14 0.00694990158081 11.0 1
29 13 0.00714182853699 10.0 1
30 12 0.00537991523743 9.0 1
31 13 0.00573515892029 10.0 1
32 10 0.00519299507141 7.0 1
33 13 0.007493019104 10.0 1
34 12 0.00665998458862 9.0 1
35 12 0.00661182403564 9.0 1
36 11 0.00605893135071 8.0 1
37 10 0.00572896003723 7.0 1
38 12 0.00705099105835 9.0 1
39 8 0.00439310073853 5.0 1
40 9 0.00483918190002 6.0 1
41 8 0.00459599494934 5.0 1
42 9 0.00506186485291 6.0 1
43 12 0.0069420337677 9.0 1
44 8 0.00449299812317 5.0 1
45 9 0.00486302375793 6.0 1
46 12 0.00696778297424 9.0 1
47 11 0.0063419342041 8.0 1
48 10 0.00567984580994 7.0 1
49 11 0.00609302520752 8.0 1
0 11 0.00645589828491 8.0 1
1 8 0.00411510467529 5.0 1
2 12 0.00646805763245 9.0 1
3 12 0.00674510002136 9.0 1
4 10 0.00568294525146 7.0 1
5 9 0.00502800941467 6.0 1
6 11 0.00625991821289 8.0 1
7 10 0.0058228969574 7.0 1
8 9 0.00523018836975 6.0 1
9 9 0.00524711608887 6.0 1
10 10 0.00588297843933 7.0 1
11 13 0.00773191452026 10.0 1
12 9 0.00520706176758 6.0 1
13 12 0.00788497924805 9.0 1
14 10 0.00587797164917 7.0 1
15 9 0.00541400909424 6.0 1
16 10 0.00577092170715 7.0 1
17 9 0.005038022995 6.0 1
18 10 0.00627303123474 7.0 1
19 12 0.00699996948242 9.0 1
20 11 0.00667214393616 8.0 1
21 13 0.00771999359131 10.0 1
22 11 0.00643801689148 8.0 1
23 10 0.00598502159119 7.0 1
24 10 0.00578689575195 7.0 1
25 11 0.00622606277466 8.0 1
26 12 0.00664114952087 9.0 1
27 11 0.00598907470703 8.0 1
28 12 0.00657200813293 9.0 1
29 11 0.00618600845337 8.0 1
30 8 0.00453877449036 5.0 1
31 9 0.00522303581238 6.0 1
32 13 0.00774598121643 10.0 1
33 12 0.00678086280823 9.0 1
34 10 0.00548601150513 7.0 1
35 12 0.00686502456665 9.0 1
36 10 0.00589489936829 7.0 1
37 12 0.00698280334473 9.0 1
38 11 0.00632691383362 8.0 1
39 12 0.00658202171326 9.0 1
40 9 0.00489687919617 6.0 1
41 8 0.00423002243042 5.0 1
42 10 0.00543999671936 7.0 1
43 11 0.00594592094421 8.0 1
44 9 0.00474309921265 6.0 1
45 12 0.00653910636902 9.0 1
46 12 0.00661516189575 9.0 1
47 9 0.00484108924866 6.0 1
48 11 0.00607299804688 8.0 1
49 12 0.00671601295471 9.0 1
0 9 0.00522494316101 6.0 1
1 8 0.00435400009155 5.0 1
2 8 0.00440907478333 5.0 1
3 9 0.00502610206604 6.0 1
4 11 0.00604104995728 8.0 1
5 11 0.00611281394958 8.0 1
6 11 0.00613498687744 8.0 1
7 10 0.00563406944275 7.0 1
8 11 0.00600910186768 8.0 1
9 9 0.0048611164093 6.0 1
10 11 0.00623488426208 8.0 1
11 14 0.0078752040863 11.0 1
12 11 0.00606203079224 8.0 1
13 13 0.00712299346924 10.0 1
14 10 0.00556588172913 7.0 1
15 12 0.00663995742798 9.0 1
16 11 0.0059380531311 8.0 1
17 10 0.00556182861328 7.0 1
18 10 0.00550985336304 7.0 1
19 11 0.00621199607849 8.0 1
20 11 0.00610494613647 8.0 1
21 12 0.00664186477661 9.0 1
22 10 0.00553703308105 7.0 1
23 9 0.00490093231201 6.0 1
24 10 0.00541210174561 7.0 1
25 12 0.00658297538757 9.0 1
26 11 0.00601983070374 8.0 1
27 9 0.00486898422241 6.0 1
28 12 0.00662612915039 9.0 1
29 11 0.00608801841736 8.0 1
30 11 0.00595307350159 8.0 1
31 10 0.00560188293457 7.0 1
32 10 0.00554490089417 7.0 1
33 9 0.00478100776672 6.0 1
34 11 0.00605511665344 8.0 1
35 9 0.00477910041809 6.0 1
36 9 0.00495791435242 6.0 1
37 12 0.00682997703552 9.0 1
38 8 0.00435590744019 5.0 1
39 12 0.00673508644104 9.0 1
40 11 0.00605511665344 8.0 1
41 12 0.00675487518311 9.0 1
42 10 0.00553393363953 7.0 1
43 10 0.00547194480896 7.0 1
44 11 0.00610494613647 8.0 1
45 11 0.00616002082825 8.0 1
46 11 0.00646996498108 8.0 1
47 12 0.00679683685303 9.0 1
48 12 0.00660705566406 9.0 1
49 11 0.00603008270264 8.0 1
