trial, number of steps, runtime, accumulated reward, termination
0 9 0.00361180305481 6.0 1
1 12 0.00455403327942 9.0 1
2 157 0.0604860782623 154.0 1
3 31 0.01211810112 28.0 1
4 52 0.0205109119415 49.0 1
5 57 0.0217649936676 54.0 1
6 42 0.016725063324 39.0 1
7 14 0.00514602661133 11.0 1
8 14 0.00508785247803 11.0 1
9 62 0.0250082015991 59.0 1
10 65 0.0244698524475 62.0 1
11 51 0.0201549530029 48.0 1
12 51 0.0212268829346 48.0 1
13 86 0.0346190929413 83.0 1
14 57 0.0222148895264 54.0 1
15 54 0.0216150283813 51.0 1
16 51 0.0195679664612 48.0 1
17 46 0.0182290077209 43.0 1
18 48 0.0184860229492 45.0 1
19 75 0.0285239219666 72.0 1
20 51 0.0190999507904 48.0 1
21 44 0.0167298316956 41.0 1
22 48 0.0189371109009 45.0 1
23 61 0.0223920345306 58.0 1
24 14 0.00540089607239 11.0 1
25 44 0.01740193367 41.0 1
26 44 0.0167999267578 41.0 1
27 65 0.0255191326141 62.0 1
28 14 0.00560188293457 11.0 1
29 16 0.00560283660889 13.0 1
30 58 0.02330493927 55.0 1
31 32 0.0153729915619 29.0 1
32 39 0.0153410434723 36.0 1
33 101 0.0403921604156 98.0 1
34 35 0.0139508247375 32.0 1
35 47 0.0186688899994 44.0 1
36 38 0.0156009197235 35.0 1
37 74 0.0314910411835 71.0 1
38 63 0.0253000259399 60.0 1
39 44 0.0169839859009 41.0 1
40 65 0.0255579948425 62.0 1
41 44 0.0182349681854 41.0 1
42 50 0.0203320980072 47.0 1
43 44 0.017863035202 41.0 1
44 56 0.0245571136475 53.0 1
45 63 0.0254628658295 60.0 1
46 43 0.0169501304626 40.0 1
47 14 0.00510716438293 11.0 1
48 16 0.00600385665894 13.0 1
49 60 0.0241959095001 57.0 1
0 38 0.0157577991486 35.0 1
1 26 0.0101759433746 23.0 1
2 26 0.0100069046021 23.0 1
3 10 0.00370001792908 7.0 1
4 10 0.00369501113892 7.0 1
5 10 0.00365304946899 7.0 1
6 9 0.0032320022583 6.0 1
7 9 0.00334286689758 6.0 1
8 46 0.0218880176544 43.0 1
9 9 0.00329780578613 6.0 1
10 12 0.00449585914612 9.0 1
11 8 0.00341486930847 5.0 1
12 8 0.00283885002136 5.0 1
13 9 0.00313711166382 6.0 1
14 10 0.00430679321289 7.0 1
15 10 0.00367188453674 7.0 1
16 17 0.00677084922791 14.0 1
17 10 0.00372695922852 7.0 1
18 43 0.0168380737305 40.0 1
19 9 0.0058901309967 6.0 1
20 22 0.00850701332092 19.0 1
21 10 0.0036518573761 7.0 1
22 21 0.00784707069397 18.0 1
23 28 0.0128171443939 25.0 1
24 31 0.0133111476898 28.0 1
25 51 0.0195350646973 48.0 1
26 9 0.00316596031189 6.0 1
27 24 0.00917601585388 21.0 1
28 23 0.00882005691528 20.0 1
29 8 0.00286293029785 5.0 1
30 9 0.00322318077087 6.0 1
31 33 0.0123558044434 30.0 1
32 10 0.00343608856201 7.0 1
33 33 0.0131011009216 30.0 1
34 8 0.00286102294922 5.0 1
35 10 0.00355410575867 7.0 1
36 26 0.00985193252563 23.0 1
37 17 0.00649213790894 14.0 1
38 23 0.00877785682678 20.0 1
39 39 0.0146911144257 36.0 1
40 52 0.0206940174103 49.0 1
41 8 0.00293397903442 5.0 1
42 9 0.00341296195984 6.0 1
43 10 0.00376677513123 7.0 1
44 8 0.00287580490112 5.0 1
45 8 0.0029239654541 5.0 1
46 40 0.0150640010834 37.0 1
47 9 0.00335907936096 6.0 1
48 39 0.0156471729279 36.0 1
49 10 0.0041229724884 7.0 1
0 14 0.00531697273254 11.0 1
1 14 0.00482320785522 11.0 1
2 20 0.00761103630066 17.0 1
3 169 0.0646669864655 166.0 1
4 51 0.0212759971619 48.0 1
5 5000 2.0521671772 4999.0 0
6 5000 2.09962701797 4999.0 0
7 5000 2.01408100128 4999.0 0
8 5000 1.99127984047 4999.0 0
9 5000 1.97320795059 4999.0 0
10 5000 1.96305012703 4999.0 0
11 5000 1.98404502869 4999.0 0
12 912 0.346033811569 909.0 1
13 5000 1.99871397018 4999.0 0
14 5000 1.98489403725 4999.0 0
15 5000 2.20429491997 4999.0 0
16 5000 2.05104780197 4999.0 0
17 5000 1.95638394356 4999.0 0
18 5000 1.98788905144 4999.0 0
19 5000 1.96791410446 4999.0 0
20 5000 1.96031689644 4999.0 0
21 5000 2.07780694962 4999.0 0
22 5000 2.17307901382 4999.0 0
23 5000 2.01295495033 4999.0 0
24 5000 1.9495010376 4999.0 0
25 5000 1.94420814514 4999.0 0
26 5000 1.95124793053 4999.0 0
27 5000 1.92757105827 4999.0 0
28 5000 1.9554810524 4999.0 0
29 5000 1.94499611855 4999.0 0
30 5000 1.94319796562 4999.0 0
31 5000 1.9572160244 4999.0 0
32 5000 1.94481801987 4999.0 0
33 5000 1.99720406532 4999.0 0
34 5000 1.89316511154 4999.0 0
35 5000 1.9361679554 4999.0 0
36 5000 1.9552321434 4999.0 0
37 5000 1.95648193359 4999.0 0
38 5000 1.93916797638 4999.0 0
39 5000 1.92735505104 4999.0 0
40 5000 1.95041203499 4999.0 0
41 5000 1.99262785912 4999.0 0
42 5000 1.89662504196 4999.0 0
43 5000 1.93101191521 4999.0 0
44 5000 1.95214009285 4999.0 0
45 5000 1.93603801727 4999.0 0
46 5000 1.98451113701 4999.0 0
47 5000 1.92027306557 4999.0 0
48 5000 1.98027086258 4999.0 0
49 5000 2.0078830719 4999.0 0
0 13 0.00489687919617 10.0 1
1 15 0.00558590888977 12.0 1
2 12 0.0044949054718 9.0 1
3 10 0.00370502471924 7.0 1
4 120 0.0498418807983 117.0 1
5 25 0.00997185707092 22.0 1
6 38 0.015153169632 35.0 1
7 8 0.00286602973938 5.0 1
8 19 0.00768303871155 16.0 1
9 8 0.00288510322571 5.0 1
10 17 0.00688195228577 14.0 1
11 22 0.00829410552979 19.0 1
12 18 0.0065770149231 15.0 1
13 30 0.0108590126038 27.0 1
14 16 0.0060408115387 13.0 1
15 21 0.00858020782471 18.0 1
16 18 0.00767993927002 15.0 1
17 18 0.00698614120483 15.0 1
18 27 0.0106391906738 24.0 1
19 18 0.00690603256226 15.0 1
20 27 0.0105040073395 24.0 1
21 18 0.00682902336121 15.0 1
22 23 0.00902199745178 20.0 1
23 17 0.00697588920593 14.0 1
24 18 0.00695085525513 15.0 1
25 18 0.00565409660339 15.0 1
26 16 0.00570607185364 13.0 1
27 17 0.00666999816895 14.0 1
28 14 0.0053699016571 11.0 1
29 26 0.0102179050446 23.0 1
30 16 0.00601005554199 13.0 1
31 26 0.010321855545 23.0 1
32 26 0.00956606864929 23.0 1
33 23 0.00846695899963 20.0 1
34 30 0.0118610858917 27.0 1
35 20 0.00781798362732 17.0 1
36 25 0.00980806350708 22.0 1
37 9 0.00333309173584 6.0 1
38 27 0.0108609199524 24.0 1
39 28 0.0110681056976 25.0 1
40 21 0.00820899009705 18.0 1
41 17 0.00594615936279 14.0 1
42 18 0.00680804252625 15.0 1
43 35 0.0138669013977 32.0 1
44 31 0.0120198726654 28.0 1
45 18 0.00687623023987 15.0 1
46 18 0.00628280639648 15.0 1
47 23 0.00867104530334 20.0 1
48 29 0.0115859508514 26.0 1
49 17 0.00576901435852 14.0 1
0 9 0.0034351348877 6.0 1
1 11 0.00410079956055 8.0 1
2 11 0.00418210029602 8.0 1
3 13 0.00499606132507 10.0 1
4 11 0.00398683547974 8.0 1
5 98 0.0385341644287 95.0 1
6 13 0.004802942276 10.0 1
7 10 0.00356793403625 7.0 1
8 9 0.00327491760254 6.0 1
9 8 0.00280284881592 5.0 1
10 9 0.00320196151733 6.0 1
11 65 0.0254590511322 62.0 1
12 19 0.00747895240784 16.0 1
13 11 0.00404000282288 8.0 1
14 17 0.00649094581604 14.0 1
15 23 0.00932097434998 20.0 1
16 43 0.0167438983917 40.0 1
17 9 0.00324487686157 6.0 1
18 15 0.00558304786682 12.0 1
19 27 0.0101869106293 24.0 1
20 9 0.00360703468323 6.0 1
21 17 0.00646209716797 14.0 1
22 8 0.00279808044434 5.0 1
23 9 0.00324392318726 6.0 1
24 65 0.0255479812622 62.0 1
25 8 0.00279998779297 5.0 1
26 33 0.0126640796661 30.0 1
27 33 0.012629032135 30.0 1
28 9 0.00319194793701 6.0 1
29 23 0.00884318351746 20.0 1
30 25 0.00952100753784 22.0 1
31 23 0.00872611999512 20.0 1
32 8 0.00283598899841 5.0 1
33 8 0.00284504890442 5.0 1
34 15 0.00559997558594 12.0 1
35 117 0.045902967453 114.0 1
36 9 0.00324702262878 6.0 1
37 31 0.01220703125 28.0 1
38 9 0.00328993797302 6.0 1
39 9 0.00316190719604 6.0 1
40 39 0.0149531364441 36.0 1
41 25 0.00968885421753 22.0 1
42 8 0.00292301177979 5.0 1
43 29 0.0111582279205 26.0 1
44 29 0.0110700130463 26.0 1
45 21 0.00813817977905 18.0 1
46 8 0.00289583206177 5.0 1
47 25 0.0095419883728 22.0 1
48 41 0.0159780979156 38.0 1
49 13 0.00503611564636 10.0 1
0 12 0.00461506843567 9.0 1
1 14 0.00534510612488 11.0 1
2 9 0.00333595275879 6.0 1
3 10 0.00365900993347 7.0 1
4 12 0.00451707839966 9.0 1
5 12 0.00452303886414 9.0 1
6 9 0.00314497947693 6.0 1
7 11 0.00408411026001 8.0 1
8 14 0.00525307655334 11.0 1
9 10 0.00313305854797 7.0 1
10 10 0.003751039505 7.0 1
11 10 0.00375986099243 7.0 1
12 11 0.00407195091248 8.0 1
13 9 0.00335216522217 6.0 1
14 12 0.00455403327942 9.0 1
15 8 0.00272512435913 5.0 1
16 11 0.00415277481079 8.0 1
17 10 0.00372886657715 7.0 1
18 11 0.00408315658569 8.0 1
19 10 0.00375509262085 7.0 1
20 12 0.00453901290894 9.0 1
21 12 0.00432896614075 9.0 1
22 10 0.00371098518372 7.0 1
23 9 0.00338101387024 6.0 1
24 15 0.0056049823761 12.0 1
25 11 0.0041389465332 8.0 1
26 11 0.00413990020752 8.0 1
27 10 0.00365209579468 7.0 1
28 10 0.00374794006348 7.0 1
29 12 0.0045599937439 9.0 1
30 9 0.00328397750854 6.0 1
31 12 0.00452589988708 9.0 1
32 11 0.00412797927856 8.0 1
33 11 0.00346708297729 8.0 1
34 10 0.00344204902649 7.0 1
35 8 0.00294184684753 5.0 1
36 9 0.00327205657959 6.0 1
37 9 0.00273895263672 6.0 1
38 11 0.00417494773865 8.0 1
39 11 0.00418496131897 8.0 1
40 12 0.00392699241638 9.0 1
41 10 0.00377607345581 7.0 1
42 9 0.0027060508728 6.0 1
43 12 0.00322484970093 9.0 1
44 8 0.00311899185181 5.0 1
45 12 0.0056619644165 9.0 1
46 9 0.0036289691925 6.0 1
47 9 0.00324892997742 6.0 1
48 13 0.00481390953064 10.0 1
49 12 0.00512504577637 9.0 1
0 12 0.00442314147949 9.0 1
1 13 0.00510191917419 10.0 1
2 10 0.00359010696411 7.0 1
3 14 0.00541496276855 11.0 1
4 34 0.0137929916382 31.0 1
5 163 0.0677230358124 160.0 1
6 107 0.0440320968628 104.0 1
7 14 0.00563311576843 11.0 1
8 13 0.0048930644989 10.0 1
9 88 0.0363159179688 85.0 1
10 13 0.00499796867371 10.0 1
11 133 0.0552470684052 130.0 1
12 13 0.00525498390198 10.0 1
13 123 0.0487949848175 120.0 1
14 13 0.00475716590881 10.0 1
15 16 0.00629901885986 13.0 1
16 137 0.0574741363525 134.0 1
17 112 0.0460879802704 109.0 1
18 124 0.0512018203735 121.0 1
19 14 0.00535607337952 11.0 1
20 130 0.0516998767853 127.0 1
21 122 0.0481140613556 119.0 1
22 127 0.0477001667023 124.0 1
23 15 0.00586199760437 12.0 1
24 14 0.00529098510742 11.0 1
25 102 0.0389959812164 99.0 1
26 14 0.00546813011169 11.0 1
27 88 0.0374948978424 85.0 1
28 74 0.0303180217743 71.0 1
29 157 0.0618250370026 154.0 1
30 136 0.0555129051208 133.0 1
31 126 0.0524458885193 123.0 1
32 108 0.0427091121674 105.0 1
33 14 0.00524091720581 11.0 1
34 87 0.0339829921722 84.0 1
35 144 0.0576441287994 141.0 1
36 122 0.0484778881073 119.0 1
37 96 0.0372979640961 93.0 1
38 15 0.00595092773438 12.0 1
39 101 0.0407810211182 98.0 1
40 143 0.0571410655975 140.0 1
41 136 0.0544769763947 133.0 1
42 14 0.00531888008118 11.0 1
43 64 0.0252540111542 61.0 1
44 148 0.058333158493 145.0 1
45 129 0.0568830966949 126.0 1
46 14 0.00541496276855 11.0 1
47 140 0.0542809963226 137.0 1
48 80 0.0322508811951 77.0 1
49 103 0.0406470298767 100.0 1
0 8 0.0028669834137 5.0 1
1 10 0.00367617607117 7.0 1
2 11 0.00408887863159 8.0 1
3 8 0.00283598899841 5.0 1
4 9 0.00208497047424 6.0 1
5 160 0.0625019073486 157.0 1
6 5000 2.02356696129 4999.0 0
7 5000 2.08520793915 4999.0 0
8 5000 1.98897099495 4999.0 0
9 5000 1.97500300407 4999.0 0
10 5000 1.99589085579 4999.0 0
11 5000 1.97141909599 4999.0 0
12 5000 1.97756505013 4999.0 0
13 5000 1.96176600456 4999.0 0
14 5000 1.93852305412 4999.0 0
15 5000 1.9554309845 4999.0 0
16 5000 1.9641931057 4999.0 0
17 5000 1.97322583199 4999.0 0
18 5000 1.95962500572 4999.0 0
19 5000 2.00697302818 4999.0 0
20 5000 2.0786678791 4999.0 0
21 5000 2.19825100899 4999.0 0
22 5000 2.19917201996 4999.0 0
23 5000 1.98395705223 4999.0 0
24 5000 1.96135210991 4999.0 0
25 5000 2.09257006645 4999.0 0
26 5000 2.21249914169 4999.0 0
27 5000 2.24025392532 4999.0 0
28 5000 2.22216105461 4999.0 0
29 5000 2.22338700294 4999.0 0
30 5000 1.93908214569 4999.0 0
31 5000 2.08279585838 4999.0 0
32 5000 2.11779904366 4999.0 0
33 5000 2.11147809029 4999.0 0
34 5000 2.04808402061 4999.0 0
35 5000 2.12180304527 4999.0 0
36 5000 2.13608002663 4999.0 0
37 5000 2.11154794693 4999.0 0
38 5000 2.12369394302 4999.0 0
39 5000 2.10397696495 4999.0 0
40 5000 2.11724710464 4999.0 0
41 5000 2.14137101173 4999.0 0
42 5000 2.12616896629 4999.0 0
43 5000 2.00345110893 4999.0 0
44 5000 1.99726390839 4999.0 0
45 5000 2.08094501495 4999.0 0
46 5000 2.12583088875 4999.0 0
47 5000 2.09074807167 4999.0 0
48 5000 1.95216989517 4999.0 0
49 5000 1.96866703033 4999.0 0
0 9 0.00320887565613 6.0 1
1 11 0.00425601005554 8.0 1
2 10 0.00357484817505 7.0 1
3 10 0.00365114212036 7.0 1
4 129 0.0509660243988 126.0 1
5 12 0.00449800491333 9.0 1
6 55 0.0213680267334 52.0 1
7 55 0.021301984787 52.0 1
8 59 0.022805929184 56.0 1
9 81 0.0313620567322 78.0 1
10 71 0.0274209976196 68.0 1
11 83 0.0325839519501 80.0 1
12 108 0.04243516922 105.0 1
13 93 0.036180973053 90.0 1
14 85 0.0329651832581 82.0 1
15 65 0.0253291130066 62.0 1
16 65 0.0253260135651 62.0 1
17 101 0.0394730567932 98.0 1
18 73 0.0286347866058 70.0 1
19 106 0.0428631305695 103.0 1
20 91 0.0367980003357 88.0 1
21 99 0.0397169589996 96.0 1
22 65 0.0260848999023 62.0 1
23 77 0.0256011486053 74.0 1
24 69 0.0267581939697 66.0 1
25 90 0.0350501537323 87.0 1
26 88 0.0339930057526 85.0 1
27 84 0.0339617729187 81.0 1
28 109 0.0434639453888 106.0 1
29 86 0.0332489013672 83.0 1
30 93 0.0367379188538 90.0 1
31 80 0.0316219329834 77.0 1
32 101 0.03959608078 98.0 1
33 87 0.034031867981 84.0 1
34 74 0.0290830135345 71.0 1
35 84 0.0330379009247 81.0 1
36 82 0.032653093338 79.0 1
37 92 0.0368928909302 89.0 1
38 55 0.0214500427246 52.0 1
39 101 0.0396361351013 98.0 1
40 90 0.0354719161987 87.0 1
41 90 0.0347709655762 87.0 1
42 69 0.0268859863281 66.0 1
43 105 0.0408751964569 102.0 1
44 74 0.0282938480377 71.0 1
45 90 0.0347459316254 87.0 1
46 90 0.0355608463287 87.0 1
47 57 0.0218849182129 54.0 1
48 104 0.0417921543121 101.0 1
49 79 0.0303869247437 76.0 1
0 14 0.00535893440247 11.0 1
1 13 0.00468301773071 10.0 1
2 26 0.00995397567749 23.0 1
3 12 0.00439095497131 9.0 1
4 12 0.00442004203796 9.0 1
5 11 0.00395798683167 8.0 1
6 13 0.00482892990112 10.0 1
7 11 0.00394701957703 8.0 1
8 5000 2.02903294563 4999.0 0
9 5000 2.12582087517 4999.0 0
10 5000 1.97376990318 4999.0 0
11 5000 1.96709299088 4999.0 0
12 5000 1.95669198036 4999.0 0
13 5000 1.95862793922 4999.0 0
14 5000 2.16669607162 4999.0 0
15 5000 2.16717219353 4999.0 0
16 5000 1.99515485764 4999.0 0
17 5000 1.94288706779 4999.0 0
18 5000 1.99134993553 4999.0 0
19 5000 1.98757600784 4999.0 0
20 5000 1.96705913544 4999.0 0
21 5000 1.99808502197 4999.0 0
22 5000 2.15640306473 4999.0 0
23 5000 2.19811081886 4999.0 0
24 5000 2.19867181778 4999.0 0
25 5000 2.05442714691 4999.0 0
26 5000 2.01563119888 4999.0 0
27 5000 2.04315185547 4999.0 0
28 5000 2.13261389732 4999.0 0
29 5000 2.14664697647 4999.0 0
30 5000 2.14456892014 4999.0 0
31 5000 2.15268611908 4999.0 0
32 5000 2.01226496696 4999.0 0
33 5000 1.98633003235 4999.0 0
34 5000 2.01778507233 4999.0 0
35 5000 2.06670093536 4999.0 0
36 5000 2.06657600403 4999.0 0
37 5000 2.06396389008 4999.0 0
38 5000 1.94711184502 4999.0 0
39 5000 1.97634315491 4999.0 0
40 5000 2.07359099388 4999.0 0
41 5000 1.99024701118 4999.0 0
42 5000 1.96863698959 4999.0 0
43 5000 1.97407984734 4999.0 0
44 5000 1.99362802505 4999.0 0
45 5000 1.90511107445 4999.0 0
46 5000 1.96639490128 4999.0 0
47 5000 2.15510296822 4999.0 0
48 5000 1.93605589867 4999.0 0
49 5000 2.04298210144 4999.0 0
