trial, number of steps, runtime, accumulated reward, termination
0 10 0.00397706031799 7.0 1
1 11 0.00327587127686 8.0 1
2 11 0.00398397445679 8.0 1
3 11 0.00470685958862 8.0 1
4 10 0.00380086898804 7.0 1
5 11 0.004065990448 8.0 1
6 42 0.0169131755829 39.0 1
7 12 0.00455904006958 9.0 1
8 41 0.01535987854 38.0 1
9 35 0.0120840072632 32.0 1
10 37 0.0149331092834 34.0 1
11 12 0.00453686714172 9.0 1
12 36 0.0140228271484 33.0 1
13 12 0.00469088554382 9.0 1
14 12 0.00465989112854 9.0 1
15 12 0.0045690536499 9.0 1
16 12 0.0030689239502 9.0 1
17 12 0.004154920578 9.0 1
18 12 0.00464606285095 9.0 1
19 11 0.00411701202393 8.0 1
20 11 0.0042769908905 8.0 1
21 11 0.00424194335938 8.0 1
22 33 0.0132920742035 30.0 1
23 11 0.00421690940857 8.0 1
24 42 0.0170059204102 39.0 1
25 63 0.02290391922 60.0 1
26 13 0.00483703613281 10.0 1
27 35 0.0129811763763 32.0 1
28 11 0.00393390655518 8.0 1
29 11 0.0035879611969 8.0 1
30 13 0.00415015220642 10.0 1
31 29 0.0111510753632 26.0 1
32 36 0.014710187912 33.0 1
33 13 0.00506114959717 10.0 1
34 12 0.00445508956909 9.0 1
35 12 0.00440907478333 9.0 1
36 31 0.0112829208374 28.0 1
37 12 0.00461602210999 9.0 1
38 30 0.0110099315643 27.0 1
39 40 0.0161890983582 37.0 1
40 12 0.00457501411438 9.0 1
41 11 0.00417685508728 8.0 1
42 37 0.0149071216583 34.0 1
43 12 0.00462508201599 9.0 1
44 41 0.0153961181641 38.0 1
45 12 0.0046169757843 9.0 1
46 11 0.004154920578 8.0 1
47 12 0.00460195541382 9.0 1
48 12 0.0044960975647 9.0 1
49 11 0.00419497489929 8.0 1
0 81 0.0310020446777 78.0 1
1 37 0.0135290622711 34.0 1
2 12 0.00323486328125 9.0 1
3 98 0.0386321544647 95.0 1
4 74 0.0288548469543 71.0 1
5 38 0.0144309997559 35.0 1
6 47 0.018031835556 44.0 1
7 12 0.00455713272095 9.0 1
8 54 0.0216920375824 51.0 1
9 113 0.0438339710236 110.0 1
10 33 0.0135989189148 30.0 1
11 51 0.0196669101715 48.0 1
12 53 0.0207149982452 50.0 1
13 62 0.0242929458618 59.0 1
14 33 0.0134308338165 30.0 1
15 35 0.0134689807892 32.0 1
16 70 0.027801990509 67.0 1
17 14 0.00541877746582 11.0 1
18 64 0.0259189605713 61.0 1
19 40 0.0157327651978 37.0 1
20 55 0.02161693573 52.0 1
21 13 0.00492215156555 10.0 1
22 51 0.0203371047974 48.0 1
23 12 0.00450110435486 9.0 1
24 96 0.0380530357361 93.0 1
25 12 0.00480079650879 9.0 1
26 12 0.00461912155151 9.0 1
27 32 0.0124609470367 29.0 1
28 8 0.00268912315369 5.0 1
29 54 0.0218079090118 51.0 1
30 9 0.00348114967346 6.0 1
31 8 0.00291705131531 5.0 1
32 12 0.00440096855164 9.0 1
33 13 0.00488615036011 10.0 1
34 13 0.0050060749054 10.0 1
35 12 0.00461101531982 9.0 1
36 96 0.0390799045563 93.0 1
37 39 0.0158030986786 36.0 1
38 60 0.0235679149628 57.0 1
39 37 0.0141940116882 34.0 1
40 88 0.0331811904907 85.0 1
41 38 0.015368938446 35.0 1
42 31 0.0125069618225 28.0 1
43 75 0.0292489528656 72.0 1
44 51 0.0209050178528 48.0 1
45 8 0.00294089317322 5.0 1
46 12 0.00459504127502 9.0 1
47 76 0.0335290431976 73.0 1
48 58 0.0274069309235 55.0 1
49 50 0.0235199928284 47.0 1
0 17 0.00944399833679 14.0 1
1 10 0.00463891029358 7.0 1
2 11 0.0048451423645 8.0 1
3 9 0.0039529800415 6.0 1
4 10 0.0045759677887 7.0 1
5 12 0.00554299354553 9.0 1
6 8 0.00363492965698 5.0 1
7 12 0.00557899475098 9.0 1
8 9 0.00427293777466 6.0 1
9 9 0.00416898727417 6.0 1
10 11 0.00526309013367 8.0 1
11 12 0.00665688514709 9.0 1
12 9 0.00564002990723 6.0 1
13 11 0.00547885894775 8.0 1
14 11 0.00534796714783 8.0 1
15 12 0.0057852268219 9.0 1
16 10 0.0048201084137 7.0 1
17 11 0.00522112846375 8.0 1
18 9 0.00415205955505 6.0 1
19 11 0.0057201385498 8.0 1
20 11 0.00560212135315 8.0 1
21 11 0.00557398796082 8.0 1
22 11 0.00560784339905 8.0 1
23 10 0.00480389595032 7.0 1
24 8 0.00379395484924 5.0 1
25 8 0.00392699241638 5.0 1
26 9 0.00425004959106 6.0 1
27 12 0.00586605072021 9.0 1
28 9 0.00439596176147 6.0 1
29 9 0.00437998771667 6.0 1
30 11 0.0054190158844 8.0 1
31 10 0.00492000579834 7.0 1
32 8 0.00373101234436 5.0 1
33 9 0.00429606437683 6.0 1
34 11 0.00541400909424 8.0 1
35 11 0.00564289093018 8.0 1
36 9 0.00432515144348 6.0 1
37 9 0.00436997413635 6.0 1
38 10 0.00459289550781 7.0 1
39 9 0.00428104400635 6.0 1
40 13 0.00637912750244 10.0 1
41 10 0.00471186637878 7.0 1
42 9 0.00431799888611 6.0 1
43 10 0.00484204292297 7.0 1
44 11 0.00535416603088 8.0 1
45 11 0.0054829120636 8.0 1
46 9 0.00447297096252 6.0 1
47 13 0.00646305084229 10.0 1
48 12 0.00592517852783 9.0 1
49 11 0.00535702705383 8.0 1
0 10 0.00536394119263 7.0 1
1 14 0.0070378780365 11.0 1
2 14 0.00749802589417 11.0 1
3 49 0.025652885437 46.0 1
4 11 0.00526595115662 8.0 1
5 12 0.00592994689941 9.0 1
6 11 0.00533509254456 8.0 1
7 11 0.00620007514954 8.0 1
8 12 0.00712513923645 9.0 1
9 12 0.00604796409607 9.0 1
10 11 0.0056791305542 8.0 1
11 69 0.036759853363 66.0 1
12 8 0.00384497642517 5.0 1
13 11 0.00586605072021 8.0 1
14 12 0.00593590736389 9.0 1
15 11 0.00546503067017 8.0 1
16 11 0.00550603866577 8.0 1
17 12 0.00604200363159 9.0 1
18 10 0.00483298301697 7.0 1
19 8 0.00404000282288 5.0 1
20 12 0.0059552192688 9.0 1
21 31 0.0162780284882 28.0 1
22 11 0.00584292411804 8.0 1
23 12 0.00600218772888 9.0 1
24 11 0.00548005104065 8.0 1
25 12 0.00582599639893 9.0 1
26 70 0.0374200344086 67.0 1
27 41 0.0217490196228 38.0 1
28 8 0.00394296646118 5.0 1
29 11 0.00583696365356 8.0 1
30 12 0.00606393814087 9.0 1
31 11 0.00561308860779 8.0 1
32 12 0.00665307044983 9.0 1
33 12 0.00602698326111 9.0 1
34 8 0.00390911102295 5.0 1
35 11 0.00555896759033 8.0 1
36 12 0.00619697570801 9.0 1
37 54 0.0294208526611 51.0 1
38 12 0.00594520568848 9.0 1
39 71 0.0383009910583 68.0 1
40 65 0.0358779430389 62.0 1
41 12 0.00604796409607 9.0 1
42 11 0.00553011894226 8.0 1
43 12 0.00597095489502 9.0 1
44 13 0.00663685798645 10.0 1
45 8 0.00385403633118 5.0 1
46 55 0.029226064682 52.0 1
47 12 0.00598788261414 9.0 1
48 8 0.00398707389832 5.0 1
49 11 0.0056049823761 8.0 1
0 15 0.00814914703369 12.0 1
1 15 0.00766801834106 12.0 1
2 10 0.00497603416443 7.0 1
3 8 0.00427889823914 5.0 1
4 10 0.00506496429443 7.0 1
5 12 0.006098985672 9.0 1
6 12 0.00609993934631 9.0 1
7 12 0.00588393211365 9.0 1
8 12 0.00595092773438 9.0 1
9 8 0.00391888618469 5.0 1
10 8 0.00407314300537 5.0 1
11 9 0.00456690788269 6.0 1
12 9 0.00471496582031 6.0 1
13 9 0.00441598892212 6.0 1
14 11 0.00538396835327 8.0 1
15 10 0.00489401817322 7.0 1
16 10 0.00493788719177 7.0 1
17 10 0.00481104850769 7.0 1
18 10 0.00476312637329 7.0 1
19 10 0.00478911399841 7.0 1
20 10 0.00496888160706 7.0 1
21 14 0.00732111930847 11.0 1
22 10 0.00498199462891 7.0 1
23 8 0.00381088256836 5.0 1
24 11 0.00542378425598 8.0 1
25 10 0.0049262046814 7.0 1
26 11 0.00558495521545 8.0 1
27 9 0.00434803962708 6.0 1
28 11 0.0055091381073 8.0 1
29 9 0.0043089389801 6.0 1
30 12 0.00645589828491 9.0 1
31 11 0.0054931640625 8.0 1
32 11 0.00548386573792 8.0 1
33 12 0.00602293014526 9.0 1
34 10 0.00484418869019 7.0 1
35 9 0.0044801235199 6.0 1
36 10 0.00491094589233 7.0 1
37 10 0.00489497184753 7.0 1
38 12 0.00714015960693 9.0 1
39 12 0.0059769153595 9.0 1
40 9 0.0042781829834 6.0 1
41 12 0.00606513023376 9.0 1
42 9 0.00428318977356 6.0 1
43 10 0.00718212127686 7.0 1
44 12 0.00621819496155 9.0 1
45 11 0.00546002388 8.0 1
46 10 0.00486183166504 7.0 1
47 8 0.00375008583069 5.0 1
48 12 0.00583600997925 9.0 1
49 11 0.00532102584839 8.0 1
0 19 0.0101959705353 16.0 1
1 10 0.00513005256653 7.0 1
2 11 0.00552797317505 8.0 1
3 11 0.00558495521545 8.0 1
4 12 0.00621795654297 9.0 1
5 9 0.00490307807922 6.0 1
6 13 0.00649285316467 10.0 1
7 12 0.00591397285461 9.0 1
8 9 0.00445199012756 6.0 1
9 10 0.0049409866333 7.0 1
10 11 0.00538396835327 8.0 1
11 11 0.00528407096863 8.0 1
12 8 0.00387382507324 5.0 1
13 8 0.00387692451477 5.0 1
14 10 0.00529789924622 7.0 1
15 8 0.00392007827759 5.0 1
16 8 0.00390410423279 5.0 1
17 8 0.00379395484924 5.0 1
18 8 0.00378584861755 5.0 1
19 12 0.00592589378357 9.0 1
20 12 0.00612306594849 9.0 1
21 10 0.0048360824585 7.0 1
22 9 0.00447607040405 6.0 1
23 9 0.00438785552979 6.0 1
24 8 0.00384402275085 5.0 1
25 12 0.00598406791687 9.0 1
26 8 0.00385618209839 5.0 1
27 11 0.00540804862976 8.0 1
28 8 0.0038959980011 5.0 1
29 8 0.00401616096497 5.0 1
30 11 0.00554704666138 8.0 1
31 12 0.00612497329712 9.0 1
32 10 0.0048680305481 7.0 1
33 10 0.00613594055176 7.0 1
34 10 0.00577521324158 7.0 1
35 8 0.00385904312134 5.0 1
36 10 0.00497817993164 7.0 1
37 12 0.0060338973999 9.0 1
38 12 0.00615692138672 9.0 1
39 13 0.0064218044281 10.0 1
40 8 0.00386500358582 5.0 1
41 12 0.00625395774841 9.0 1
42 13 0.00631093978882 10.0 1
43 9 0.00441193580627 6.0 1
44 11 0.00545310974121 8.0 1
45 9 0.00440812110901 6.0 1
46 12 0.00605797767639 9.0 1
47 11 0.00556397438049 8.0 1
48 10 0.00498914718628 7.0 1
49 11 0.00534892082214 8.0 1
0 24 0.0130109786987 21.0 1
1 15 0.00768804550171 12.0 1
2 10 0.00488901138306 7.0 1
3 15 0.00763702392578 12.0 1
4 13 0.00677704811096 10.0 1
5 46 0.0239081382751 43.0 1
6 48 0.025043964386 45.0 1
7 45 0.024111032486 42.0 1
8 84 0.0445640087128 81.0 1
9 49 0.0255131721497 46.0 1
10 36 0.018520116806 33.0 1
11 66 0.034364938736 63.0 1
12 37 0.0211091041565 34.0 1
13 34 0.0176949501038 31.0 1
14 47 0.0246140956879 44.0 1
15 58 0.0325589179993 55.0 1
16 68 0.0365090370178 65.0 1
17 24 0.0133249759674 21.0 1
18 30 0.0161299705505 27.0 1
19 24 0.0134570598602 21.0 1
20 36 0.0197451114655 33.0 1
21 26 0.0138700008392 23.0 1
22 18 0.00938296318054 15.0 1
23 30 0.0161190032959 27.0 1
24 51 0.0273151397705 48.0 1
25 25 0.0147030353546 22.0 1
26 39 0.0216109752655 36.0 1
27 28 0.0153579711914 25.0 1
28 34 0.018303155899 31.0 1
29 52 0.0277128219604 49.0 1
30 44 0.0236909389496 41.0 1
31 18 0.00978899002075 15.0 1
32 40 0.0221168994904 37.0 1
33 80 0.0430870056152 77.0 1
34 51 0.0276861190796 48.0 1
35 39 0.020886182785 36.0 1
36 55 0.0286111831665 52.0 1
37 36 0.0209069252014 33.0 1
38 14 0.00730013847351 11.0 1
39 15 0.00778102874756 12.0 1
40 52 0.0281200408936 49.0 1
41 33 0.0173008441925 30.0 1
42 26 0.0137610435486 23.0 1
43 30 0.0159480571747 27.0 1
44 27 0.0144419670105 24.0 1
45 44 0.02414894104 41.0 1
46 48 0.0257349014282 45.0 1
47 47 0.0255320072174 44.0 1
48 15 0.00791192054749 12.0 1
49 25 0.0132100582123 22.0 1
0 13 0.00702500343323 10.0 1
1 17 0.00881695747375 14.0 1
2 9 0.0044538974762 6.0 1
3 9 0.00453114509583 6.0 1
4 9 0.00464487075806 6.0 1
5 10 0.00525403022766 7.0 1
6 9 0.00448393821716 6.0 1
7 11 0.00550484657288 8.0 1
8 8 0.00392198562622 5.0 1
9 9 0.00447511672974 6.0 1
10 9 0.00443696975708 6.0 1
11 9 0.00445604324341 6.0 1
12 9 0.00449585914612 6.0 1
13 10 0.00499796867371 7.0 1
14 9 0.00453186035156 6.0 1
15 8 0.00396585464478 5.0 1
16 9 0.00447010993958 6.0 1
17 9 0.00461602210999 6.0 1
18 11 0.00561690330505 8.0 1
19 9 0.00449204444885 6.0 1
20 9 0.00448393821716 6.0 1
21 11 0.00553393363953 8.0 1
22 9 0.00449299812317 6.0 1
23 9 0.00449705123901 6.0 1
24 8 0.00397706031799 5.0 1
25 9 0.0045051574707 6.0 1
26 10 0.00501012802124 7.0 1
27 9 0.0046079158783 6.0 1
28 8 0.00392603874207 5.0 1
29 8 0.00399303436279 5.0 1
30 8 0.00543904304504 5.0 1
31 9 0.00457406044006 6.0 1
32 8 0.00399589538574 5.0 1
33 8 0.00392079353333 5.0 1
34 11 0.0056209564209 8.0 1
35 9 0.00460004806519 6.0 1
36 10 0.005038022995 7.0 1
37 11 0.00583386421204 8.0 1
38 11 0.00555396080017 8.0 1
39 9 0.00446581840515 6.0 1
40 10 0.00497198104858 7.0 1
41 8 0.00398111343384 5.0 1
42 9 0.00441789627075 6.0 1
43 11 0.00553107261658 8.0 1
44 9 0.00441813468933 6.0 1
45 8 0.00391411781311 5.0 1
46 10 0.00507402420044 7.0 1
47 9 0.00443887710571 6.0 1
48 10 0.00509881973267 7.0 1
49 8 0.00394797325134 5.0 1
0 11 0.00611805915833 8.0 1
1 11 0.00569200515747 8.0 1
2 18 0.00942897796631 15.0 1
3 12 0.00640296936035 9.0 1
4 12 0.00649785995483 9.0 1
5 13 0.00673198699951 10.0 1
6 10 0.00896501541138 7.0 1
7 10 0.00618982315063 7.0 1
8 12 0.00653696060181 9.0 1
9 8 0.00423502922058 5.0 1
10 11 0.00591087341309 8.0 1
11 11 0.00606989860535 8.0 1
12 12 0.00656080245972 9.0 1
13 13 0.00725793838501 10.0 1
14 11 0.00591897964478 8.0 1
15 12 0.00632214546204 9.0 1
16 10 0.00536704063416 7.0 1
17 14 0.00747179985046 11.0 1
18 12 0.00641298294067 9.0 1
19 9 0.0046489238739 6.0 1
20 11 0.00574588775635 8.0 1
21 8 0.00440120697021 5.0 1
22 10 0.00535178184509 7.0 1
23 10 0.00556302070618 7.0 1
24 11 0.00581407546997 8.0 1
25 9 0.00467610359192 6.0 1
26 9 0.00474381446838 6.0 1
27 9 0.00472497940063 6.0 1
28 8 0.00409603118896 5.0 1
29 12 0.00639295578003 9.0 1
30 12 0.00639319419861 9.0 1
31 12 0.00628304481506 9.0 1
32 11 0.00575995445251 8.0 1
33 11 0.00569009780884 8.0 1
34 11 0.00565600395203 8.0 1
35 10 0.00532817840576 7.0 1
36 9 0.00538516044617 6.0 1
37 12 0.00633096694946 9.0 1
38 9 0.00479507446289 6.0 1
39 12 0.00636506080627 9.0 1
40 8 0.0040168762207 5.0 1
41 11 0.00570821762085 8.0 1
42 10 0.00540995597839 7.0 1
43 11 0.00573587417603 8.0 1
44 10 0.00514507293701 7.0 1
45 12 0.00629901885986 9.0 1
46 12 0.00678110122681 9.0 1
47 12 0.00633096694946 9.0 1
48 9 0.00496196746826 6.0 1
49 9 0.0046648979187 6.0 1
0 15 0.00866484642029 12.0 1
1 18 0.00997304916382 15.0 1
2 9 0.00472593307495 6.0 1
3 10 0.00521492958069 7.0 1
4 10 0.0057110786438 7.0 1
5 9 0.0047779083252 6.0 1
6 9 0.00480604171753 6.0 1
7 9 0.00466084480286 6.0 1
8 9 0.00491404533386 6.0 1
9 8 0.00415802001953 5.0 1
10 9 0.0048041343689 6.0 1
11 9 0.0046660900116 6.0 1
12 10 0.00537705421448 7.0 1
13 9 0.00477600097656 6.0 1
14 10 0.00559306144714 7.0 1
15 10 0.00523209571838 7.0 1
16 9 0.00464701652527 6.0 1
17 8 0.00407099723816 5.0 1
18 10 0.00534701347351 7.0 1
19 9 0.00462603569031 6.0 1
20 11 0.00582599639893 8.0 1
21 9 0.00467705726624 6.0 1
22 9 0.00481796264648 6.0 1
23 9 0.0046980381012 6.0 1
24 9 0.00460886955261 6.0 1
25 10 0.00519204139709 7.0 1
26 9 0.00462794303894 6.0 1
27 9 0.00459790229797 6.0 1
28 9 0.00466513633728 6.0 1
29 10 0.00508904457092 7.0 1
30 8 0.00422096252441 5.0 1
31 10 0.00503206253052 7.0 1
32 9 0.00442004203796 6.0 1
33 10 0.00546193122864 7.0 1
34 9 0.00447201728821 6.0 1
35 10 0.00487899780273 7.0 1
36 8 0.0039541721344 5.0 1
37 8 0.00392603874207 5.0 1
38 9 0.00450706481934 6.0 1
39 9 0.00456595420837 6.0 1
40 9 0.00475001335144 6.0 1
41 9 0.0046329498291 6.0 1
42 9 0.00461792945862 6.0 1
43 8 0.00409698486328 5.0 1
44 10 0.00513696670532 7.0 1
45 9 0.00477600097656 6.0 1
46 10 0.00514912605286 7.0 1
47 8 0.00403189659119 5.0 1
48 11 0.00577998161316 8.0 1
49 10 0.00511312484741 7.0 1
