trial, number of steps, runtime, accumulated reward, termination
0 8 0.00323295593262 5.0 1
1 9 0.00324106216431 6.0 1
2 10 0.00329899787903 7.0 1
3 9 0.00289487838745 6.0 1
4 10 0.00320196151733 7.0 1
5 8 0.00249409675598 5.0 1
6 8 0.00255918502808 5.0 1
7 10 0.00293111801147 7.0 1
8 11 0.00283598899841 8.0 1
9 8 0.00271201133728 5.0 1
10 8 0.00185990333557 5.0 1
11 11 0.00264000892639 8.0 1
12 10 0.00250196456909 7.0 1
13 12 0.00290584564209 9.0 1
14 9 0.00212287902832 6.0 1
15 10 0.00239682197571 7.0 1
16 11 0.00264310836792 8.0 1
17 12 0.00289487838745 9.0 1
18 9 0.00231504440308 6.0 1
19 11 0.00263404846191 8.0 1
20 11 0.00263500213623 8.0 1
21 12 0.00291085243225 9.0 1
22 8 0.00184607505798 5.0 1
23 9 0.00212693214417 6.0 1
24 12 0.00302815437317 9.0 1
25 11 0.00266695022583 8.0 1
26 10 0.00255990028381 7.0 1
27 10 0.00346708297729 7.0 1
28 13 0.00464200973511 10.0 1
29 9 0.00319290161133 6.0 1
30 10 0.00382494926453 7.0 1
31 10 0.00383806228638 7.0 1
32 15 0.00586700439453 12.0 1
33 12 0.00458693504333 9.0 1
34 9 0.0037579536438 6.0 1
35 11 0.00428700447083 8.0 1
36 12 0.00528812408447 9.0 1
37 11 0.00336790084839 8.0 1
38 10 0.00249099731445 7.0 1
39 11 0.00272679328918 8.0 1
40 12 0.00313711166382 9.0 1
41 12 0.00438189506531 9.0 1
42 9 0.00326800346375 6.0 1
43 10 0.00373101234436 7.0 1
44 10 0.00406384468079 7.0 1
45 10 0.00380897521973 7.0 1
46 9 0.00334095954895 6.0 1
47 10 0.00385308265686 7.0 1
48 9 0.00347900390625 6.0 1
49 12 0.00498795509338 9.0 1
0 13 0.00508904457092 10.0 1
1 8 0.00297904014587 5.0 1
2 9 0.00326490402222 6.0 1
3 12 0.00441193580627 9.0 1
4 9 0.00328302383423 6.0 1
5 10 0.0038149356842 7.0 1
6 9 0.00307393074036 6.0 1
7 12 0.00376892089844 9.0 1
8 12 0.00456309318542 9.0 1
9 10 0.00383591651917 7.0 1
10 12 0.0046591758728 9.0 1
11 11 0.00413799285889 8.0 1
12 11 0.00417494773865 8.0 1
13 10 0.00376415252686 7.0 1
14 9 0.00334405899048 6.0 1
15 12 0.00465297698975 9.0 1
16 12 0.0044801235199 9.0 1
17 15 0.00500702857971 12.0 1
18 10 0.00378203392029 7.0 1
19 12 0.00452995300293 9.0 1
20 10 0.00382208824158 7.0 1
21 12 0.00464296340942 9.0 1
22 11 0.00415706634521 8.0 1
23 11 0.00423002243042 8.0 1
24 12 0.00470900535583 9.0 1
25 10 0.00352501869202 7.0 1
26 11 0.0042188167572 8.0 1
27 12 0.00462698936462 9.0 1
28 8 0.00289702415466 5.0 1
29 11 0.00461411476135 8.0 1
30 12 0.00492596626282 9.0 1
31 12 0.00599598884583 9.0 1
32 10 0.00445199012756 7.0 1
33 9 0.00403690338135 6.0 1
34 12 0.00568699836731 9.0 1
35 9 0.00598001480103 6.0 1
36 13 0.00642704963684 10.0 1
37 11 0.00348210334778 8.0 1
38 8 0.00231289863586 5.0 1
39 8 0.00200295448303 5.0 1
40 9 0.00349307060242 6.0 1
41 10 0.00514197349548 7.0 1
42 12 0.00416207313538 9.0 1
43 11 0.00308895111084 8.0 1
44 12 0.00322103500366 9.0 1
45 10 0.00255703926086 7.0 1
46 11 0.00271511077881 8.0 1
47 12 0.00310301780701 9.0 1
48 10 0.00249290466309 7.0 1
49 9 0.002201795578 6.0 1
0 10 0.0027871131897 7.0 1
1 10 0.00248718261719 7.0 1
2 12 0.0047869682312 9.0 1
3 8 0.00249099731445 5.0 1
4 10 0.00352096557617 7.0 1
5 11 0.00504398345947 8.0 1
6 8 0.00415396690369 5.0 1
7 13 0.00499391555786 10.0 1
8 9 0.00224089622498 6.0 1
9 9 0.00242400169373 6.0 1
10 11 0.00273704528809 8.0 1
11 8 0.00204515457153 5.0 1
12 10 0.0024688243866 7.0 1
13 11 0.00274109840393 8.0 1
14 8 0.00195407867432 5.0 1
15 11 0.00270700454712 8.0 1
16 11 0.00370621681213 8.0 1
17 8 0.00312781333923 5.0 1
18 9 0.00346684455872 6.0 1
19 8 0.00318503379822 5.0 1
20 12 0.00515079498291 9.0 1
21 9 0.0037829875946 6.0 1
22 12 0.0049741268158 9.0 1
23 11 0.00481796264648 8.0 1
24 12 0.00515699386597 9.0 1
25 11 0.00454783439636 8.0 1
26 8 0.00307011604309 5.0 1
27 12 0.00529313087463 9.0 1
28 11 0.00475597381592 8.0 1
29 13 0.0057430267334 10.0 1
30 11 0.00440311431885 8.0 1
31 11 0.00428605079651 8.0 1
32 9 0.00361895561218 6.0 1
33 12 0.0063750743866 9.0 1
34 9 0.00383520126343 6.0 1
35 9 0.00419306755066 6.0 1
36 11 0.00511717796326 8.0 1
37 8 0.00321102142334 5.0 1
38 9 0.00341606140137 6.0 1
39 10 0.00384902954102 7.0 1
40 13 0.00795102119446 10.0 1
41 12 0.00620198249817 9.0 1
42 11 0.0052227973938 8.0 1
43 10 0.0052969455719 7.0 1
44 13 0.0065221786499 10.0 1
45 10 0.00453495979309 7.0 1
46 11 0.00481104850769 8.0 1
47 8 0.00341296195984 5.0 1
48 12 0.00514197349548 9.0 1
49 11 0.00446200370789 8.0 1
0 9 0.0042781829834 6.0 1
1 12 0.00493597984314 9.0 1
2 10 0.00367403030396 7.0 1
3 12 0.00536012649536 9.0 1
4 11 0.00468182563782 8.0 1
5 11 0.00470805168152 8.0 1
6 10 0.00423097610474 7.0 1
7 9 0.00368690490723 6.0 1
8 13 0.00490117073059 10.0 1
9 11 0.00430512428284 8.0 1
10 9 0.00364899635315 6.0 1
11 12 0.00514221191406 9.0 1
12 12 0.00518798828125 9.0 1
13 10 0.00422310829163 7.0 1
14 10 0.00415515899658 7.0 1
15 9 0.003497838974 6.0 1
16 13 0.00526809692383 10.0 1
17 11 0.00462412834167 8.0 1
18 10 0.00407600402832 7.0 1
19 11 0.0042040348053 8.0 1
20 9 0.00351285934448 6.0 1
21 11 0.00408816337585 8.0 1
22 10 0.00411295890808 7.0 1
23 9 0.00353288650513 6.0 1
24 9 0.00293111801147 6.0 1
25 9 0.00369691848755 6.0 1
26 8 0.00268411636353 5.0 1
27 10 0.00388503074646 7.0 1
28 10 0.00409412384033 7.0 1
29 9 0.00354599952698 6.0 1
30 9 0.00369882583618 6.0 1
31 15 0.00623297691345 12.0 1
32 11 0.0046980381012 8.0 1
33 13 0.0055148601532 10.0 1
34 11 0.00464296340942 8.0 1
35 11 0.00470209121704 8.0 1
36 9 0.00376200675964 6.0 1
37 10 0.00415706634521 7.0 1
38 11 0.00320911407471 8.0 1
39 8 0.00304317474365 5.0 1
40 12 0.00497317314148 9.0 1
41 9 0.00369501113892 6.0 1
42 11 0.00428295135498 8.0 1
43 11 0.00423908233643 8.0 1
44 11 0.00452589988708 8.0 1
45 12 0.00466084480286 9.0 1
46 11 0.00392198562622 8.0 1
47 12 0.0046329498291 9.0 1
48 10 0.00325083732605 7.0 1
49 11 0.00338292121887 8.0 1
0 9 0.00361108779907 6.0 1
1 8 0.00266909599304 5.0 1
2 8 0.00295996665955 5.0 1
3 9 0.00336980819702 6.0 1
4 9 0.00434303283691 6.0 1
5 10 0.00343704223633 7.0 1
6 8 0.00321412086487 5.0 1
7 9 0.00373411178589 6.0 1
8 11 0.00445413589478 8.0 1
9 11 0.00383996963501 8.0 1
10 8 0.00272011756897 5.0 1
11 9 0.00352191925049 6.0 1
12 8 0.00300908088684 5.0 1
13 10 0.00409388542175 7.0 1
14 9 0.00363993644714 6.0 1
15 9 0.00367212295532 6.0 1
16 9 0.0042130947113 6.0 1
17 9 0.00373315811157 6.0 1
18 9 0.00357413291931 6.0 1
19 10 0.00386905670166 7.0 1
20 10 0.00421404838562 7.0 1
21 9 0.00369501113892 6.0 1
22 8 0.00344300270081 5.0 1
23 9 0.00280117988586 6.0 1
24 8 0.00196099281311 5.0 1
25 10 0.003751039505 7.0 1
26 9 0.00519490242004 6.0 1
27 9 0.00381803512573 6.0 1
28 11 0.00533008575439 8.0 1
29 9 0.00384092330933 6.0 1
30 8 0.00372886657715 5.0 1
31 9 0.00392889976501 6.0 1
32 11 0.0048520565033 8.0 1
33 8 0.00323009490967 5.0 1
34 10 0.00415706634521 7.0 1
35 9 0.00351810455322 6.0 1
36 8 0.00317788124084 5.0 1
37 9 0.00373387336731 6.0 1
38 10 0.00427079200745 7.0 1
39 10 0.00426197052002 7.0 1
40 8 0.00331807136536 5.0 1
41 9 0.00382399559021 6.0 1
42 10 0.00416398048401 7.0 1
43 9 0.00378203392029 6.0 1
44 8 0.00332498550415 5.0 1
45 9 0.00374293327332 6.0 1
46 9 0.00390100479126 6.0 1
47 9 0.00404214859009 6.0 1
48 10 0.00422692298889 7.0 1
49 9 0.00377106666565 6.0 1
0 9 0.00421190261841 6.0 1
1 11 0.00473403930664 8.0 1
2 10 0.00430417060852 7.0 1
3 11 0.0047070980072 8.0 1
4 13 0.00567388534546 10.0 1
5 11 0.00434589385986 8.0 1
6 11 0.00382900238037 8.0 1
7 10 0.00446486473083 7.0 1
8 9 0.00385904312134 6.0 1
9 10 0.0035388469696 7.0 1
10 8 0.00336790084839 5.0 1
11 8 0.00341606140137 5.0 1
12 9 0.00374507904053 6.0 1
13 10 0.00427103042603 7.0 1
14 12 0.0050950050354 9.0 1
15 12 0.00501990318298 9.0 1
16 8 0.00244998931885 5.0 1
17 12 0.00504493713379 9.0 1
18 12 0.00501585006714 9.0 1
19 10 0.00428605079651 7.0 1
20 8 0.00332880020142 5.0 1
21 10 0.00418496131897 7.0 1
22 12 0.00526022911072 9.0 1
23 12 0.00503492355347 9.0 1
24 11 0.00459790229797 8.0 1
25 9 0.00292587280273 6.0 1
26 11 0.00422096252441 8.0 1
27 9 0.00349998474121 6.0 1
28 8 0.0029890537262 5.0 1
29 10 0.00421905517578 7.0 1
30 10 0.00417113304138 7.0 1
31 9 0.00381898880005 6.0 1
32 12 0.00721883773804 9.0 1
33 12 0.00482892990112 9.0 1
34 9 0.00353407859802 6.0 1
35 9 0.00338196754456 6.0 1
36 12 0.00416398048401 9.0 1
37 11 0.00314998626709 8.0 1
38 12 0.00470495223999 9.0 1
39 11 0.00435400009155 8.0 1
40 11 0.00427985191345 8.0 1
41 10 0.00249218940735 7.0 1
42 11 0.00270891189575 8.0 1
43 12 0.00301384925842 9.0 1
44 12 0.00299787521362 9.0 1
45 9 0.00217795372009 6.0 1
46 10 0.00291776657104 7.0 1
47 10 0.00256013870239 7.0 1
48 9 0.00219583511353 6.0 1
49 10 0.00247812271118 7.0 1
0 9 0.00303411483765 6.0 1
1 8 0.00308299064636 5.0 1
2 8 0.00310611724854 5.0 1
3 9 0.00348496437073 6.0 1
4 9 0.00349092483521 6.0 1
5 9 0.00357604026794 6.0 1
6 9 0.00377607345581 6.0 1
7 9 0.00373601913452 6.0 1
8 9 0.00365686416626 6.0 1
9 9 0.00385189056396 6.0 1
10 9 0.00383186340332 6.0 1
11 8 0.0033130645752 5.0 1
12 10 0.00430202484131 7.0 1
13 8 0.00329780578613 5.0 1
14 9 0.00353312492371 6.0 1
15 10 0.00387716293335 7.0 1
16 10 0.00376105308533 7.0 1
17 9 0.00329995155334 6.0 1
18 8 0.00316190719604 5.0 1
19 9 0.00351119041443 6.0 1
20 8 0.00326204299927 5.0 1
21 10 0.00416922569275 7.0 1
22 11 0.0045599937439 8.0 1
23 9 0.00370097160339 6.0 1
24 9 0.00588607788086 6.0 1
25 9 0.00382995605469 6.0 1
26 11 0.00474691390991 8.0 1
27 8 0.0033118724823 5.0 1
28 9 0.00358390808105 6.0 1
29 10 0.00421714782715 7.0 1
30 9 0.00370001792908 6.0 1
31 8 0.00347304344177 5.0 1
32 9 0.00394487380981 6.0 1
33 10 0.00451612472534 7.0 1
34 9 0.00365591049194 6.0 1
35 11 0.00448799133301 8.0 1
36 8 0.00304317474365 5.0 1
37 8 0.00304293632507 5.0 1
38 8 0.00309205055237 5.0 1
39 9 0.00384998321533 6.0 1
40 10 0.00427508354187 7.0 1
41 10 0.00408101081848 7.0 1
42 9 0.00356793403625 6.0 1
43 11 0.00442385673523 8.0 1
44 10 0.00431990623474 7.0 1
45 9 0.00360512733459 6.0 1
46 9 0.00387907028198 6.0 1
47 9 0.00369310379028 6.0 1
48 9 0.00387001037598 6.0 1
49 10 0.00434112548828 7.0 1
0 13 0.00603294372559 10.0 1
1 8 0.00373601913452 5.0 1
2 8 0.00327897071838 5.0 1
3 10 0.00459980964661 7.0 1
4 9 0.00475287437439 6.0 1
5 9 0.00490283966064 6.0 1
6 8 0.00420212745667 5.0 1
7 8 0.00403094291687 5.0 1
8 10 0.00526094436646 7.0 1
9 9 0.00478315353394 6.0 1
10 12 0.00644612312317 9.0 1
11 9 0.00487089157104 6.0 1
12 11 0.00605797767639 8.0 1
13 12 0.00663685798645 9.0 1
14 8 0.00418519973755 5.0 1
15 8 0.00432586669922 5.0 1
16 8 0.00419783592224 5.0 1
17 12 0.00655293464661 9.0 1
18 9 0.00480604171753 6.0 1
19 11 0.0058958530426 8.0 1
20 13 0.00726413726807 10.0 1
21 11 0.00619077682495 8.0 1
22 11 0.00627207756042 8.0 1
23 8 0.00434684753418 5.0 1
24 13 0.00752210617065 10.0 1
25 12 0.00691103935242 9.0 1
26 9 0.00506210327148 6.0 1
27 13 0.00727510452271 10.0 1
28 10 0.00282716751099 7.0 1
29 11 0.00315690040588 8.0 1
30 10 0.00278401374817 7.0 1
31 9 0.0024402141571 6.0 1
32 12 0.00627589225769 9.0 1
33 12 0.00538301467896 9.0 1
34 10 0.00296783447266 7.0 1
35 11 0.0031099319458 8.0 1
36 10 0.00253510475159 7.0 1
37 12 0.00346112251282 9.0 1
38 9 0.00316882133484 6.0 1
39 12 0.00642919540405 9.0 1
40 9 0.0044960975647 6.0 1
41 10 0.00525689125061 7.0 1
42 11 0.00576400756836 8.0 1
43 12 0.00645685195923 9.0 1
44 12 0.00642991065979 9.0 1
45 9 0.00459718704224 6.0 1
46 12 0.0060122013092 9.0 1
47 8 0.0042679309845 5.0 1
48 12 0.00648498535156 9.0 1
49 15 0.00813293457031 12.0 1
0 10 0.00606799125671 7.0 1
1 8 0.00423693656921 5.0 1
2 12 0.00670504570007 9.0 1
3 11 0.00607395172119 8.0 1
4 12 0.00647687911987 9.0 1
5 10 0.00531196594238 7.0 1
6 8 0.00405097007751 5.0 1
7 13 0.00719809532166 10.0 1
8 12 0.00347089767456 9.0 1
9 12 0.00341892242432 9.0 1
10 11 0.0029559135437 8.0 1
11 8 0.00214600563049 5.0 1
12 9 0.00227785110474 6.0 1
13 10 0.00477600097656 7.0 1
14 10 0.003821849823 7.0 1
15 9 0.00251007080078 6.0 1
16 10 0.0025839805603 7.0 1
17 8 0.00196313858032 5.0 1
18 8 0.0019428730011 5.0 1
19 10 0.00253105163574 7.0 1
20 11 0.00274896621704 8.0 1
21 10 0.00251412391663 7.0 1
22 11 0.00273990631104 8.0 1
23 11 0.0029239654541 8.0 1
24 10 0.00246381759644 7.0 1
25 10 0.00255799293518 7.0 1
26 12 0.00302314758301 9.0 1
27 10 0.00246906280518 7.0 1
28 10 0.00246787071228 7.0 1
29 12 0.00299692153931 9.0 1
30 12 0.00303912162781 9.0 1
31 9 0.00266695022583 6.0 1
32 11 0.00530385971069 8.0 1
33 12 0.00593280792236 9.0 1
34 12 0.00580382347107 9.0 1
35 10 0.00495600700378 7.0 1
36 12 0.00576496124268 9.0 1
37 10 0.00485777854919 7.0 1
38 8 0.00377488136292 5.0 1
39 10 0.00464582443237 7.0 1
40 9 0.0042519569397 6.0 1
41 9 0.00418901443481 6.0 1
42 10 0.00497102737427 7.0 1
43 10 0.00477695465088 7.0 1
44 10 0.00474286079407 7.0 1
45 11 0.00524187088013 8.0 1
46 11 0.00526785850525 8.0 1
47 8 0.00368499755859 5.0 1
48 11 0.00538301467896 8.0 1
49 10 0.00490713119507 7.0 1
0 8 0.00410604476929 5.0 1
1 10 0.00480794906616 7.0 1
2 9 0.00606799125671 6.0 1
3 13 0.00660514831543 10.0 1
4 13 0.00618410110474 10.0 1
5 8 0.00366520881653 5.0 1
6 12 0.00577902793884 9.0 1
7 11 0.00527286529541 8.0 1
8 12 0.00574612617493 9.0 1
9 11 0.00527811050415 8.0 1
10 11 0.00534296035767 8.0 1
11 11 0.00533819198608 8.0 1
12 11 0.00517606735229 8.0 1
13 10 0.00475716590881 7.0 1
14 11 0.00506401062012 8.0 1
15 12 0.00564384460449 9.0 1
16 10 0.00479698181152 7.0 1
17 8 0.00433897972107 5.0 1
18 13 0.00626087188721 10.0 1
19 13 0.0063898563385 10.0 1
20 10 0.00559616088867 7.0 1
21 8 0.00371599197388 5.0 1
22 12 0.00560808181763 9.0 1
23 12 0.00573492050171 9.0 1
24 10 0.00480914115906 7.0 1
25 10 0.00485897064209 7.0 1
26 10 0.00479197502136 7.0 1
27 9 0.00423407554626 6.0 1
28 8 0.00367999076843 5.0 1
29 12 0.00571179389954 9.0 1
30 11 0.00511598587036 8.0 1
31 10 0.00472211837769 7.0 1
32 10 0.00473284721375 7.0 1
33 10 0.00470805168152 7.0 1
34 8 0.00369095802307 5.0 1
35 10 0.00471901893616 7.0 1
36 9 0.00422191619873 6.0 1
37 10 0.00476598739624 7.0 1
38 10 0.00464582443237 7.0 1
39 10 0.00485110282898 7.0 1
40 9 0.00429320335388 6.0 1
41 12 0.00593018531799 9.0 1
42 12 0.00564002990723 9.0 1
43 12 0.00604009628296 9.0 1
44 9 0.00432300567627 6.0 1
45 11 0.00553393363953 8.0 1
46 8 0.00417804718018 5.0 1
47 12 0.00624084472656 9.0 1
48 10 0.0048999786377 7.0 1
49 12 0.00596189498901 9.0 1
