trial, number of steps, runtime, accumulated reward, termination
0 964 0.568943977356 -962.0 1
1 506 0.30118894577 -504.0 1
2 326 0.195567846298 -324.0 1
3 254 0.148010969162 -252.0 1
4 168 0.0984349250793 -166.0 1
5 220 0.128510951996 -218.0 1
6 357 0.203404903412 -355.0 1
7 517 0.290782213211 -515.0 1
8 248 0.143317937851 -246.0 1
9 236 0.131442785263 -234.0 1
10 186 0.10290813446 -184.0 1
11 190 0.105728149414 -188.0 1
12 211 0.118485927582 -209.0 1
13 159 0.0912399291992 -157.0 1
14 158 0.0876410007477 -156.0 1
15 185 0.104351043701 -183.0 1
16 212 0.120852947235 -210.0 1
17 212 0.122896909714 -210.0 1
18 220 0.140745162964 -218.0 1
19 208 0.119693994522 -206.0 1
20 116 0.0662658214569 -114.0 1
21 212 0.121950864792 -210.0 1
22 241 0.140450954437 -239.0 1
23 263 0.150277137756 -261.0 1
24 152 0.0867960453033 -150.0 1
25 214 0.122221946716 -212.0 1
26 537 0.304224967957 -535.0 1
27 159 0.0887849330902 -157.0 1
28 222 0.125880002975 -220.0 1
29 116 0.0666828155518 -114.0 1
30 201 0.112728118896 -199.0 1
31 102 0.0572280883789 -100.0 1
32 188 0.107338905334 -186.0 1
33 510 0.289011955261 -508.0 1
34 204 0.116815090179 -202.0 1
35 192 0.109845876694 -190.0 1
36 109 0.0624401569366 -107.0 1
37 286 0.166054964066 -284.0 1
38 121 0.0697059631348 -119.0 1
39 520 0.300628900528 -518.0 1
40 120 0.0689260959625 -118.0 1
41 151 0.087219953537 -149.0 1
42 111 0.0621230602264 -109.0 1
43 109 0.0601198673248 -107.0 1
44 216 0.120836019516 -214.0 1
45 229 0.131093025208 -227.0 1
46 143 0.0810260772705 -141.0 1
47 134 0.0749509334564 -132.0 1
48 85 0.0467369556427 -83.0 1
49 242 0.137956142426 -240.0 1
0 964 0.553030014038 -962.0 1
1 506 0.291320085526 -504.0 1
2 326 0.184567928314 -324.0 1
3 254 0.146156072617 -252.0 1
4 168 0.0964250564575 -166.0 1
5 220 0.126972913742 -218.0 1
6 357 0.206446886063 -355.0 1
7 517 0.294255018234 -515.0 1
8 248 0.14277100563 -246.0 1
9 236 0.134925127029 -234.0 1
10 186 0.106557846069 -184.0 1
11 190 0.106279850006 -188.0 1
12 211 0.119506120682 -209.0 1
13 159 0.089567899704 -157.0 1
14 158 0.0903699398041 -156.0 1
15 185 0.105653047562 -183.0 1
16 212 0.121375083923 -210.0 1
17 212 0.120712041855 -210.0 1
18 220 0.126575946808 -218.0 1
19 208 0.1186439991 -206.0 1
20 116 0.0641438961029 -114.0 1
21 212 0.120002031326 -210.0 1
22 241 0.137413978577 -239.0 1
23 263 0.150332927704 -261.0 1
24 152 0.0866889953613 -150.0 1
25 214 0.121788978577 -212.0 1
26 537 0.304527044296 -535.0 1
27 159 0.0899889469147 -157.0 1
28 222 0.12630200386 -220.0 1
29 116 0.0657069683075 -114.0 1
30 201 0.114671945572 -199.0 1
31 102 0.0577869415283 -100.0 1
32 188 0.106266975403 -186.0 1
33 510 0.290256977081 -508.0 1
34 204 0.116381168365 -202.0 1
35 192 0.108749866486 -190.0 1
36 109 0.0622119903564 -107.0 1
37 286 0.162291049957 -284.0 1
38 121 0.0686218738556 -119.0 1
39 520 0.293717861176 -518.0 1
40 120 0.0673391819 -118.0 1
41 151 0.0837149620056 -149.0 1
42 111 0.0620980262756 -109.0 1
43 109 0.0611929893494 -107.0 1
44 216 0.121160030365 -214.0 1
45 229 0.129292964935 -227.0 1
46 143 0.0799050331116 -141.0 1
47 134 0.0750648975372 -132.0 1
48 85 0.0476977825165 -83.0 1
49 242 0.13701915741 -240.0 1
0 964 0.54459810257 -962.0 1
1 506 0.283115148544 -504.0 1
2 326 0.182357788086 -324.0 1
3 254 0.143198013306 -252.0 1
4 168 0.0939438343048 -166.0 1
5 220 0.123377084732 -218.0 1
6 357 0.199704885483 -355.0 1
7 517 0.290812015533 -515.0 1
8 248 0.139464855194 -246.0 1
9 236 0.131480932236 -234.0 1
10 186 0.104028940201 -184.0 1
11 190 0.106207847595 -188.0 1
12 211 0.11986207962 -209.0 1
13 159 0.0898249149323 -157.0 1
14 158 0.089409828186 -156.0 1
15 185 0.102162122726 -183.0 1
16 212 0.115680932999 -210.0 1
17 212 0.114601135254 -210.0 1
18 220 0.118936061859 -218.0 1
19 208 0.11275100708 -206.0 1
20 116 0.062343120575 -114.0 1
21 212 0.114917993546 -210.0 1
22 241 0.133646965027 -239.0 1
23 263 0.146795034409 -261.0 1
24 152 0.0852460861206 -150.0 1
25 214 0.119693040848 -212.0 1
26 537 0.299036026001 -535.0 1
27 159 0.0880510807037 -157.0 1
28 222 0.123710870743 -220.0 1
29 116 0.0654089450836 -114.0 1
30 201 0.109419107437 -199.0 1
31 102 0.0554389953613 -100.0 1
32 188 0.105876922607 -186.0 1
33 510 0.286592006683 -508.0 1
34 204 0.113943815231 -202.0 1
35 192 0.106209993362 -190.0 1
36 109 0.0602521896362 -107.0 1
37 286 0.159673929214 -284.0 1
38 121 0.0674240589142 -119.0 1
39 520 0.287285804749 -518.0 1
40 120 0.0651021003723 -118.0 1
41 151 0.0852370262146 -149.0 1
42 111 0.062283039093 -109.0 1
43 109 0.0601599216461 -107.0 1
44 216 0.121769189835 -214.0 1
45 229 0.128764152527 -227.0 1
46 143 0.0798108577728 -141.0 1
47 134 0.0752551555634 -132.0 1
48 85 0.0477199554443 -83.0 1
49 242 0.136588096619 -240.0 1
0 964 0.545492887497 -962.0 1
1 506 0.284495830536 -504.0 1
2 326 0.184006929398 -324.0 1
3 254 0.144147872925 -252.0 1
4 168 0.0946171283722 -166.0 1
5 220 0.124643087387 -218.0 1
6 357 0.203600883484 -355.0 1
7 517 0.291853904724 -515.0 1
8 248 0.140563011169 -246.0 1
9 236 0.132848978043 -234.0 1
10 186 0.104452133179 -184.0 1
11 190 0.107779026031 -188.0 1
12 211 0.11828494072 -209.0 1
13 159 0.0897059440613 -157.0 1
14 158 0.0891699790955 -156.0 1
15 185 0.104280948639 -183.0 1
16 212 0.114617824554 -210.0 1
17 212 0.115890026093 -210.0 1
18 220 0.121793985367 -218.0 1
19 208 0.117810964584 -206.0 1
20 116 0.0652759075165 -114.0 1
21 212 0.118957996368 -210.0 1
22 241 0.135502099991 -239.0 1
23 263 0.147103786469 -261.0 1
24 152 0.0849030017853 -150.0 1
25 214 0.116530895233 -212.0 1
26 537 0.302561998367 -535.0 1
27 159 0.0901489257812 -157.0 1
28 222 0.12521314621 -220.0 1
29 116 0.0653901100159 -114.0 1
30 201 0.11349105835 -199.0 1
31 102 0.0576641559601 -100.0 1
32 188 0.10606098175 -186.0 1
33 510 0.288783073425 -508.0 1
34 204 0.11067199707 -202.0 1
35 192 0.104416131973 -190.0 1
36 109 0.0603349208832 -107.0 1
37 286 0.161448001862 -284.0 1
38 121 0.066376209259 -119.0 1
39 520 0.294559955597 -518.0 1
40 120 0.0669920444489 -118.0 1
41 151 0.0842108726501 -149.0 1
42 111 0.0621638298035 -109.0 1
43 109 0.0609359741211 -107.0 1
44 216 0.121150016785 -214.0 1
45 229 0.128759145737 -227.0 1
46 143 0.0801320075989 -141.0 1
47 134 0.0755078792572 -132.0 1
48 85 0.0474038124084 -83.0 1
49 242 0.135108947754 -240.0 1
0 964 0.531027078629 -962.0 1
1 506 0.282927036285 -504.0 1
2 326 0.183488845825 -324.0 1
3 254 0.143091917038 -252.0 1
4 168 0.0920090675354 -166.0 1
5 220 0.119426012039 -218.0 1
6 357 0.194358110428 -355.0 1
7 517 0.280889987946 -515.0 1
8 248 0.134166002274 -246.0 1
9 236 0.12783908844 -234.0 1
10 186 0.103234052658 -184.0 1
11 190 0.103058099747 -188.0 1
12 211 0.11398601532 -209.0 1
13 159 0.085972070694 -157.0 1
14 158 0.0879681110382 -156.0 1
15 185 0.103714942932 -183.0 1
16 212 0.119457006454 -210.0 1
17 212 0.115725040436 -210.0 1
18 220 0.119565010071 -218.0 1
19 208 0.112349033356 -206.0 1
20 116 0.0630400180817 -114.0 1
21 212 0.115013837814 -210.0 1
22 241 0.134109020233 -239.0 1
23 263 0.148261070251 -261.0 1
24 152 0.0858390331268 -150.0 1
25 214 0.119558811188 -212.0 1
26 537 0.3042781353 -535.0 1
27 159 0.0874891281128 -157.0 1
28 222 0.123970985413 -220.0 1
29 116 0.0646979808807 -114.0 1
30 201 0.112915992737 -199.0 1
31 102 0.0569040775299 -100.0 1
32 188 0.104626893997 -186.0 1
33 510 0.285460948944 -508.0 1
34 204 0.114524126053 -202.0 1
35 192 0.108215093613 -190.0 1
36 109 0.0603768825531 -107.0 1
37 286 0.161044120789 -284.0 1
38 121 0.0666511058807 -119.0 1
39 520 0.292382955551 -518.0 1
40 120 0.0650629997253 -118.0 1
41 151 0.0818290710449 -149.0 1
42 111 0.0607721805573 -109.0 1
43 109 0.0590200424194 -107.0 1
44 216 0.118057012558 -214.0 1
45 229 0.129221916199 -227.0 1
46 143 0.080512046814 -141.0 1
47 134 0.0759010314941 -132.0 1
48 85 0.0480670928955 -83.0 1
49 242 0.136538028717 -240.0 1
0 964 0.543595075607 -962.0 1
1 506 0.275857925415 -504.0 1
2 326 0.182047128677 -324.0 1
3 254 0.143121957779 -252.0 1
4 168 0.0951509475708 -166.0 1
5 220 0.12305688858 -218.0 1
6 357 0.201100111008 -355.0 1
7 517 0.292051076889 -515.0 1
8 248 0.140033960342 -246.0 1
9 236 0.132503986359 -234.0 1
10 186 0.10390496254 -184.0 1
11 190 0.106927871704 -188.0 1
12 211 0.119216918945 -209.0 1
13 159 0.0894999504089 -157.0 1
14 158 0.0887269973755 -156.0 1
15 185 0.10419011116 -183.0 1
16 212 0.119965076447 -210.0 1
17 212 0.119166135788 -210.0 1
18 220 0.124592065811 -218.0 1
19 208 0.115386962891 -206.0 1
20 116 0.0650789737701 -114.0 1
21 212 0.119386911392 -210.0 1
22 241 0.13463306427 -239.0 1
23 263 0.144313097 -261.0 1
24 152 0.0827560424805 -150.0 1
25 214 0.11638212204 -212.0 1
26 537 0.299083948135 -535.0 1
27 159 0.0863819122314 -157.0 1
28 222 0.121864080429 -220.0 1
29 116 0.0650780200958 -114.0 1
30 201 0.112962007523 -199.0 1
31 102 0.0570719242096 -100.0 1
32 188 0.108047962189 -186.0 1
33 510 0.286705970764 -508.0 1
34 204 0.114758014679 -202.0 1
35 192 0.10736989975 -190.0 1
36 109 0.0607500076294 -107.0 1
37 286 0.16006398201 -284.0 1
38 121 0.0669090747833 -119.0 1
39 520 0.291949033737 -518.0 1
40 120 0.0666601657867 -118.0 1
41 151 0.0845820903778 -149.0 1
42 111 0.0617887973785 -109.0 1
43 109 0.0605869293213 -107.0 1
44 216 0.120710849762 -214.0 1
45 229 0.100773096085 -227.0 1
46 143 0.0588421821594 -141.0 1
47 134 0.0718519687653 -132.0 1
48 85 0.0435750484467 -83.0 1
49 242 0.123025894165 -240.0 1
0 964 0.501472949982 -962.0 1
1 506 0.263268947601 -504.0 1
2 326 0.169195890427 -324.0 1
3 254 0.131078004837 -252.0 1
4 168 0.0851008892059 -166.0 1
5 220 0.111255168915 -218.0 1
6 357 0.183151006699 -355.0 1
7 517 0.26494717598 -515.0 1
8 248 0.132554769516 -246.0 1
9 236 0.124747991562 -234.0 1
10 186 0.0994489192963 -184.0 1
11 190 0.102154970169 -188.0 1
12 211 0.11331987381 -209.0 1
13 159 0.0858271121979 -157.0 1
14 158 0.0849080085754 -156.0 1
15 185 0.0998568534851 -183.0 1
16 212 0.114132881165 -210.0 1
17 212 0.11453795433 -210.0 1
18 220 0.117561101913 -218.0 1
19 208 0.107127904892 -206.0 1
20 116 0.0600249767303 -114.0 1
21 212 0.114984035492 -210.0 1
22 241 0.129802942276 -239.0 1
23 263 0.142408132553 -261.0 1
24 152 0.0809891223907 -150.0 1
25 214 0.113983869553 -212.0 1
26 537 0.28511595726 -535.0 1
27 159 0.085862159729 -157.0 1
28 222 0.120587110519 -220.0 1
29 116 0.0629780292511 -114.0 1
30 201 0.109736919403 -199.0 1
31 102 0.0548460483551 -100.0 1
32 188 0.102524995804 -186.0 1
33 510 0.278516054153 -508.0 1
34 204 0.110207080841 -202.0 1
35 192 0.104452133179 -190.0 1
36 109 0.058935880661 -107.0 1
37 286 0.155668020248 -284.0 1
38 121 0.0659739971161 -119.0 1
39 520 0.28132891655 -518.0 1
40 120 0.0632450580597 -118.0 1
41 151 0.0806219577789 -149.0 1
42 111 0.0591061115265 -109.0 1
43 109 0.0583369731903 -107.0 1
44 216 0.117333889008 -214.0 1
45 229 0.123424053192 -227.0 1
46 143 0.077653169632 -141.0 1
47 134 0.0725021362305 -132.0 1
48 85 0.0456349849701 -83.0 1
49 242 0.131687164307 -240.0 1
0 964 0.505318880081 -962.0 1
1 506 0.266102075577 -504.0 1
2 326 0.177397966385 -324.0 1
3 254 0.135825872421 -252.0 1
4 168 0.0906879901886 -166.0 1
5 220 0.119024991989 -218.0 1
6 357 0.193603038788 -355.0 1
7 517 0.282541036606 -515.0 1
8 248 0.134716033936 -246.0 1
9 236 0.128231048584 -234.0 1
10 186 0.101286888123 -184.0 1
11 190 0.103641986847 -188.0 1
12 211 0.115484952927 -209.0 1
13 159 0.0851528644562 -157.0 1
14 158 0.08607006073 -156.0 1
15 185 0.100500106812 -183.0 1
16 212 0.114413022995 -210.0 1
17 212 0.115082979202 -210.0 1
18 220 0.118814945221 -218.0 1
19 208 0.11268901825 -206.0 1
20 116 0.0595390796661 -114.0 1
21 212 0.11479306221 -210.0 1
22 241 0.126951932907 -239.0 1
23 263 0.138375043869 -261.0 1
24 152 0.0803601741791 -150.0 1
25 214 0.112496852875 -212.0 1
26 537 0.272015810013 -535.0 1
27 159 0.0807900428772 -157.0 1
28 222 0.113615036011 -220.0 1
29 116 0.0593550205231 -114.0 1
30 201 0.102733135223 -199.0 1
31 102 0.0515339374542 -100.0 1
32 188 0.0966658592224 -186.0 1
33 510 0.269293069839 -508.0 1
34 204 0.110647916794 -202.0 1
35 192 0.102801799774 -190.0 1
36 109 0.0587978363037 -107.0 1
37 286 0.156075954437 -284.0 1
38 121 0.0653290748596 -119.0 1
39 520 0.281677961349 -518.0 1
40 120 0.0634620189667 -118.0 1
41 151 0.0807712078094 -149.0 1
42 111 0.0587298870087 -109.0 1
43 109 0.0580730438232 -107.0 1
44 216 0.115696907043 -214.0 1
45 229 0.124089002609 -227.0 1
46 143 0.0776810646057 -141.0 1
47 134 0.0722200870514 -132.0 1
48 85 0.0451669692993 -83.0 1
49 242 0.129819869995 -240.0 1
0 964 0.513010978699 -962.0 1
1 506 0.255545854568 -504.0 1
2 326 0.165421962738 -324.0 1
3 254 0.127097129822 -252.0 1
4 168 0.0856659412384 -166.0 1
5 220 0.111387014389 -218.0 1
6 357 0.178972005844 -355.0 1
7 517 0.261895179749 -515.0 1
8 248 0.126396894455 -246.0 1
9 236 0.118190050125 -234.0 1
10 186 0.0938260555267 -184.0 1
11 190 0.0963501930237 -188.0 1
12 211 0.109530925751 -209.0 1
13 159 0.08615899086 -157.0 1
14 158 0.0857391357422 -156.0 1
15 185 0.100744962692 -183.0 1
16 212 0.112775087357 -210.0 1
17 212 0.114435911179 -210.0 1
18 220 0.118057012558 -218.0 1
19 208 0.11234998703 -206.0 1
20 116 0.062784910202 -114.0 1
21 212 0.113240003586 -210.0 1
22 241 0.130550146103 -239.0 1
23 263 0.139204978943 -261.0 1
24 152 0.0809910297394 -150.0 1
25 214 0.115252017975 -212.0 1
26 537 0.288185834885 -535.0 1
27 159 0.0853350162506 -157.0 1
28 222 0.118505001068 -220.0 1
29 116 0.0625901222229 -114.0 1
30 201 0.105107069016 -199.0 1
31 102 0.0550401210785 -100.0 1
32 188 0.101664066315 -186.0 1
33 510 0.275537967682 -508.0 1
34 204 0.109777927399 -202.0 1
35 192 0.0998289585114 -190.0 1
36 109 0.0555810928345 -107.0 1
37 286 0.146509885788 -284.0 1
38 121 0.0647280216217 -119.0 1
39 520 0.283091068268 -518.0 1
40 120 0.0653169155121 -118.0 1
41 151 0.0816969871521 -149.0 1
42 111 0.0564520359039 -109.0 1
43 109 0.0590400695801 -107.0 1
44 216 0.11359500885 -214.0 1
45 229 0.123409032822 -227.0 1
46 143 0.0774040222168 -141.0 1
47 134 0.0713720321655 -132.0 1
48 85 0.0455279350281 -83.0 1
49 242 0.130054950714 -240.0 1
0 964 0.514915943146 -962.0 1
1 506 0.26935505867 -504.0 1
2 326 0.173751115799 -324.0 1
3 254 0.132354021072 -252.0 1
4 168 0.0834109783173 -166.0 1
5 220 0.113266944885 -218.0 1
6 357 0.190460205078 -355.0 1
7 517 0.279108047485 -515.0 1
8 248 0.125896930695 -246.0 1
9 236 0.120369911194 -234.0 1
10 186 0.0976059436798 -184.0 1
11 190 0.101276874542 -188.0 1
12 211 0.114498853683 -209.0 1
13 159 0.0860891342163 -157.0 1
14 158 0.0854308605194 -156.0 1
15 185 0.100210905075 -183.0 1
16 212 0.114862918854 -210.0 1
17 212 0.112281084061 -210.0 1
18 220 0.118547916412 -218.0 1
19 208 0.113088130951 -206.0 1
20 116 0.0603649616241 -114.0 1
21 212 0.112946987152 -210.0 1
22 241 0.129520177841 -239.0 1
23 263 0.140871047974 -261.0 1
24 152 0.0839669704437 -150.0 1
25 214 0.116631984711 -212.0 1
26 537 0.287786006927 -535.0 1
27 159 0.0848519802094 -157.0 1
28 222 0.120526075363 -220.0 1
29 116 0.0600428581238 -114.0 1
30 201 0.108180999756 -199.0 1
31 102 0.0519180297852 -100.0 1
32 188 0.101489067078 -186.0 1
33 510 0.27742600441 -508.0 1
34 204 0.110609054565 -202.0 1
35 192 0.105008840561 -190.0 1
36 109 0.0585470199585 -107.0 1
37 286 0.155069112778 -284.0 1
38 121 0.064610004425 -119.0 1
39 520 0.274662017822 -518.0 1
40 120 0.0648860931396 -118.0 1
41 151 0.0818691253662 -149.0 1
42 111 0.060045003891 -109.0 1
43 109 0.0588989257812 -107.0 1
44 216 0.116577148438 -214.0 1
45 229 0.124537944794 -227.0 1
46 143 0.077299118042 -141.0 1
47 134 0.0707879066467 -132.0 1
48 85 0.0454390048981 -83.0 1
49 242 0.130374908447 -240.0 1
