trial, number of steps, runtime, accumulated reward, termination
0 184 0.0816950798035 181.0 1
1 14 0.00597977638245 11.0 1
2 11 0.00449585914612 8.0 1
3 263 0.113576173782 260.0 1
4 13 0.00535988807678 10.0 1
5 813 0.355831861496 810.0 1
6 5000 2.17406201363 4999.0 0
7 2930 1.24496102333 2927.0 1
8 10 0.0039210319519 7.0 1
9 9 0.00345706939697 6.0 1
10 63 0.0269708633423 60.0 1
11 116 0.046679019928 113.0 1
12 8 0.00313496589661 5.0 1
13 49 0.0205669403076 46.0 1
14 10 0.00398516654968 7.0 1
15 139 0.0565829277039 136.0 1
16 69 0.0278508663177 66.0 1
17 20 0.00779581069946 17.0 1
18 103 0.0436160564423 100.0 1
19 9 0.00361704826355 6.0 1
20 100 0.0410079956055 97.0 1
21 55 0.0214190483093 52.0 1
22 24 0.00811815261841 21.0 1
23 16 0.00551009178162 13.0 1
24 16 0.00586485862732 13.0 1
25 8 0.00229501724243 5.0 1
26 14 0.00533580780029 11.0 1
27 95 0.039489030838 92.0 1
28 24 0.00983905792236 21.0 1
29 9 0.00344610214233 6.0 1
30 9 0.00339293479919 6.0 1
31 79 0.0330519676208 76.0 1
32 18 0.0074999332428 15.0 1
33 50 0.0215311050415 47.0 1
34 80 0.0307111740112 77.0 1
35 105 0.045646905899 102.0 1
36 9 0.00350284576416 6.0 1
37 74 0.0321111679077 71.0 1
38 76 0.031329870224 73.0 1
39 20 0.00828790664673 17.0 1
40 62 0.0203440189362 59.0 1
41 8 0.00291419029236 5.0 1
42 54 0.018107175827 51.0 1
43 22 0.0086350440979 19.0 1
44 49 0.0193190574646 46.0 1
45 9 0.00339484214783 6.0 1
46 74 0.0304460525513 71.0 1
47 46 0.0189960002899 43.0 1
48 30 0.0123980045319 27.0 1
49 78 0.033135175705 75.0 1
0 99 0.0426709651947 96.0 1
1 8 0.00312805175781 5.0 1
2 77 0.0330929756165 74.0 1
3 67 0.0270478725433 64.0 1
4 11 0.004478931427 8.0 1
5 29 0.0122590065002 26.0 1
6 10 0.00376296043396 7.0 1
7 12 0.00483298301697 9.0 1
8 15 0.00573515892029 12.0 1
9 11 0.00288701057434 8.0 1
10 11 0.00280499458313 8.0 1
11 540 0.229034900665 537.0 1
12 11 0.00452089309692 8.0 1
13 12 0.00492215156555 9.0 1
14 2987 1.26511979103 2984.0 1
15 27 0.0119669437408 24.0 1
16 24 0.0105230808258 21.0 1
17 13 0.00550603866577 10.0 1
18 5000 2.25654697418 4999.0 0
19 4152 1.74009203911 4149.0 1
20 78 0.0317130088806 75.0 1
21 16 0.00666308403015 13.0 1
22 12 0.00481510162354 9.0 1
23 303 0.132931232452 300.0 1
24 5000 2.11289620399 4999.0 0
25 287 0.122444868088 284.0 1
26 8 0.00298714637756 5.0 1
27 51 0.021311044693 48.0 1
28 19 0.00776815414429 16.0 1
29 313 0.137084007263 310.0 1
30 88 0.0373020172119 85.0 1
31 90 0.0374550819397 87.0 1
32 73 0.0313580036163 70.0 1
33 62 0.0332129001617 59.0 1
34 15 0.00602507591248 12.0 1
35 129 0.0552670955658 126.0 1
36 10 0.00388216972351 7.0 1
37 31 0.0129568576813 28.0 1
38 12 0.00483012199402 9.0 1
39 11 0.00461983680725 8.0 1
40 9 0.00347995758057 6.0 1
41 9 0.00333309173584 6.0 1
42 9 0.00330686569214 6.0 1
43 8 0.00304698944092 5.0 1
44 105 0.0443189144135 102.0 1
45 17 0.00723814964294 14.0 1
46 9 0.00351619720459 6.0 1
47 12 0.00472092628479 9.0 1
48 10 0.00383591651917 7.0 1
49 21 0.00869798660278 18.0 1
0 116 0.049320936203 113.0 1
1 14 0.00582003593445 11.0 1
2 11 0.00458598136902 8.0 1
3 15 0.00631403923035 12.0 1
4 11 0.00441002845764 8.0 1
5 10 0.00373601913452 7.0 1
6 8 0.00317287445068 5.0 1
7 9 0.00363278388977 6.0 1
8 24 0.0104761123657 21.0 1
9 11 0.00463509559631 8.0 1
10 23 0.00995492935181 20.0 1
11 57 0.0243530273438 54.0 1
12 16 0.00659489631653 13.0 1
13 10 0.00394606590271 7.0 1
14 15 0.00616407394409 12.0 1
15 27 0.0114569664001 24.0 1
16 45 0.0193748474121 42.0 1
17 20 0.00854015350342 17.0 1
18 12 0.00474786758423 9.0 1
19 38 0.0162870883942 35.0 1
20 11 0.00419592857361 8.0 1
21 17 0.00702285766602 14.0 1
22 8 0.00310897827148 5.0 1
23 32 0.0129129886627 29.0 1
24 11 0.00444293022156 8.0 1
25 11 0.00443887710571 8.0 1
26 20 0.00840711593628 17.0 1
27 14 0.00567603111267 11.0 1
28 18 0.00727295875549 15.0 1
29 9 0.00299406051636 6.0 1
30 9 0.00360798835754 6.0 1
31 9 0.00364899635315 6.0 1
32 12 0.00433015823364 9.0 1
33 22 0.00710487365723 19.0 1
34 12 0.00487089157104 9.0 1
35 16 0.00665283203125 13.0 1
36 20 0.00840497016907 17.0 1
37 9 0.00306797027588 6.0 1
38 9 0.00346398353577 6.0 1
39 15 0.00583600997925 12.0 1
40 22 0.00760102272034 19.0 1
41 8 0.00314593315125 5.0 1
42 18 0.00747203826904 15.0 1
43 18 0.00749707221985 15.0 1
44 20 0.00841999053955 17.0 1
45 8 0.00312399864197 5.0 1
46 24 0.0101881027222 21.0 1
47 38 0.0140268802643 35.0 1
48 246 0.10370016098 243.0 1
49 8 0.00310611724854 5.0 1
0 56 0.0239770412445 53.0 1
1 34 0.014377117157 31.0 1
2 40 0.0170629024506 37.0 1
3 51 0.0216858386993 48.0 1
4 14 0.00572109222412 11.0 1
5 55 0.0217559337616 52.0 1
6 205 0.0876278877258 202.0 1
7 124 0.0520980358124 121.0 1
8 21 0.00873804092407 18.0 1
9 10 0.00390195846558 7.0 1
10 846 0.358169078827 843.0 1
11 15 0.00613594055176 12.0 1
12 10 0.00345182418823 7.0 1
13 153 0.0648579597473 150.0 1
14 799 0.342323064804 796.0 1
15 5000 2.19333791733 4999.0 0
16 15 0.00645613670349 12.0 1
17 11 0.0045530796051 8.0 1
18 11 0.00452899932861 8.0 1
19 41 0.0179688930511 38.0 1
20 43 0.0188498497009 40.0 1
21 31 0.0135319232941 28.0 1
22 20 0.00860714912415 17.0 1
23 9 0.00369095802307 6.0 1
24 68 0.0299189090729 65.0 1
25 14 0.00589394569397 11.0 1
26 9 0.00363183021545 6.0 1
27 9 0.00364899635315 6.0 1
28 8 0.00318717956543 5.0 1
29 26 0.0112328529358 23.0 1
30 10 0.0041401386261 7.0 1
31 10 0.00409483909607 7.0 1
32 8 0.00315809249878 5.0 1
33 14 0.00588202476501 11.0 1
34 21 0.00904011726379 18.0 1
35 9 0.00365304946899 6.0 1
36 9 0.00367403030396 6.0 1
37 8 0.00318288803101 5.0 1
38 20 0.0085711479187 17.0 1
39 21 0.00910520553589 18.0 1
40 8 0.00320601463318 5.0 1
41 17 0.0072648525238 14.0 1
42 13 0.00544500350952 10.0 1
43 13 0.00548791885376 10.0 1
44 14 0.00586795806885 11.0 1
45 9 0.00368881225586 6.0 1
46 11 0.00456404685974 8.0 1
47 10 0.00409412384033 7.0 1
48 15 0.00631093978882 12.0 1
49 10 0.00409889221191 7.0 1
0 724 0.324141025543 721.0 1
1 23 0.00998878479004 20.0 1
2 8 0.00320291519165 5.0 1
3 9 0.0036461353302 6.0 1
4 80 0.035621881485 77.0 1
5 301 0.134883880615 298.0 1
6 251 0.112316131592 248.0 1
7 49 0.0215308666229 46.0 1
8 9 0.00367403030396 6.0 1
9 8 0.0031681060791 5.0 1
10 9 0.00363278388977 6.0 1
11 19 0.00811696052551 16.0 1
12 192 0.0859980583191 189.0 1
13 16 0.00679802894592 13.0 1
14 126 0.0561540126801 123.0 1
15 8 0.00322604179382 5.0 1
16 9 0.00363302230835 6.0 1
17 9 0.00368094444275 6.0 1
18 106 0.0471918582916 103.0 1
19 137 0.0615708827972 134.0 1
20 9 0.00371694564819 6.0 1
21 10 0.00409603118896 7.0 1
22 8 0.00323390960693 5.0 1
23 127 0.0567710399628 124.0 1
24 8 0.00315999984741 5.0 1
25 9 0.00367403030396 6.0 1
26 113 0.050341129303 110.0 1
27 98 0.0436589717865 95.0 1
28 100 0.0524120330811 97.0 1
29 8 0.00319004058838 5.0 1
30 9 0.003662109375 6.0 1
31 108 0.0509140491486 105.0 1
32 89 0.0409250259399 86.0 1
33 8 0.00329494476318 5.0 1
34 96 0.0438549518585 93.0 1
35 8 0.00320601463318 5.0 1
36 8 0.00331211090088 5.0 1
37 73 0.0335881710052 70.0 1
38 89 0.0403809547424 86.0 1
39 83 0.0371069908142 80.0 1
40 88 0.0393900871277 85.0 1
41 79 0.0353610515594 76.0 1
42 53 0.0236699581146 50.0 1
43 10 0.00411009788513 7.0 1
44 44 0.0194900035858 41.0 1
45 38 0.0167281627655 35.0 1
46 9 0.00370502471924 6.0 1
47 8 0.00321698188782 5.0 1
48 71 0.0315959453583 68.0 1
49 9 0.00374317169189 6.0 1
0 5000 2.28106403351 4999.0 0
1 12 0.00500798225403 9.0 1
2 53 0.0234968662262 50.0 1
3 5000 2.10743904114 4999.0 0
4 15 0.00628590583801 12.0 1
5 20 0.00846695899963 17.0 1
6 255 0.110095024109 252.0 1
7 47 0.0199840068817 44.0 1
8 31 0.0132400989532 28.0 1
9 14 0.00567603111267 11.0 1
10 540 0.232522964478 537.0 1
11 335 0.138963937759 332.0 1
12 1041 0.465950012207 1038.0 1
13 19 0.00824499130249 16.0 1
14 8 0.00327515602112 5.0 1
15 13 0.00549793243408 10.0 1
16 163 0.0747179985046 160.0 1
17 223 0.101665973663 220.0 1
18 898 0.411180019379 895.0 1
19 176 0.0796420574188 173.0 1
20 229 0.104199886322 226.0 1
21 8 0.00336194038391 5.0 1
22 409 0.188024997711 406.0 1
23 228 0.103518009186 225.0 1
24 11 0.00460004806519 8.0 1
25 187 0.0846109390259 184.0 1
26 182 0.0824749469757 179.0 1
27 213 0.0981521606445 210.0 1
28 243 0.10965514183 240.0 1
29 171 0.0769259929657 168.0 1
30 239 0.108015060425 236.0 1
31 249 0.112638950348 246.0 1
32 222 0.101161003113 219.0 1
33 241 0.10896396637 238.0 1
34 241 0.109395980835 238.0 1
35 8 0.00322103500366 5.0 1
36 8 0.00320506095886 5.0 1
37 9 0.00367093086243 6.0 1
38 210 0.0952000617981 207.0 1
39 206 0.0931658744812 203.0 1
40 265 0.119459152222 262.0 1
41 253 0.11491394043 250.0 1
42 254 0.115417003632 251.0 1
43 263 0.11986207962 260.0 1
44 260 0.119158029556 257.0 1
45 9 0.00370502471924 6.0 1
46 260 0.118369102478 257.0 1
47 335 0.152209997177 332.0 1
48 249 0.113144159317 246.0 1
49 287 0.130681037903 284.0 1
0 237 0.108396053314 234.0 1
1 10 0.0041868686676 7.0 1
2 27 0.0119388103485 24.0 1
3 14 0.00599098205566 11.0 1
4 14 0.00609493255615 11.0 1
5 14 0.00605988502502 11.0 1
6 14 0.0060031414032 11.0 1
7 9 0.00365591049194 6.0 1
8 402 0.182854890823 399.0 1
9 1496 0.677311182022 1493.0 1
10 24 0.0104389190674 21.0 1
11 14 0.00593209266663 11.0 1
12 9 0.00368905067444 6.0 1
13 2116 0.962009906769 2113.0 1
14 12 0.0050311088562 9.0 1
15 32 0.0141408443451 29.0 1
16 5000 2.25602793694 4999.0 0
17 5000 2.25795006752 4999.0 0
18 5000 2.26379108429 4999.0 0
19 29 0.0126588344574 26.0 1
20 9 0.00367403030396 6.0 1
21 11 0.00455689430237 8.0 1
22 10 0.00407791137695 7.0 1
23 91 0.0405950546265 88.0 1
24 5000 2.12953901291 4999.0 0
25 17 0.00724601745605 14.0 1
26 11 0.00448298454285 8.0 1
27 5000 2.06149601936 4999.0 0
28 16 0.00639796257019 13.0 1
29 27 0.0123960971832 24.0 1
30 1253 0.510791063309 1250.0 1
31 12 0.00485301017761 9.0 1
32 14 0.0056471824646 11.0 1
33 10 0.00395703315735 7.0 1
34 36 0.0152142047882 33.0 1
35 100 0.0430929660797 97.0 1
36 77 0.0321140289307 74.0 1
37 10 0.00387501716614 7.0 1
38 9 0.00347590446472 6.0 1
39 176 0.0708241462708 173.0 1
40 90 0.0369729995728 87.0 1
41 103 0.0376031398773 100.0 1
42 97 0.0384459495544 94.0 1
43 93 0.0385150909424 90.0 1
44 111 0.0467669963837 108.0 1
45 9 0.00312781333923 6.0 1
46 102 0.0432710647583 99.0 1
47 97 0.0399549007416 94.0 1
48 306 0.129882097244 303.0 1
49 375 0.159153938293 372.0 1
0 102 0.0435981750488 99.0 1
1 51 0.0204410552979 48.0 1
2 88 0.0351688861847 85.0 1
3 71 0.0282809734344 68.0 1
4 45 0.0178689956665 42.0 1
5 107 0.0429599285126 104.0 1
6 376 0.148549079895 373.0 1
7 34 0.0142331123352 31.0 1
8 5000 2.09442210197 4999.0 0
9 5000 2.11665201187 4999.0 0
10 5000 2.28318500519 4999.0 0
11 15 0.00652980804443 12.0 1
12 9 0.00370788574219 6.0 1
13 13 0.00562000274658 10.0 1
14 10 0.00417494773865 7.0 1
15 12 0.00513911247253 9.0 1
16 9 0.00371193885803 6.0 1
17 84 0.038106918335 81.0 1
18 27 0.0120000839233 24.0 1
19 8 0.00323104858398 5.0 1
20 9 0.00372385978699 6.0 1
21 11 0.00462603569031 8.0 1
22 96 0.0436310768127 93.0 1
23 9 0.00373387336731 6.0 1
24 8 0.00325798988342 5.0 1
25 26 0.0115242004395 23.0 1
26 10 0.00415802001953 7.0 1
27 41 0.0182559490204 38.0 1
28 12 0.0051121711731 9.0 1
29 12 0.0050368309021 9.0 1
30 9 0.00375890731812 6.0 1
31 10 0.00419521331787 7.0 1
32 9 0.00372695922852 6.0 1
33 9 0.00374698638916 6.0 1
34 137 0.0625348091125 134.0 1
35 23 0.010116815567 20.0 1
36 9 0.00370192527771 6.0 1
37 13 0.00554990768433 10.0 1
38 10 0.00420498847961 7.0 1
39 8 0.00325798988342 5.0 1
40 15 0.00653696060181 12.0 1
41 9 0.00379800796509 6.0 1
42 9 0.00377583503723 6.0 1
43 19 0.00828909873962 16.0 1
44 10 0.0041229724884 7.0 1
45 9 0.00374102592468 6.0 1
46 21 0.00921487808228 18.0 1
47 8 0.00325798988342 5.0 1
48 17 0.00746989250183 14.0 1
49 9 0.00373005867004 6.0 1
0 167 0.0766971111298 164.0 1
1 341 0.155408859253 338.0 1
2 11 0.00467491149902 8.0 1
3 12 0.00508093833923 9.0 1
4 17 0.00739598274231 14.0 1
5 9 0.00373101234436 6.0 1
6 11 0.00465393066406 8.0 1
7 10 0.00417113304138 7.0 1
8 107 0.0487959384918 104.0 1
9 188 0.0858850479126 185.0 1
10 357 0.163852930069 354.0 1
11 9 0.00370717048645 6.0 1
12 8 0.00326800346375 5.0 1
13 9 0.00371098518372 6.0 1
14 13 0.00558114051819 10.0 1
15 173 0.0790369510651 170.0 1
16 113 0.0516648292542 110.0 1
17 121 0.0554599761963 118.0 1
18 110 0.0501129627228 107.0 1
19 9 0.00372409820557 6.0 1
20 14 0.00604486465454 11.0 1
21 5000 2.20451688766 4999.0 0
22 12 0.00477695465088 9.0 1
23 49 0.0208859443665 46.0 1
24 5000 2.18559789658 4999.0 0
25 15 0.00620818138123 12.0 1
26 23 0.00979900360107 20.0 1
27 13 0.00529098510742 10.0 1
28 100 0.0421350002289 97.0 1
29 8 0.0030529499054 5.0 1
30 5000 2.12817907333 4999.0 0
31 5000 2.12125492096 4999.0 0
32 18 0.00775098800659 15.0 1
33 24 0.010183095932 21.0 1
34 15 0.00619506835938 12.0 1
35 8 0.00317096710205 5.0 1
36 31 0.013258934021 28.0 1
37 188 0.074499130249 185.0 1
38 164 0.0645689964294 161.0 1
39 159 0.0685470104218 156.0 1
40 8 0.00314593315125 5.0 1
41 9 0.00365996360779 6.0 1
42 162 0.0717668533325 159.0 1
43 149 0.067773103714 146.0 1
44 131 0.0559890270233 128.0 1
45 112 0.044949054718 109.0 1
46 114 0.0485849380493 111.0 1
47 111 0.048996925354 108.0 1
48 90 0.0383350849152 87.0 1
49 92 0.0406010150909 89.0 1
0 76 0.0307049751282 73.0 1
1 108 0.0400748252869 105.0 1
2 410 0.182213068008 407.0 1
3 79 0.0337069034576 76.0 1
4 2318 0.983987092972 2315.0 1
5 11 0.00456285476685 8.0 1
6 10 0.00402998924255 7.0 1
7 96 0.0420241355896 93.0 1
8 1602 0.677593946457 1599.0 1
9 4921 2.08429121971 4918.0 1
10 15 0.00628590583801 12.0 1
11 11 0.00447487831116 8.0 1
12 9 0.00358295440674 6.0 1
13 90 0.0374000072479 87.0 1
14 12 0.00507211685181 9.0 1
15 65 0.029226064682 62.0 1
16 47 0.0205991268158 44.0 1
17 9 0.00363516807556 6.0 1
18 9 0.00356793403625 6.0 1
19 9 0.00359702110291 6.0 1
20 14 0.00505781173706 11.0 1
21 9 0.00363087654114 6.0 1
22 9 0.00329113006592 6.0 1
23 9 0.00313496589661 6.0 1
24 10 0.00399494171143 7.0 1
25 8 0.00259804725647 5.0 1
26 8 0.00251817703247 5.0 1
27 9 0.00358581542969 6.0 1
28 8 0.00298309326172 5.0 1
29 9 0.00305104255676 6.0 1
30 21 0.00832986831665 18.0 1
31 10 0.00402593612671 7.0 1
32 17 0.00693893432617 14.0 1
33 19 0.00773787498474 16.0 1
34 11 0.00479412078857 8.0 1
35 20 0.00842714309692 17.0 1
36 17 0.00686287879944 14.0 1
37 15 0.0058798789978 12.0 1
38 12 0.0046648979187 9.0 1
39 10 0.00427293777466 7.0 1
40 9 0.0039119720459 6.0 1
41 11 0.00467896461487 8.0 1
42 8 0.00301194190979 5.0 1
43 21 0.00853204727173 18.0 1
44 13 0.00539612770081 10.0 1
45 9 0.00351691246033 6.0 1
46 17 0.00691390037537 14.0 1
47 19 0.00768804550171 16.0 1
48 8 0.00298810005188 5.0 1
49 10 0.00393009185791 7.0 1
