trial, number of steps, runtime, accumulated reward, termination
0 964 0.654771089554 -962.0 1
1 506 0.313627958298 -504.0 1
2 326 0.203030109406 -324.0 1
3 254 0.164304971695 -252.0 1
4 168 0.104486942291 -166.0 1
5 220 0.138411998749 -218.0 1
6 357 0.233273983002 -355.0 1
7 517 0.334719896317 -515.0 1
8 248 0.165755987167 -246.0 1
9 236 0.15754199028 -234.0 1
10 186 0.123827934265 -184.0 1
11 190 0.126838922501 -188.0 1
12 211 0.14065694809 -209.0 1
13 159 0.103665828705 -157.0 1
14 158 0.10660815239 -156.0 1
15 185 0.126857042313 -183.0 1
16 212 0.147217988968 -210.0 1
17 212 0.142940998077 -210.0 1
18 220 0.148912191391 -218.0 1
19 208 0.137283086777 -206.0 1
20 116 0.0753879547119 -114.0 1
21 212 0.139724969864 -210.0 1
22 241 0.164035081863 -239.0 1
23 263 0.177833080292 -261.0 1
24 152 0.0995619297028 -150.0 1
25 214 0.137413024902 -212.0 1
26 537 0.348828077316 -535.0 1
27 159 0.104979991913 -157.0 1
28 222 0.146743059158 -220.0 1
29 116 0.0747852325439 -114.0 1
30 201 0.130683898926 -199.0 1
31 102 0.0660350322723 -100.0 1
32 188 0.124569892883 -186.0 1
33 510 0.337267160416 -508.0 1
34 204 0.136696815491 -202.0 1
35 192 0.130011796951 -190.0 1
36 109 0.0708830356598 -107.0 1
37 286 0.189577102661 -284.0 1
38 121 0.0767521858215 -119.0 1
39 520 0.34188914299 -518.0 1
40 120 0.0807259082794 -118.0 1
41 151 0.0996079444885 -149.0 1
42 111 0.0744569301605 -109.0 1
43 109 0.0703561306 -107.0 1
44 216 0.143455982208 -214.0 1
45 229 0.152971982956 -227.0 1
46 143 0.0949110984802 -141.0 1
47 134 0.0886380672455 -132.0 1
48 85 0.0552990436554 -83.0 1
49 242 0.159723043442 -240.0 1
0 964 0.638663053513 -962.0 1
1 506 0.336379051208 -504.0 1
2 326 0.219769954681 -324.0 1
3 254 0.167312145233 -252.0 1
4 168 0.111624956131 -166.0 1
5 220 0.14234495163 -218.0 1
6 357 0.228639125824 -355.0 1
7 517 0.338546991348 -515.0 1
8 248 0.165334939957 -246.0 1
9 236 0.158506155014 -234.0 1
10 186 0.123883008957 -184.0 1
11 190 0.123954057693 -188.0 1
12 211 0.134351015091 -209.0 1
13 159 0.099986076355 -157.0 1
14 158 0.100686073303 -156.0 1
15 185 0.116019010544 -183.0 1
16 212 0.129474163055 -210.0 1
17 212 0.130116939545 -210.0 1
18 220 0.14265704155 -218.0 1
19 208 0.132021903992 -206.0 1
20 116 0.073352098465 -114.0 1
21 212 0.13493680954 -210.0 1
22 241 0.161448001862 -239.0 1
23 263 0.174319982529 -261.0 1
24 152 0.0954468250275 -150.0 1
25 214 0.137351989746 -212.0 1
26 537 0.341691970825 -535.0 1
27 159 0.0986831188202 -157.0 1
28 222 0.127765893936 -220.0 1
29 116 0.0723979473114 -114.0 1
30 201 0.128295183182 -199.0 1
31 102 0.0659461021423 -100.0 1
32 188 0.120937108994 -186.0 1
33 510 0.339531898499 -508.0 1
34 204 0.13636803627 -202.0 1
35 192 0.129998922348 -190.0 1
36 109 0.0746629238129 -107.0 1
37 286 0.190615177155 -284.0 1
38 121 0.0786821842194 -119.0 1
39 520 0.350687026978 -518.0 1
40 120 0.0780389308929 -118.0 1
41 151 0.0960791110992 -149.0 1
42 111 0.0756409168243 -109.0 1
43 109 0.0702509880066 -107.0 1
44 216 0.143456935883 -214.0 1
45 229 0.149744033813 -227.0 1
46 143 0.0957689285278 -141.0 1
47 134 0.0891659259796 -132.0 1
48 85 0.0555760860443 -83.0 1
49 242 0.162907123566 -240.0 1
0 964 0.664307117462 -962.0 1
1 506 0.355965137482 -504.0 1
2 326 0.213004112244 -324.0 1
3 254 0.17021894455 -252.0 1
4 168 0.114920139313 -166.0 1
5 220 0.146831035614 -218.0 1
6 357 0.236940145493 -355.0 1
7 517 0.331085920334 -515.0 1
8 248 0.161720991135 -246.0 1
9 236 0.156789064407 -234.0 1
10 186 0.122086048126 -184.0 1
11 190 0.124790906906 -188.0 1
12 211 0.136124134064 -209.0 1
13 159 0.0997040271759 -157.0 1
14 158 0.103562831879 -156.0 1
15 185 0.116374015808 -183.0 1
16 212 0.139387130737 -210.0 1
17 212 0.140995979309 -210.0 1
18 220 0.144243955612 -218.0 1
19 208 0.132147073746 -206.0 1
20 116 0.0708780288696 -114.0 1
21 212 0.13040804863 -210.0 1
22 241 0.15259885788 -239.0 1
23 263 0.166305065155 -261.0 1
24 152 0.0970349311829 -150.0 1
25 214 0.136671066284 -212.0 1
26 537 0.34414601326 -535.0 1
27 159 0.103434085846 -157.0 1
28 222 0.15466594696 -220.0 1
29 116 0.0814878940582 -114.0 1
30 201 0.143857955933 -199.0 1
31 102 0.0705709457397 -100.0 1
32 188 0.125313997269 -186.0 1
33 510 0.332707881927 -508.0 1
34 204 0.134157180786 -202.0 1
35 192 0.12498497963 -190.0 1
36 109 0.0721189975739 -107.0 1
37 286 0.187571048737 -284.0 1
38 121 0.0755069255829 -119.0 1
39 520 0.338797807693 -518.0 1
40 120 0.137485027313 -118.0 1
41 151 0.109895944595 -149.0 1
42 111 0.0732588768005 -109.0 1
43 109 0.0750229358673 -107.0 1
44 216 0.154156923294 -214.0 1
45 229 0.1654920578 -227.0 1
46 143 0.102916955948 -141.0 1
47 134 0.0956029891968 -132.0 1
48 85 0.0599510669708 -83.0 1
49 242 0.169526100159 -240.0 1
0 964 0.6650390625 -962.0 1
1 506 0.335432052612 -504.0 1
2 326 0.223767995834 -324.0 1
3 254 0.182598114014 -252.0 1
4 168 0.114076137543 -166.0 1
5 220 0.145556926727 -218.0 1
6 357 0.230202913284 -355.0 1
7 517 0.323945045471 -515.0 1
8 248 0.157660961151 -246.0 1
9 236 0.15074300766 -234.0 1
10 186 0.117583990097 -184.0 1
11 190 0.12368106842 -188.0 1
12 211 0.140825986862 -209.0 1
13 159 0.105921030045 -157.0 1
14 158 0.102361917496 -156.0 1
15 185 0.115517854691 -183.0 1
16 212 0.138445138931 -210.0 1
17 212 0.140691041946 -210.0 1
18 220 0.14959192276 -218.0 1
19 208 0.137752056122 -206.0 1
20 116 0.0772211551666 -114.0 1
21 212 0.136312961578 -210.0 1
22 241 0.156200170517 -239.0 1
23 263 0.167979955673 -261.0 1
24 152 0.0933499336243 -150.0 1
25 214 0.131025075912 -212.0 1
26 537 0.330707073212 -535.0 1
27 159 0.0979750156403 -157.0 1
28 222 0.142947912216 -220.0 1
29 116 0.0745599269867 -114.0 1
30 201 0.125243186951 -199.0 1
31 102 0.0639297962189 -100.0 1
32 188 0.120321035385 -186.0 1
33 510 0.328674793243 -508.0 1
34 204 0.127475976944 -202.0 1
35 192 0.123001813889 -190.0 1
36 109 0.0575540065765 -107.0 1
37 286 0.172144889832 -284.0 1
38 121 0.0789849758148 -119.0 1
39 520 0.329977989197 -518.0 1
40 120 0.0778040885925 -118.0 1
41 151 0.0978028774261 -149.0 1
42 111 0.0720269680023 -109.0 1
43 109 0.0696129798889 -107.0 1
44 216 0.143813848495 -214.0 1
45 229 0.154762029648 -227.0 1
46 143 0.0962889194489 -141.0 1
47 134 0.0893821716309 -132.0 1
48 85 0.0558171272278 -83.0 1
49 242 0.15945982933 -240.0 1
0 964 0.644113063812 -962.0 1
1 506 0.335867881775 -504.0 1
2 326 0.21272611618 -324.0 1
3 254 0.162975072861 -252.0 1
4 168 0.10631608963 -166.0 1
5 220 0.1430580616 -218.0 1
6 357 0.228070020676 -355.0 1
7 517 0.334660053253 -515.0 1
8 248 0.162184000015 -246.0 1
9 236 0.153912067413 -234.0 1
10 186 0.116654157639 -184.0 1
11 190 0.118957996368 -188.0 1
12 211 0.132311820984 -209.0 1
13 159 0.098916053772 -157.0 1
14 158 0.0997860431671 -156.0 1
15 185 0.117128133774 -183.0 1
16 212 0.137336969376 -210.0 1
17 212 0.138540029526 -210.0 1
18 220 0.140205144882 -218.0 1
19 208 0.130706071854 -206.0 1
20 116 0.0714058876038 -114.0 1
21 212 0.130063056946 -210.0 1
22 241 0.148475170135 -239.0 1
23 263 0.164885997772 -261.0 1
24 152 0.0991899967194 -150.0 1
25 214 0.139302015305 -212.0 1
26 537 0.346460819244 -535.0 1
27 159 0.102152109146 -157.0 1
28 222 0.143691778183 -220.0 1
29 116 0.0738070011139 -114.0 1
30 201 0.128270864487 -199.0 1
31 102 0.0648159980774 -100.0 1
32 188 0.123903989792 -186.0 1
33 510 0.324856996536 -508.0 1
34 204 0.127862930298 -202.0 1
35 192 0.122730970383 -190.0 1
36 109 0.0690059661865 -107.0 1
37 286 0.178056955338 -284.0 1
38 121 0.077271938324 -119.0 1
39 520 0.333940029144 -518.0 1
40 120 0.0778379440308 -118.0 1
41 151 0.0981690883636 -149.0 1
42 111 0.0714709758759 -109.0 1
43 109 0.0691239833832 -107.0 1
44 216 0.136912107468 -214.0 1
45 229 0.148921966553 -227.0 1
46 143 0.0919108390808 -141.0 1
47 134 0.0863258838654 -132.0 1
48 85 0.0544290542603 -83.0 1
49 242 0.153580188751 -240.0 1
0 964 0.617459058762 -962.0 1
1 506 0.318207025528 -504.0 1
2 326 0.2082259655 -324.0 1
3 254 0.159265995026 -252.0 1
4 168 0.104065895081 -166.0 1
5 220 0.136560916901 -218.0 1
6 357 0.220907926559 -355.0 1
7 517 0.318593025208 -515.0 1
8 248 0.15237402916 -246.0 1
9 236 0.145406961441 -234.0 1
10 186 0.115895986557 -184.0 1
11 190 0.119428873062 -188.0 1
12 211 0.13137793541 -209.0 1
13 159 0.0982570648193 -157.0 1
14 158 0.0976099967957 -156.0 1
15 185 0.116302013397 -183.0 1
16 212 0.132214069366 -210.0 1
17 212 0.129752874374 -210.0 1
18 220 0.137308120728 -218.0 1
19 208 0.136091947556 -206.0 1
20 116 0.0737340450287 -114.0 1
21 212 0.135403156281 -210.0 1
22 241 0.15473484993 -239.0 1
23 263 0.166465997696 -261.0 1
24 152 0.0984799861908 -150.0 1
25 214 0.137184858322 -212.0 1
26 537 0.350769042969 -535.0 1
27 159 0.104125022888 -157.0 1
28 222 0.144228935242 -220.0 1
29 116 0.0773549079895 -114.0 1
30 201 0.132290124893 -199.0 1
31 102 0.0660879611969 -100.0 1
32 188 0.123047828674 -186.0 1
33 510 0.331414937973 -508.0 1
34 204 0.133217096329 -202.0 1
35 192 0.123481035233 -190.0 1
36 109 0.0703959465027 -107.0 1
37 286 0.184700012207 -284.0 1
38 121 0.0782058238983 -119.0 1
39 520 0.339210033417 -518.0 1
40 120 0.0772860050201 -118.0 1
41 151 0.0971429347992 -149.0 1
42 111 0.0715250968933 -109.0 1
43 109 0.0622658729553 -107.0 1
44 216 0.0729730129242 -214.0 1
45 229 0.0772531032562 -227.0 1
46 143 0.0473380088806 -141.0 1
47 134 0.0625619888306 -132.0 1
48 85 0.044960975647 -83.0 1
49 242 0.138051986694 -240.0 1
0 964 0.54638004303 -962.0 1
1 506 0.301165103912 -504.0 1
2 326 0.204476118088 -324.0 1
3 254 0.135672092438 -252.0 1
4 168 0.103408098221 -166.0 1
5 220 0.12479019165 -218.0 1
6 357 0.192651987076 -355.0 1
7 517 0.342102050781 -515.0 1
8 248 0.156089782715 -246.0 1
9 236 0.149649143219 -234.0 1
10 186 0.119220018387 -184.0 1
11 190 0.122478961945 -188.0 1
12 211 0.139391899109 -209.0 1
13 159 0.104343175888 -157.0 1
14 158 0.104926109314 -156.0 1
15 185 0.124142885208 -183.0 1
16 212 0.140605926514 -210.0 1
17 212 0.140662908554 -210.0 1
18 220 0.137533187866 -218.0 1
19 208 0.135235071182 -206.0 1
20 116 0.07657289505 -114.0 1
21 212 0.141433000565 -210.0 1
22 241 0.160546064377 -239.0 1
23 263 0.17765212059 -261.0 1
24 152 0.0999422073364 -150.0 1
25 214 0.144600152969 -212.0 1
26 537 0.372955083847 -535.0 1
27 159 0.11048412323 -157.0 1
28 222 0.15217590332 -220.0 1
29 116 0.0793149471283 -114.0 1
30 201 0.138041973114 -199.0 1
31 102 0.0671780109406 -100.0 1
32 188 0.123628854752 -186.0 1
33 510 0.347466945648 -508.0 1
34 204 0.13805603981 -202.0 1
35 192 0.130132198334 -190.0 1
36 109 0.0718548297882 -107.0 1
37 286 0.191154956818 -284.0 1
38 121 0.0805160999298 -119.0 1
39 520 0.3501329422 -518.0 1
40 120 0.081866979599 -118.0 1
41 151 0.10306596756 -149.0 1
42 111 0.0739190578461 -109.0 1
43 109 0.0727500915527 -107.0 1
44 216 0.146111011505 -214.0 1
45 229 0.154112100601 -227.0 1
46 143 0.095550775528 -141.0 1
47 134 0.0890781879425 -132.0 1
48 85 0.055438041687 -83.0 1
49 242 0.155061006546 -240.0 1
0 964 0.647716999054 -962.0 1
1 506 0.354508161545 -504.0 1
2 326 0.219294071198 -324.0 1
3 254 0.173887014389 -252.0 1
4 168 0.121602058411 -166.0 1
5 220 0.156250953674 -218.0 1
6 357 0.251057863235 -355.0 1
7 517 0.373552083969 -515.0 1
8 248 0.175962209702 -246.0 1
9 236 0.16582608223 -234.0 1
10 186 0.133529186249 -184.0 1
11 190 0.137965202332 -188.0 1
12 211 0.1565990448 -209.0 1
13 159 0.117316961288 -157.0 1
14 158 0.116677999496 -156.0 1
15 185 0.137942075729 -183.0 1
16 212 0.161164999008 -210.0 1
17 212 0.162472009659 -210.0 1
18 220 0.167600154877 -218.0 1
19 208 0.157628059387 -206.0 1
20 116 0.088161945343 -114.0 1
21 212 0.161623954773 -210.0 1
22 241 0.1864361763 -239.0 1
23 263 0.2014939785 -261.0 1
24 152 0.117366075516 -150.0 1
25 214 0.166938781738 -212.0 1
26 537 0.420008897781 -535.0 1
27 159 0.12428188324 -157.0 1
28 222 0.171064138412 -220.0 1
29 116 0.0886859893799 -114.0 1
30 201 0.157752990723 -199.0 1
31 102 0.0782279968262 -100.0 1
32 188 0.146049022675 -186.0 1
33 510 0.394810914993 -508.0 1
34 204 0.161338090897 -202.0 1
35 192 0.148245096207 -190.0 1
36 109 0.0849709510803 -107.0 1
37 286 0.220835924149 -284.0 1
38 121 0.0927329063416 -119.0 1
39 520 0.409929037094 -518.0 1
40 120 0.0853109359741 -118.0 1
41 151 0.103113889694 -149.0 1
42 111 0.0754430294037 -109.0 1
43 109 0.074254989624 -107.0 1
44 216 0.14861702919 -214.0 1
45 229 0.15734910965 -227.0 1
46 143 0.0982129573822 -141.0 1
47 134 0.0917239189148 -132.0 1
48 85 0.0578591823578 -83.0 1
49 242 0.166902065277 -240.0 1
0 964 0.653584957123 -962.0 1
1 506 0.341979980469 -504.0 1
2 326 0.229784011841 -324.0 1
3 254 0.174250841141 -252.0 1
4 168 0.109454154968 -166.0 1
5 220 0.139759063721 -218.0 1
6 357 0.216452121735 -355.0 1
7 517 0.317981958389 -515.0 1
8 248 0.158118963242 -246.0 1
9 236 0.156116008759 -234.0 1
10 186 0.121211051941 -184.0 1
11 190 0.124387979507 -188.0 1
12 211 0.139454841614 -209.0 1
13 159 0.106927156448 -157.0 1
14 158 0.107549190521 -156.0 1
15 185 0.125874042511 -183.0 1
16 212 0.14693903923 -210.0 1
17 212 0.145180940628 -210.0 1
18 220 0.151191949844 -218.0 1
19 208 0.145889997482 -206.0 1
20 116 0.0816779136658 -114.0 1
21 212 0.150157928467 -210.0 1
22 241 0.171024084091 -239.0 1
23 263 0.187749147415 -261.0 1
24 152 0.105386018753 -150.0 1
25 214 0.148040771484 -212.0 1
26 537 0.38204407692 -535.0 1
27 159 0.111511945724 -157.0 1
28 222 0.154957056046 -220.0 1
29 116 0.0820279121399 -114.0 1
30 201 0.141113996506 -199.0 1
31 102 0.0716059207916 -100.0 1
32 188 0.131088972092 -186.0 1
33 510 0.353767156601 -508.0 1
34 204 0.139064073563 -202.0 1
35 192 0.130113840103 -190.0 1
36 109 0.0727298259735 -107.0 1
37 286 0.190537929535 -284.0 1
38 121 0.0810449123383 -119.0 1
39 520 0.325086116791 -518.0 1
40 120 0.0726788043976 -118.0 1
41 151 0.0910620689392 -149.0 1
42 111 0.0631549358368 -109.0 1
43 109 0.062126159668 -107.0 1
44 216 0.119541883469 -214.0 1
45 229 0.127202033997 -227.0 1
46 143 0.073135137558 -141.0 1
47 134 0.0824809074402 -132.0 1
48 85 0.053838968277 -83.0 1
49 242 0.152688026428 -240.0 1
0 964 0.632177114487 -962.0 1
1 506 0.334618091583 -504.0 1
2 326 0.214821100235 -324.0 1
3 254 0.170539855957 -252.0 1
4 168 0.114173173904 -166.0 1
5 220 0.150777101517 -218.0 1
6 357 0.252665042877 -355.0 1
7 517 0.358994007111 -515.0 1
8 248 0.167136907578 -246.0 1
9 236 0.164106845856 -234.0 1
10 186 0.12940788269 -184.0 1
11 190 0.131761074066 -188.0 1
12 211 0.142934083939 -209.0 1
13 159 0.105742931366 -157.0 1
14 158 0.104289054871 -156.0 1
15 185 0.126886844635 -183.0 1
16 212 0.141658782959 -210.0 1
17 212 0.143882989883 -210.0 1
18 220 0.148926973343 -218.0 1
19 208 0.142513036728 -206.0 1
20 116 0.0765490531921 -114.0 1
21 212 0.140311002731 -210.0 1
22 241 0.154829025269 -239.0 1
23 263 0.170580148697 -261.0 1
24 152 0.102589130402 -150.0 1
25 214 0.142244100571 -212.0 1
26 537 0.368108034134 -535.0 1
27 159 0.108354091644 -157.0 1
28 222 0.158300161362 -220.0 1
29 116 0.0825369358063 -114.0 1
30 201 0.141563892365 -199.0 1
31 102 0.0723221302032 -100.0 1
32 188 0.134669065475 -186.0 1
33 510 0.34379196167 -508.0 1
34 204 0.128273963928 -202.0 1
35 192 0.124168872833 -190.0 1
36 109 0.0725169181824 -107.0 1
37 286 0.191015005112 -284.0 1
38 121 0.080864906311 -119.0 1
39 520 0.345654010773 -518.0 1
40 120 0.0780208110809 -118.0 1
41 151 0.0995187759399 -149.0 1
42 111 0.0737729072571 -109.0 1
43 109 0.0697062015533 -107.0 1
44 216 0.148408889771 -214.0 1
45 229 0.156522035599 -227.0 1
46 143 0.0983741283417 -141.0 1
47 134 0.0915989875793 -132.0 1
48 85 0.0578820705414 -83.0 1
49 242 0.166756153107 -240.0 1
