trial, number of steps, runtime, accumulated reward, termination
0 759 0.470361948013 -757.0 1
1 1818 1.11889100075 -1816.0 1
2 351 0.216996908188 -349.0 1
3 590 0.364727973938 -588.0 1
4 426 0.26641702652 -424.0 1
5 282 0.174210071564 -280.0 1
6 466 0.289053916931 -464.0 1
7 251 0.154721021652 -249.0 1
8 782 0.48451590538 -780.0 1
9 394 0.244905948639 -392.0 1
10 279 0.175003051758 -277.0 1
11 292 0.180010080338 -290.0 1
12 271 0.167306900024 -269.0 1
13 884 0.484902858734 -882.0 1
14 295 0.143365859985 -293.0 1
15 522 0.254546165466 -520.0 1
16 158 0.0761139392853 -156.0 1
17 145 0.0699439048767 -143.0 1
18 240 0.117708921432 -238.0 1
19 163 0.0837559700012 -161.0 1
20 131 0.0646681785583 -129.0 1
21 146 0.0716049671173 -144.0 1
22 377 0.182229042053 -375.0 1
23 295 0.136843204498 -293.0 1
24 198 0.0948219299316 -196.0 1
25 354 0.174599885941 -352.0 1
26 166 0.081111907959 -164.0 1
27 170 0.0838530063629 -168.0 1
28 321 0.157787084579 -319.0 1
29 155 0.0749759674072 -153.0 1
30 351 0.171212911606 -349.0 1
31 495 0.241032838821 -493.0 1
32 118 0.0578758716583 -116.0 1
33 160 0.075690984726 -158.0 1
34 181 0.0812509059906 -179.0 1
35 705 0.308595180511 -703.0 1
36 164 0.0796451568604 -162.0 1
37 196 0.0955491065979 -194.0 1
38 144 0.0668408870697 -142.0 1
39 263 0.125797986984 -261.0 1
40 147 0.0714099407196 -145.0 1
41 146 0.0703308582306 -144.0 1
42 146 0.066908121109 -144.0 1
43 135 0.0667588710785 -133.0 1
44 158 0.0727100372314 -156.0 1
45 132 0.0676300525665 -130.0 1
46 156 0.0739271640778 -154.0 1
47 246 0.118366956711 -244.0 1
48 244 0.112509012222 -242.0 1
49 570 0.262080907822 -568.0 1
0 759 0.360255002975 -757.0 1
1 1556 0.735254049301 -1554.0 1
2 191 0.0925738811493 -189.0 1
3 420 0.197891950607 -418.0 1
4 570 0.274314880371 -568.0 1
5 199 0.0947599411011 -197.0 1
6 476 0.228028059006 -474.0 1
7 386 0.194996118546 -384.0 1
8 907 0.433691978455 -905.0 1
9 288 0.138109922409 -286.0 1
10 996 0.484595060349 -994.0 1
11 532 0.260573148727 -530.0 1
12 212 0.101978063583 -210.0 1
13 289 0.140315055847 -287.0 1
14 364 0.178260803223 -362.0 1
15 334 0.162998914719 -332.0 1
16 389 0.19770693779 -387.0 1
17 263 0.134878158569 -261.0 1
18 176 0.0894629955292 -174.0 1
19 453 0.231431007385 -451.0 1
20 186 0.0947020053864 -184.0 1
21 414 0.211359977722 -412.0 1
22 781 0.399459123611 -779.0 1
23 140 0.0714018344879 -138.0 1
24 732 0.374760866165 -730.0 1
25 272 0.13427400589 -270.0 1
26 155 0.0740919113159 -153.0 1
27 176 0.0834119319916 -174.0 1
28 210 0.102643013 -208.0 1
29 357 0.168683052063 -355.0 1
30 316 0.148663043976 -314.0 1
31 225 0.107891082764 -223.0 1
32 197 0.0934269428253 -195.0 1
33 276 0.130436897278 -274.0 1
34 174 0.0849931240082 -172.0 1
35 537 0.259201049805 -535.0 1
36 492 0.243203878403 -490.0 1
37 247 0.118479013443 -245.0 1
38 395 0.188920974731 -393.0 1
39 334 0.159739971161 -332.0 1
40 128 0.0623350143433 -126.0 1
41 141 0.0679430961609 -139.0 1
42 213 0.101889133453 -211.0 1
43 321 0.160663127899 -319.0 1
44 208 0.0960280895233 -206.0 1
45 290 0.137242794037 -288.0 1
46 223 0.10803604126 -221.0 1
47 262 0.128979921341 -260.0 1
48 290 0.140734910965 -288.0 1
49 129 0.0548589229584 -127.0 1
0 1074 0.527052879333 -1072.0 1
1 1142 0.547652006149 -1140.0 1
2 1001 0.48654794693 -999.0 1
3 496 0.240001916885 -494.0 1
4 734 0.358721971512 -732.0 1
5 339 0.161865949631 -337.0 1
6 475 0.225491046906 -473.0 1
7 475 0.221783876419 -473.0 1
8 1036 0.502222061157 -1034.0 1
9 257 0.109285116196 -255.0 1
10 447 0.216785907745 -445.0 1
11 564 0.273077964783 -562.0 1
12 230 0.118124008179 -228.0 1
13 596 0.305798053741 -594.0 1
14 199 0.100250005722 -197.0 1
15 288 0.142818927765 -286.0 1
16 303 0.148624181747 -301.0 1
17 188 0.0821809768677 -186.0 1
18 877 0.430078983307 -875.0 1
19 238 0.114773988724 -236.0 1
20 386 0.182311058044 -384.0 1
21 204 0.0862350463867 -202.0 1
22 366 0.177127838135 -364.0 1
23 555 0.280045986176 -553.0 1
24 213 0.107734918594 -211.0 1
25 581 0.295369148254 -579.0 1
26 286 0.145571947098 -284.0 1
27 275 0.140198945999 -273.0 1
28 167 0.0848529338837 -165.0 1
29 225 0.114145994186 -223.0 1
30 212 0.10814499855 -210.0 1
31 223 0.120095014572 -221.0 1
32 226 0.112348079681 -224.0 1
33 198 0.0941770076752 -196.0 1
34 168 0.0818140506744 -166.0 1
35 272 0.131469964981 -270.0 1
36 240 0.117374897003 -238.0 1
37 141 0.0670671463013 -139.0 1
38 165 0.0804891586304 -163.0 1
39 163 0.0817730426788 -161.0 1
40 121 0.0586650371552 -119.0 1
41 153 0.0741679668427 -151.0 1
42 140 0.0666089057922 -138.0 1
43 112 0.0536179542542 -110.0 1
44 214 0.102075099945 -212.0 1
45 250 0.120575904846 -248.0 1
46 126 0.0621659755707 -124.0 1
47 167 0.0826859474182 -165.0 1
48 183 0.0872938632965 -181.0 1
49 156 0.0748920440674 -154.0 1
0 745 0.349157810211 -743.0 1
1 906 0.41463303566 -904.0 1
2 694 0.325062990189 -692.0 1
3 562 0.265933036804 -560.0 1
4 322 0.152535915375 -320.0 1
5 212 0.0975780487061 -210.0 1
6 522 0.263533830643 -520.0 1
7 488 0.232038021088 -486.0 1
8 465 0.215101957321 -463.0 1
9 322 0.156000852585 -320.0 1
10 567 0.271880149841 -565.0 1
11 686 0.328787088394 -684.0 1
12 1204 0.590671062469 -1202.0 1
13 306 0.151473045349 -304.0 1
14 405 0.199234008789 -403.0 1
15 997 0.466929912567 -995.0 1
16 562 0.277278900146 -560.0 1
17 264 0.130593061447 -262.0 1
18 444 0.216000080109 -442.0 1
19 215 0.102679014206 -213.0 1
20 337 0.16406583786 -335.0 1
21 243 0.114113092422 -241.0 1
22 220 0.104203939438 -218.0 1
23 227 0.105160951614 -225.0 1
24 583 0.281008005142 -581.0 1
25 160 0.0827918052673 -158.0 1
26 501 0.238707065582 -499.0 1
27 157 0.0753028392792 -155.0 1
28 423 0.209985017776 -421.0 1
29 507 0.247231960297 -505.0 1
30 628 0.306444168091 -626.0 1
31 709 0.334499120712 -707.0 1
32 382 0.148838043213 -380.0 1
33 188 0.0892858505249 -186.0 1
34 273 0.129275798798 -271.0 1
35 214 0.101835012436 -212.0 1
36 738 0.354826927185 -736.0 1
37 198 0.0943529605865 -196.0 1
38 304 0.140715122223 -302.0 1
39 409 0.194421052933 -407.0 1
40 172 0.0822319984436 -170.0 1
41 246 0.114329814911 -244.0 1
42 298 0.141159057617 -296.0 1
43 479 0.217784881592 -477.0 1
44 377 0.176410913467 -375.0 1
45 444 0.203444957733 -442.0 1
46 135 0.0691299438477 -133.0 1
47 382 0.183440923691 -380.0 1
48 143 0.0675041675568 -141.0 1
49 149 0.068482875824 -147.0 1
0 1387 0.661288022995 -1385.0 1
1 505 0.250761985779 -503.0 1
2 562 0.271859169006 -560.0 1
3 265 0.11993098259 -263.0 1
4 420 0.209118127823 -418.0 1
5 667 0.330244064331 -665.0 1
6 716 0.347800016403 -714.0 1
7 621 0.288146972656 -619.0 1
8 474 0.212408065796 -472.0 1
9 447 0.209066867828 -445.0 1
10 421 0.192880153656 -419.0 1
11 418 0.202654838562 -416.0 1
12 252 0.124314069748 -250.0 1
13 201 0.0959510803223 -199.0 1
14 152 0.0736751556396 -150.0 1
15 208 0.0955541133881 -206.0 1
16 260 0.120235919952 -258.0 1
17 500 0.251227140427 -498.0 1
18 268 0.12237405777 -266.0 1
19 179 0.0862081050873 -177.0 1
20 158 0.0725808143616 -156.0 1
21 167 0.0756471157074 -165.0 1
22 321 0.152644872665 -319.0 1
23 428 0.202766895294 -426.0 1
24 445 0.209883928299 -443.0 1
25 159 0.0766069889069 -157.0 1
26 516 0.246378183365 -514.0 1
27 179 0.0879662036896 -177.0 1
28 292 0.135281801224 -290.0 1
29 824 0.394277095795 -822.0 1
30 207 0.10099196434 -205.0 1
31 237 0.113569974899 -235.0 1
32 175 0.0842390060425 -173.0 1
33 386 0.185856819153 -384.0 1
34 129 0.060879945755 -127.0 1
35 147 0.0716791152954 -145.0 1
36 421 0.200054168701 -419.0 1
37 190 0.0913770198822 -188.0 1
38 607 0.291603088379 -605.0 1
39 268 0.128411054611 -266.0 1
40 414 0.194399118423 -412.0 1
41 285 0.133878946304 -283.0 1
42 334 0.156349182129 -332.0 1
43 184 0.0910489559174 -182.0 1
44 133 0.0631861686707 -131.0 1
45 128 0.0607059001923 -126.0 1
46 120 0.0592269897461 -118.0 1
47 364 0.179450035095 -362.0 1
48 332 0.159940958023 -330.0 1
49 217 0.103749036789 -215.0 1
0 2009 0.950210094452 -2007.0 1
1 683 0.318599939346 -681.0 1
2 504 0.237551927567 -502.0 1
3 365 0.177061080933 -363.0 1
4 564 0.281071901321 -562.0 1
5 250 0.119344949722 -248.0 1
6 606 0.299834012985 -604.0 1
7 333 0.166509866714 -331.0 1
8 439 0.192359924316 -437.0 1
9 209 0.0976090431213 -207.0 1
10 424 0.193681001663 -422.0 1
11 135 0.0640041828156 -133.0 1
12 181 0.0878732204437 -179.0 1
13 119 0.0579550266266 -117.0 1
14 200 0.0983169078827 -198.0 1
15 280 0.137182950974 -278.0 1
16 314 0.155054807663 -312.0 1
17 207 0.105099916458 -205.0 1
18 204 0.102761983871 -202.0 1
19 158 0.0784001350403 -156.0 1
20 247 0.125447034836 -245.0 1
21 225 0.114900827408 -223.0 1
22 226 0.115541934967 -224.0 1
23 165 0.0838148593903 -163.0 1
24 182 0.0923089981079 -180.0 1
25 142 0.0717809200287 -140.0 1
26 197 0.0997741222382 -195.0 1
27 225 0.113596916199 -223.0 1
28 146 0.0739991664886 -144.0 1
29 179 0.0914828777313 -177.0 1
30 155 0.08145403862 -153.0 1
31 242 0.123605012894 -240.0 1
32 227 0.115244865417 -225.0 1
33 174 0.0881338119507 -172.0 1
34 272 0.138010025024 -270.0 1
35 186 0.0940730571747 -184.0 1
36 177 0.0893449783325 -175.0 1
37 233 0.122776985168 -231.0 1
38 120 0.0604360103607 -118.0 1
39 398 0.202124118805 -396.0 1
40 175 0.0881588459015 -173.0 1
41 170 0.0864009857178 -168.0 1
42 177 0.0897760391235 -175.0 1
43 165 0.0833051204681 -163.0 1
44 132 0.0661780834198 -130.0 1
45 158 0.0802268981934 -156.0 1
46 133 0.0671370029449 -131.0 1
47 191 0.0964300632477 -189.0 1
48 231 0.116999864578 -229.0 1
49 124 0.0615329742432 -122.0 1
0 631 0.31928396225 -629.0 1
1 896 0.485445976257 -894.0 1
2 939 0.481919050217 -937.0 1
3 892 0.455712080002 -890.0 1
4 573 0.292922973633 -571.0 1
5 325 0.1648209095 -323.0 1
6 312 0.159553050995 -310.0 1
7 313 0.158889055252 -311.0 1
8 569 0.28938794136 -567.0 1
9 714 0.363564968109 -712.0 1
10 173 0.0877242088318 -171.0 1
11 198 0.100788116455 -196.0 1
12 179 0.0903789997101 -177.0 1
13 220 0.111575841904 -218.0 1
14 425 0.217563152313 -423.0 1
15 319 0.162436962128 -317.0 1
16 239 0.120741128922 -237.0 1
17 224 0.113380908966 -222.0 1
18 163 0.0811829566956 -161.0 1
19 396 0.191070795059 -394.0 1
20 266 0.128327131271 -264.0 1
21 383 0.179337978363 -381.0 1
22 264 0.120092868805 -262.0 1
23 200 0.0945110321045 -198.0 1
24 195 0.0919289588928 -193.0 1
25 154 0.0715439319611 -152.0 1
26 185 0.0839819908142 -183.0 1
27 312 0.141069889069 -310.0 1
28 122 0.0571382045746 -120.0 1
29 255 0.121886968613 -253.0 1
30 199 0.0941088199615 -197.0 1
31 275 0.131767988205 -273.0 1
32 144 0.0684711933136 -142.0 1
33 131 0.062332868576 -129.0 1
34 180 0.0855309963226 -178.0 1
35 161 0.0880389213562 -159.0 1
36 118 0.058042049408 -116.0 1
37 191 0.113066911697 -189.0 1
38 135 0.0644590854645 -133.0 1
39 308 0.175551891327 -306.0 1
40 194 0.0855588912964 -192.0 1
41 143 0.0594329833984 -141.0 1
42 281 0.138665914536 -279.0 1
43 185 0.0898468494415 -183.0 1
44 111 0.0482621192932 -109.0 1
45 233 0.108000993729 -231.0 1
46 123 0.0563788414001 -121.0 1
47 610 0.295209884644 -608.0 1
48 148 0.0700829029083 -146.0 1
49 137 0.0596179962158 -135.0 1
0 1482 0.706170082092 -1480.0 1
1 414 0.193554878235 -412.0 1
2 466 0.222151041031 -464.0 1
3 532 0.291238069534 -530.0 1
4 425 0.197191953659 -423.0 1
5 1158 0.555063962936 -1156.0 1
6 169 0.0815668106079 -167.0 1
7 110 0.0524079799652 -108.0 1
8 400 0.185395956039 -398.0 1
9 306 0.146003007889 -304.0 1
10 373 0.173145055771 -371.0 1
11 243 0.122978925705 -241.0 1
12 553 0.26126909256 -551.0 1
13 231 0.115844011307 -229.0 1
14 168 0.0823788642883 -166.0 1
15 266 0.131651163101 -264.0 1
16 1140 0.550006866455 -1138.0 1
17 436 0.21023607254 -434.0 1
18 147 0.069571018219 -145.0 1
19 214 0.102691888809 -212.0 1
20 297 0.145312070847 -295.0 1
21 182 0.0874772071838 -180.0 1
22 284 0.132180929184 -282.0 1
23 236 0.10712480545 -234.0 1
24 146 0.07009100914 -144.0 1
25 134 0.0598430633545 -132.0 1
26 145 0.0684039592743 -143.0 1
27 303 0.149313926697 -301.0 1
28 163 0.0776028633118 -161.0 1
29 308 0.147943019867 -306.0 1
30 127 0.0621709823608 -125.0 1
31 120 0.0583100318909 -118.0 1
32 152 0.0763120651245 -150.0 1
33 168 0.0808761119843 -166.0 1
34 259 0.128900051117 -257.0 1
35 213 0.102838039398 -211.0 1
36 329 0.154349088669 -327.0 1
37 258 0.121784925461 -256.0 1
38 152 0.0719659328461 -150.0 1
39 237 0.114506959915 -235.0 1
40 147 0.070729970932 -145.0 1
41 139 0.0585310459137 -137.0 1
42 148 0.0727868080139 -146.0 1
43 152 0.0760650634766 -150.0 1
44 128 0.0618040561676 -126.0 1
45 147 0.0707240104675 -145.0 1
46 181 0.0898330211639 -179.0 1
47 317 0.154164791107 -315.0 1
48 128 0.06090092659 -126.0 1
49 102 0.0485150814056 -100.0 1
0 1069 0.508646965027 -1067.0 1
1 1617 0.797911167145 -1615.0 1
2 331 0.161349058151 -329.0 1
3 287 0.139820098877 -285.0 1
4 419 0.20281291008 -417.0 1
5 230 0.111509084702 -228.0 1
6 454 0.225588798523 -452.0 1
7 649 0.306858062744 -647.0 1
8 258 0.119457960129 -256.0 1
9 231 0.112462043762 -229.0 1
10 423 0.199126958847 -421.0 1
11 234 0.103319883347 -232.0 1
12 249 0.113172054291 -247.0 1
13 282 0.136898994446 -280.0 1
14 526 0.247904062271 -524.0 1
15 235 0.115436077118 -233.0 1
16 181 0.0867669582367 -179.0 1
17 401 0.194470882416 -399.0 1
18 461 0.225399017334 -459.0 1
19 302 0.146218061447 -300.0 1
20 193 0.0949020385742 -191.0 1
21 288 0.138840913773 -286.0 1
22 428 0.206424951553 -426.0 1
23 140 0.0688760280609 -138.0 1
24 296 0.142827987671 -294.0 1
25 143 0.0658209323883 -141.0 1
26 459 0.221871852875 -457.0 1
27 224 0.107857942581 -222.0 1
28 382 0.179540872574 -380.0 1
29 223 0.109998941422 -221.0 1
30 144 0.0732538700104 -142.0 1
31 301 0.149735927582 -299.0 1
32 151 0.0756988525391 -149.0 1
33 181 0.0901417732239 -179.0 1
34 149 0.0709838867188 -147.0 1
35 160 0.0766298770905 -158.0 1
36 379 0.187208890915 -377.0 1
37 227 0.112658023834 -225.0 1
38 257 0.123338937759 -255.0 1
39 341 0.166215181351 -339.0 1
40 408 0.197764873505 -406.0 1
41 258 0.125919103622 -256.0 1
42 162 0.0786249637604 -160.0 1
43 125 0.06028008461 -123.0 1
44 153 0.0732281208038 -151.0 1
45 277 0.132676124573 -275.0 1
46 154 0.0734031200409 -152.0 1
47 120 0.0583081245422 -118.0 1
48 352 0.177233934402 -350.0 1
49 106 0.0528340339661 -104.0 1
0 1470 0.732845067978 -1468.0 1
1 1806 0.873160839081 -1804.0 1
2 1245 0.616378068924 -1243.0 1
3 895 0.43815279007 -893.0 1
4 385 0.181129932404 -383.0 1
5 355 0.173924922943 -353.0 1
6 231 0.112072944641 -229.0 1
7 380 0.190325975418 -378.0 1
8 480 0.25377202034 -478.0 1
9 854 0.447293043137 -852.0 1
10 1460 0.765264987946 -1458.0 1
11 270 0.138180971146 -268.0 1
12 422 0.223618030548 -420.0 1
13 360 0.187147140503 -358.0 1
14 681 0.353413105011 -679.0 1
15 530 0.273257017136 -528.0 1
16 320 0.168292045593 -318.0 1
17 382 0.203621864319 -380.0 1
18 487 0.254361152649 -485.0 1
19 622 0.328737974167 -620.0 1
20 221 0.114607095718 -219.0 1
21 523 0.275924921036 -521.0 1
22 548 0.288821935654 -546.0 1
23 268 0.1452460289 -266.0 1
24 235 0.125636100769 -233.0 1
25 458 0.240084886551 -456.0 1
26 313 0.165140867233 -311.0 1
27 399 0.210718154907 -397.0 1
28 249 0.129962921143 -247.0 1
29 234 0.122951984406 -232.0 1
30 153 0.0803370475769 -151.0 1
31 285 0.138631105423 -283.0 1
32 221 0.100172996521 -219.0 1
33 255 0.119158983231 -253.0 1
34 177 0.0780081748962 -175.0 1
35 978 0.50715303421 -976.0 1
36 208 0.102035045624 -206.0 1
37 416 0.199886083603 -414.0 1
38 146 0.070111989975 -144.0 1
39 176 0.0859289169312 -174.0 1
40 423 0.204449892044 -421.0 1
41 150 0.0701940059662 -148.0 1
42 556 0.275680065155 -554.0 1
43 147 0.0717492103577 -145.0 1
44 176 0.0849618911743 -174.0 1
45 223 0.111085891724 -221.0 1
46 196 0.100024938583 -194.0 1
47 245 0.112951040268 -243.0 1
48 164 0.0771870613098 -162.0 1
49 269 0.128283023834 -267.0 1
