trial, number of steps, runtime, accumulated reward, termination
0 5000 2.39624619484 -4999.0 0
1 5000 2.38239192963 -4999.0 0
2 5000 2.35812115669 -4999.0 0
3 5000 2.33433818817 -4999.0 0
4 5000 2.39677095413 -4999.0 0
5 5000 2.33225607872 -4999.0 0
6 5000 2.40869188309 -4999.0 0
7 5000 2.42548799515 -4999.0 0
8 5000 2.39739203453 -4999.0 0
9 5000 2.42315387726 -4999.0 0
10 5000 2.40308094025 -4999.0 0
11 5000 2.38123106956 -4999.0 0
12 5000 2.42683291435 -4999.0 0
13 5000 2.49285006523 -4999.0 0
14 5000 3.36195802689 -4999.0 0
15 5000 2.42563199997 -4999.0 0
16 5000 2.3727221489 -4999.0 0
17 5000 2.43788218498 -4999.0 0
18 5000 2.61676383018 -4999.0 0
19 5000 2.65170097351 -4999.0 0
20 5000 2.54206991196 -4999.0 0
21 5000 2.47007012367 -4999.0 0
22 5000 2.39814019203 -4999.0 0
23 5000 2.39475703239 -4999.0 0
24 5000 2.39639806747 -4999.0 0
25 5000 2.36311411858 -4999.0 0
26 5000 2.64635300636 -4999.0 0
27 5000 2.43434405327 -4999.0 0
28 5000 2.60320711136 -4999.0 0
29 5000 2.51674509048 -4999.0 0
30 5000 2.39295697212 -4999.0 0
31 5000 2.45445203781 -4999.0 0
32 5000 2.40462899208 -4999.0 0
33 5000 2.4006960392 -4999.0 0
34 5000 2.61082386971 -4999.0 0
35 5000 2.61647701263 -4999.0 0
36 5000 2.60899305344 -4999.0 0
37 5000 2.61115098 -4999.0 0
38 5000 2.60040903091 -4999.0 0
39 5000 2.61795902252 -4999.0 0
40 5000 2.44800281525 -4999.0 0
41 5000 2.49788689613 -4999.0 0
42 5000 2.49661779404 -4999.0 0
43 5000 2.39291501045 -4999.0 0
44 5000 2.46418595314 -4999.0 0
45 5000 2.61574697495 -4999.0 0
46 5000 2.63424110413 -4999.0 0
47 5000 2.75688195229 -4999.0 0
48 5000 2.77534198761 -4999.0 0
49 5000 2.74893522263 -4999.0 0
0 5000 2.75008702278 -4999.0 0
1 5000 2.74119496346 -4999.0 0
2 5000 2.7429049015 -4999.0 0
3 5000 2.50417995453 -4999.0 0
4 5000 2.40567684174 -4999.0 0
5 5000 2.69740581512 -4999.0 0
6 5000 2.7460091114 -4999.0 0
7 5000 2.76003909111 -4999.0 0
8 5000 2.76321220398 -4999.0 0
9 5000 2.79076290131 -4999.0 0
10 5000 2.76170516014 -4999.0 0
11 5000 2.75922703743 -4999.0 0
12 5000 2.77476286888 -4999.0 0
13 5000 2.46109604836 -4999.0 0
14 5000 2.73430991173 -4999.0 0
15 5000 2.52157497406 -4999.0 0
16 5000 2.44334697723 -4999.0 0
17 5000 2.42401099205 -4999.0 0
18 5000 2.53467702866 -4999.0 0
19 5000 2.74860906601 -4999.0 0
20 5000 2.73692917824 -4999.0 0
21 5000 2.73831009865 -4999.0 0
22 5000 2.40958690643 -4999.0 0
23 5000 2.42297005653 -4999.0 0
24 5000 2.43769097328 -4999.0 0
25 5000 2.85504388809 -4999.0 0
26 5000 2.38290405273 -4999.0 0
27 5000 2.39407300949 -4999.0 0
28 5000 2.40559887886 -4999.0 0
29 5000 2.40570402145 -4999.0 0
30 5000 2.412774086 -4999.0 0
31 5000 2.44881701469 -4999.0 0
32 5000 2.64107298851 -4999.0 0
33 5000 2.76512694359 -4999.0 0
34 5000 2.48580312729 -4999.0 0
35 5000 2.5015039444 -4999.0 0
36 5000 2.43831896782 -4999.0 0
37 5000 2.51424789429 -4999.0 0
38 5000 2.6216108799 -4999.0 0
39 5000 2.6381418705 -4999.0 0
40 5000 2.61056303978 -4999.0 0
41 5000 2.60523104668 -4999.0 0
42 5000 2.60456180573 -4999.0 0
43 5000 2.57817602158 -4999.0 0
44 5000 2.60982894897 -4999.0 0
45 5000 2.59673500061 -4999.0 0
46 5000 2.55949211121 -4999.0 0
47 5000 2.37493801117 -4999.0 0
48 5000 2.40183281898 -4999.0 0
49 5000 2.36655783653 -4999.0 0
0 5000 2.41200685501 -4999.0 0
1 5000 2.68178200722 -4999.0 0
2 5000 2.74283599854 -4999.0 0
3 5000 2.78760099411 -4999.0 0
4 5000 2.77784109116 -4999.0 0
5 5000 2.79193687439 -4999.0 0
6 5000 2.79609799385 -4999.0 0
7 5000 2.71006417274 -4999.0 0
8 5000 2.43095302582 -4999.0 0
9 5000 2.45849204063 -4999.0 0
10 5000 2.44718194008 -4999.0 0
11 5000 2.39536309242 -4999.0 0
12 5000 2.43523216248 -4999.0 0
13 5000 2.49589300156 -4999.0 0
14 5000 2.42471194267 -4999.0 0
15 5000 2.35386180878 -4999.0 0
16 5000 2.36130905151 -4999.0 0
17 5000 2.50977993011 -4999.0 0
18 5000 2.51584482193 -4999.0 0
19 5000 2.70616412163 -4999.0 0
20 5000 2.73262310028 -4999.0 0
21 5000 2.70717120171 -4999.0 0
22 5000 2.70619702339 -4999.0 0
23 5000 2.69630384445 -4999.0 0
24 5000 2.47749519348 -4999.0 0
25 5000 2.40242505074 -4999.0 0
26 5000 2.38648200035 -4999.0 0
27 5000 2.37358188629 -4999.0 0
28 5000 2.37366914749 -4999.0 0
29 5000 2.42597913742 -4999.0 0
30 5000 2.39188289642 -4999.0 0
31 5000 2.38403487206 -4999.0 0
32 5000 2.39671182632 -4999.0 0
33 5000 2.57868409157 -4999.0 0
34 5000 2.60852003098 -4999.0 0
35 5000 2.58044219017 -4999.0 0
36 5000 2.486784935 -4999.0 0
37 5000 2.59927010536 -4999.0 0
38 5000 2.57148599625 -4999.0 0
39 5000 2.57200193405 -4999.0 0
40 5000 2.38715195656 -4999.0 0
41 5000 2.37630605698 -4999.0 0
42 5000 2.35151600838 -4999.0 0
43 5000 2.35513091087 -4999.0 0
44 4878 2.32296800613 -4876.0 1
45 5000 2.4178249836 -4999.0 0
46 3764 1.72629189491 -3762.0 1
47 5000 2.54310393333 -4999.0 0
48 5000 2.58341312408 -4999.0 0
49 5000 2.61055493355 -4999.0 0
0 5000 2.59753680229 -4999.0 0
1 5000 2.56362700462 -4999.0 0
2 5000 2.4428229332 -4999.0 0
3 5000 2.43724799156 -4999.0 0
4 5000 2.3540699482 -4999.0 0
5 5000 2.36892580986 -4999.0 0
6 5000 2.35855793953 -4999.0 0
7 5000 2.45075798035 -4999.0 0
8 5000 2.37799906731 -4999.0 0
9 5000 2.38549399376 -4999.0 0
10 5000 2.38756203651 -4999.0 0
11 5000 2.40069818497 -4999.0 0
12 5000 2.32723689079 -4999.0 0
13 5000 2.35495400429 -4999.0 0
14 5000 2.39395308495 -4999.0 0
15 5000 2.39856100082 -4999.0 0
16 5000 2.42109513283 -4999.0 0
17 5000 2.34466409683 -4999.0 0
18 5000 2.39797902107 -4999.0 0
19 5000 2.41333699226 -4999.0 0
20 5000 2.61887288094 -4999.0 0
21 5000 2.38366603851 -4999.0 0
22 5000 2.39949297905 -4999.0 0
23 5000 2.38143610954 -4999.0 0
24 5000 2.38403391838 -4999.0 0
25 5000 2.37957501411 -4999.0 0
26 5000 2.36608695984 -4999.0 0
27 5000 2.57911896706 -4999.0 0
28 5000 2.61407804489 -4999.0 0
29 5000 2.58075284958 -4999.0 0
30 5000 2.55005097389 -4999.0 0
31 5000 2.55535411835 -4999.0 0
32 5000 2.55866217613 -4999.0 0
33 5000 2.62743115425 -4999.0 0
34 5000 2.70833611488 -4999.0 0
35 5000 2.70801186562 -4999.0 0
36 5000 2.4431810379 -4999.0 0
37 5000 2.37320184708 -4999.0 0
38 5000 2.37193417549 -4999.0 0
39 5000 2.38535499573 -4999.0 0
40 5000 2.34899401665 -4999.0 0
41 5000 2.35359883308 -4999.0 0
42 5000 2.36786413193 -4999.0 0
43 5000 2.3932261467 -4999.0 0
44 5000 2.42671704292 -4999.0 0
45 5000 2.43895196915 -4999.0 0
46 5000 2.42565894127 -4999.0 0
47 5000 2.68275904655 -4999.0 0
48 5000 2.5888979435 -4999.0 0
49 5000 2.41445493698 -4999.0 0
0 5000 2.39172792435 -4999.0 0
1 5000 2.50425601006 -4999.0 0
2 5000 2.37314891815 -4999.0 0
3 5000 2.36185097694 -4999.0 0
4 5000 2.37421011925 -4999.0 0
5 5000 2.44486093521 -4999.0 0
6 5000 2.37447404861 -4999.0 0
7 5000 2.89258003235 -4999.0 0
8 5000 2.71621918678 -4999.0 0
9 5000 2.54691505432 -4999.0 0
10 5000 2.46322393417 -4999.0 0
11 5000 2.38928294182 -4999.0 0
12 5000 2.38950300217 -4999.0 0
13 5000 2.38084220886 -4999.0 0
14 4686 2.20919704437 -4684.0 1
15 5000 2.39258790016 -4999.0 0
16 5000 2.41695809364 -4999.0 0
17 5000 2.4019100666 -4999.0 0
18 5000 2.40220689774 -4999.0 0
19 5000 2.396682024 -4999.0 0
20 5000 2.4274418354 -4999.0 0
21 5000 2.41901612282 -4999.0 0
22 5000 2.52857899666 -4999.0 0
23 5000 2.53472805023 -4999.0 0
24 5000 2.52445411682 -4999.0 0
25 5000 2.40701699257 -4999.0 0
26 5000 2.39252090454 -4999.0 0
27 5000 2.33778095245 -4999.0 0
28 5000 2.41988801956 -4999.0 0
29 5000 2.37830209732 -4999.0 0
30 5000 2.4133169651 -4999.0 0
31 5000 2.38838601112 -4999.0 0
32 5000 2.3581237793 -4999.0 0
33 5000 2.36529421806 -4999.0 0
34 5000 2.38778090477 -4999.0 0
35 5000 2.41054701805 -4999.0 0
36 5000 2.39086294174 -4999.0 0
37 5000 2.52232098579 -4999.0 0
38 5000 2.50615406036 -4999.0 0
39 5000 2.39097309113 -4999.0 0
40 5000 2.50808691978 -4999.0 0
41 5000 2.51661396027 -4999.0 0
42 5000 2.39425587654 -4999.0 0
43 5000 2.41550397873 -4999.0 0
44 5000 2.39358091354 -4999.0 0
45 5000 2.38707995415 -4999.0 0
46 5000 2.42172193527 -4999.0 0
47 5000 2.46422481537 -4999.0 0
48 5000 2.48338198662 -4999.0 0
49 5000 2.41061592102 -4999.0 0
0 5000 2.39105296135 -4999.0 0
1 5000 2.42118787766 -4999.0 0
2 5000 2.34926486015 -4999.0 0
3 5000 2.40249300003 -4999.0 0
4 5000 2.41268491745 -4999.0 0
5 5000 2.38015890121 -4999.0 0
6 5000 2.47799110413 -4999.0 0
7 5000 2.33777999878 -4999.0 0
8 5000 2.37551093102 -4999.0 0
9 5000 2.63735604286 -4999.0 0
10 5000 2.51605606079 -4999.0 0
11 5000 2.41810894012 -4999.0 0
12 5000 2.38451313972 -4999.0 0
13 5000 2.44531297684 -4999.0 0
14 5000 2.59799194336 -4999.0 0
15 5000 2.29453897476 -4999.0 0
16 5000 2.37027096748 -4999.0 0
17 5000 2.35749101639 -4999.0 0
18 5000 2.41529989243 -4999.0 0
19 5000 2.3535130024 -4999.0 0
20 5000 2.33133792877 -4999.0 0
21 5000 2.40430402756 -4999.0 0
22 5000 2.34759306908 -4999.0 0
23 5000 2.35737109184 -4999.0 0
24 5000 2.36306810379 -4999.0 0
25 5000 2.34191799164 -4999.0 0
26 5000 2.27356886864 -4999.0 0
27 5000 2.35437393188 -4999.0 0
28 5000 2.32704901695 -4999.0 0
29 5000 2.38299512863 -4999.0 0
30 5000 2.41637086868 -4999.0 0
31 5000 2.39722418785 -4999.0 0
32 5000 2.36034798622 -4999.0 0
33 5000 2.3936560154 -4999.0 0
34 5000 2.4515080452 -4999.0 0
35 5000 2.37885785103 -4999.0 0
36 5000 2.37164187431 -4999.0 0
37 5000 2.38577508926 -4999.0 0
38 5000 2.53631901741 -4999.0 0
39 5000 2.25865387917 -4999.0 0
40 5000 2.37723588943 -4999.0 0
41 5000 2.37080597878 -4999.0 0
42 5000 2.28834795952 -4999.0 0
43 5000 2.48925900459 -4999.0 0
44 5000 2.372590065 -4999.0 0
45 5000 2.40397191048 -4999.0 0
46 5000 2.37095999718 -4999.0 0
47 5000 2.35174798965 -4999.0 0
48 5000 2.37274193764 -4999.0 0
49 5000 2.56440711021 -4999.0 0
0 5000 2.59503483772 -4999.0 0
1 5000 2.59250807762 -4999.0 0
2 5000 2.56909918785 -4999.0 0
3 5000 2.35114002228 -4999.0 0
4 5000 2.68798398972 -4999.0 0
5 5000 2.74757289886 -4999.0 0
6 5000 2.68025684357 -4999.0 0
7 5000 2.22607707977 -4999.0 0
8 5000 1.84269189835 -4999.0 0
9 5000 1.80576896667 -4999.0 0
10 5000 1.79477620125 -4999.0 0
11 5000 1.83619809151 -4999.0 0
12 5000 1.87685012817 -4999.0 0
13 5000 1.83649301529 -4999.0 0
14 5000 1.76210999489 -4999.0 0
15 5000 1.79020214081 -4999.0 0
16 5000 1.8356051445 -4999.0 0
17 5000 1.83159708977 -4999.0 0
18 5000 2.08159089088 -4999.0 0
19 5000 2.18854403496 -4999.0 0
20 5000 2.41485190392 -4999.0 0
21 5000 2.41295385361 -4999.0 0
22 5000 2.4601380825 -4999.0 0
23 5000 2.13159203529 -4999.0 0
24 5000 2.36336112022 -4999.0 0
25 5000 2.44737792015 -4999.0 0
26 5000 2.44056415558 -4999.0 0
27 5000 2.43651080132 -4999.0 0
28 5000 2.37778496742 -4999.0 0
29 5000 2.41176700592 -4999.0 0
30 5000 2.41281795502 -4999.0 0
31 5000 2.35563111305 -4999.0 0
32 5000 2.36982297897 -4999.0 0
33 5000 2.37310481071 -4999.0 0
34 5000 2.34897184372 -4999.0 0
35 5000 2.38545417786 -4999.0 0
36 5000 2.28123092651 -4999.0 0
37 5000 2.40435099602 -4999.0 0
38 5000 2.46027302742 -4999.0 0
39 5000 2.58975696564 -4999.0 0
40 5000 2.59147500992 -4999.0 0
41 5000 2.42452597618 -4999.0 0
42 5000 2.41703987122 -4999.0 0
43 5000 2.42859101295 -4999.0 0
44 5000 2.6190700531 -4999.0 0
45 5000 2.34594297409 -4999.0 0
46 5000 2.13497114182 -4999.0 0
47 5000 2.34231305122 -4999.0 0
48 5000 2.32826495171 -4999.0 0
49 5000 2.36670303345 -4999.0 0
0 5000 2.39497995377 -4999.0 0
1 5000 2.35151600838 -4999.0 0
2 5000 1.88063716888 -4999.0 0
3 5000 1.67769598961 -4999.0 0
4 5000 1.70260691643 -4999.0 0
5 5000 1.68925309181 -4999.0 0
6 5000 1.69464206696 -4999.0 0
7 5000 1.72804403305 -4999.0 0
8 5000 1.68931102753 -4999.0 0
9 5000 1.63199615479 -4999.0 0
10 5000 1.70010900497 -4999.0 0
11 5000 1.78201889992 -4999.0 0
12 5000 1.81705498695 -4999.0 0
13 5000 1.86304116249 -4999.0 0
14 5000 1.74641990662 -4999.0 0
15 5000 1.70736598969 -4999.0 0
16 5000 1.71198821068 -4999.0 0
17 5000 1.78705906868 -4999.0 0
18 5000 1.69168996811 -4999.0 0
19 5000 1.77558422089 -4999.0 0
20 5000 1.71825695038 -4999.0 0
21 5000 1.7030479908 -4999.0 0
22 5000 1.68814897537 -4999.0 0
23 5000 1.68317699432 -4999.0 0
24 5000 2.38014698029 -4999.0 0
25 5000 2.6561729908 -4999.0 0
26 5000 2.61874294281 -4999.0 0
27 5000 1.78028202057 -4999.0 0
28 5000 1.64999103546 -4999.0 0
29 5000 1.71933293343 -4999.0 0
30 5000 1.71077084541 -4999.0 0
31 5000 1.69542193413 -4999.0 0
32 5000 1.66658687592 -4999.0 0
33 5000 1.70469498634 -4999.0 0
34 5000 1.712870121 -4999.0 0
35 5000 1.69596505165 -4999.0 0
36 5000 1.68716001511 -4999.0 0
37 5000 1.73881196976 -4999.0 0
38 5000 1.92365193367 -4999.0 0
39 5000 1.67883706093 -4999.0 0
40 5000 1.72963404655 -4999.0 0
41 5000 1.69565796852 -4999.0 0
42 5000 1.74033498764 -4999.0 0
43 5000 1.63978505135 -4999.0 0
44 5000 2.4519879818 -4999.0 0
45 5000 1.63521695137 -4999.0 0
46 5000 1.71499490738 -4999.0 0
47 5000 1.76612186432 -4999.0 0
48 5000 1.77973484993 -4999.0 0
49 5000 1.91128587723 -4999.0 0
0 5000 1.72501587868 -4999.0 0
1 5000 1.94048404694 -4999.0 0
2 5000 2.17536616325 -4999.0 0
3 5000 1.72908902168 -4999.0 0
4 5000 1.72175693512 -4999.0 0
5 5000 1.73130583763 -4999.0 0
6 5000 1.67756414413 -4999.0 0
7 5000 1.66910886765 -4999.0 0
8 5000 1.68945598602 -4999.0 0
9 5000 1.76427507401 -4999.0 0
10 5000 2.30841016769 -4999.0 0
11 5000 1.68900799751 -4999.0 0
12 5000 1.6168961525 -4999.0 0
13 5000 1.67201805115 -4999.0 0
14 5000 1.70178794861 -4999.0 0
15 5000 1.72268199921 -4999.0 0
16 5000 1.77756595612 -4999.0 0
17 5000 1.820925951 -4999.0 0
18 5000 1.82034897804 -4999.0 0
19 5000 1.93378019333 -4999.0 0
20 5000 1.75087285042 -4999.0 0
21 5000 2.21243906021 -4999.0 0
22 5000 2.37653207779 -4999.0 0
23 5000 2.35536599159 -4999.0 0
24 5000 2.40368509293 -4999.0 0
25 5000 2.36692810059 -4999.0 0
26 5000 2.4064180851 -4999.0 0
27 5000 2.48910999298 -4999.0 0
28 5000 2.45446896553 -4999.0 0
29 5000 2.35000300407 -4999.0 0
30 5000 2.38293504715 -4999.0 0
31 5000 2.37839508057 -4999.0 0
32 5000 2.40334105492 -4999.0 0
33 5000 2.39819312096 -4999.0 0
34 5000 2.30662989616 -4999.0 0
35 5000 2.30885004997 -4999.0 0
36 5000 2.43555378914 -4999.0 0
37 5000 2.59510016441 -4999.0 0
38 5000 2.28749394417 -4999.0 0
39 5000 2.3198120594 -4999.0 0
40 5000 2.29728412628 -4999.0 0
41 5000 2.39128494263 -4999.0 0
42 5000 2.42729306221 -4999.0 0
43 5000 2.39349913597 -4999.0 0
44 5000 2.41995716095 -4999.0 0
45 5000 2.43727612495 -4999.0 0
46 5000 2.31982302666 -4999.0 0
47 5000 2.27656602859 -4999.0 0
48 5000 2.2797729969 -4999.0 0
49 5000 2.41703414917 -4999.0 0
0 5000 2.30693387985 -4999.0 0
1 5000 2.3038289547 -4999.0 0
2 5000 2.37090802193 -4999.0 0
3 5000 2.3566198349 -4999.0 0
4 5000 2.39479398727 -4999.0 0
5 5000 2.35357880592 -4999.0 0
6 5000 2.23464584351 -4999.0 0
7 5000 2.60116386414 -4999.0 0
8 5000 2.24520397186 -4999.0 0
9 5000 2.28966021538 -4999.0 0
10 5000 2.43787193298 -4999.0 0
11 5000 2.3124871254 -4999.0 0
12 5000 2.25072789192 -4999.0 0
13 5000 2.39702296257 -4999.0 0
14 5000 2.32147812843 -4999.0 0
15 5000 2.33649301529 -4999.0 0
16 5000 2.41532206535 -4999.0 0
17 5000 2.47749209404 -4999.0 0
18 5000 2.41830897331 -4999.0 0
19 5000 2.57906889915 -4999.0 0
20 5000 2.41034007072 -4999.0 0
21 5000 2.44154882431 -4999.0 0
22 5000 2.58130002022 -4999.0 0
23 5000 2.61370205879 -4999.0 0
24 5000 2.46876597404 -4999.0 0
25 5000 2.41412186623 -4999.0 0
26 5000 2.4426112175 -4999.0 0
27 5000 2.47471213341 -4999.0 0
28 5000 2.41754889488 -4999.0 0
29 5000 2.4120850563 -4999.0 0
30 5000 2.45366597176 -4999.0 0
31 5000 2.40502500534 -4999.0 0
32 5000 2.4080080986 -4999.0 0
33 5000 2.42915606499 -4999.0 0
34 5000 2.42674398422 -4999.0 0
35 5000 2.55109095573 -4999.0 0
36 5000 2.39184904099 -4999.0 0
37 5000 2.41135191917 -4999.0 0
38 5000 2.42915701866 -4999.0 0
39 5000 2.37448787689 -4999.0 0
40 5000 2.5205950737 -4999.0 0
41 5000 2.59479498863 -4999.0 0
42 5000 2.58084702492 -4999.0 0
43 5000 2.57107901573 -4999.0 0
44 5000 2.59614300728 -4999.0 0
45 5000 2.57833909988 -4999.0 0
46 5000 2.54771780968 -4999.0 0
47 5000 2.44841098785 -4999.0 0
48 5000 2.40213704109 -4999.0 0
49 5000 2.39361596107 -4999.0 0
