trial, number of steps, runtime, accumulated reward, termination
0 5000 2.5376329422 -4999.0 0
1 -1 0.0 0.0 0
2 -1 0.0 0.0 0
3 -1 0.0 0.0 0
4 -1 0.0 0.0 0
5 -1 0.0 0.0 0
6 -1 0.0 0.0 0
7 -1 0.0 0.0 0
8 -1 0.0 0.0 0
9 -1 0.0 0.0 0
10 -1 0.0 0.0 0
11 -1 0.0 0.0 0
12 -1 0.0 0.0 0
13 -1 0.0 0.0 0
14 -1 0.0 0.0 0
15 -1 0.0 0.0 0
16 -1 0.0 0.0 0
17 -1 0.0 0.0 0
18 -1 0.0 0.0 0
19 -1 0.0 0.0 0
20 -1 0.0 0.0 0
21 -1 0.0 0.0 0
22 -1 0.0 0.0 0
23 -1 0.0 0.0 0
24 -1 0.0 0.0 0
25 -1 0.0 0.0 0
26 -1 0.0 0.0 0
27 -1 0.0 0.0 0
28 -1 0.0 0.0 0
29 -1 0.0 0.0 0
30 -1 0.0 0.0 0
31 -1 0.0 0.0 0
32 -1 0.0 0.0 0
33 -1 0.0 0.0 0
34 -1 0.0 0.0 0
35 -1 0.0 0.0 0
36 -1 0.0 0.0 0
37 -1 0.0 0.0 0
38 -1 0.0 0.0 0
39 -1 0.0 0.0 0
40 -1 0.0 0.0 0
41 -1 0.0 0.0 0
42 -1 0.0 0.0 0
43 -1 0.0 0.0 0
44 -1 0.0 0.0 0
45 -1 0.0 0.0 0
46 -1 0.0 0.0 0
47 -1 0.0 0.0 0
48 -1 0.0 0.0 0
49 -1 0.0 0.0 0
0 3135 1.67765808105 -3133.0 1
1 -1 0.0 0.0 0
2 -1 0.0 0.0 0
3 -1 0.0 0.0 0
4 -1 0.0 0.0 0
5 -1 0.0 0.0 0
6 -1 0.0 0.0 0
7 -1 0.0 0.0 0
8 -1 0.0 0.0 0
9 -1 0.0 0.0 0
10 -1 0.0 0.0 0
11 -1 0.0 0.0 0
12 -1 0.0 0.0 0
13 -1 0.0 0.0 0
14 -1 0.0 0.0 0
15 -1 0.0 0.0 0
16 -1 0.0 0.0 0
17 -1 0.0 0.0 0
18 -1 0.0 0.0 0
19 -1 0.0 0.0 0
20 -1 0.0 0.0 0
21 -1 0.0 0.0 0
22 -1 0.0 0.0 0
23 -1 0.0 0.0 0
24 -1 0.0 0.0 0
25 -1 0.0 0.0 0
26 -1 0.0 0.0 0
27 -1 0.0 0.0 0
28 -1 0.0 0.0 0
29 -1 0.0 0.0 0
30 -1 0.0 0.0 0
31 -1 0.0 0.0 0
32 -1 0.0 0.0 0
33 -1 0.0 0.0 0
34 -1 0.0 0.0 0
35 -1 0.0 0.0 0
36 -1 0.0 0.0 0
37 -1 0.0 0.0 0
38 -1 0.0 0.0 0
39 -1 0.0 0.0 0
40 -1 0.0 0.0 0
41 -1 0.0 0.0 0
42 -1 0.0 0.0 0
43 -1 0.0 0.0 0
44 -1 0.0 0.0 0
45 -1 0.0 0.0 0
46 -1 0.0 0.0 0
47 -1 0.0 0.0 0
48 -1 0.0 0.0 0
49 -1 0.0 0.0 0
0 5000 3.07324004173 -4999.0 0
1 -1 0.0 0.0 0
2 -1 0.0 0.0 0
3 -1 0.0 0.0 0
4 -1 0.0 0.0 0
5 -1 0.0 0.0 0
6 -1 0.0 0.0 0
7 -1 0.0 0.0 0
8 -1 0.0 0.0 0
9 -1 0.0 0.0 0
10 -1 0.0 0.0 0
11 -1 0.0 0.0 0
12 -1 0.0 0.0 0
13 -1 0.0 0.0 0
14 -1 0.0 0.0 0
15 -1 0.0 0.0 0
16 -1 0.0 0.0 0
17 -1 0.0 0.0 0
18 -1 0.0 0.0 0
19 -1 0.0 0.0 0
20 -1 0.0 0.0 0
21 -1 0.0 0.0 0
22 -1 0.0 0.0 0
23 -1 0.0 0.0 0
24 -1 0.0 0.0 0
25 -1 0.0 0.0 0
26 -1 0.0 0.0 0
27 -1 0.0 0.0 0
28 -1 0.0 0.0 0
29 -1 0.0 0.0 0
30 -1 0.0 0.0 0
31 -1 0.0 0.0 0
32 -1 0.0 0.0 0
33 -1 0.0 0.0 0
34 -1 0.0 0.0 0
35 -1 0.0 0.0 0
36 -1 0.0 0.0 0
37 -1 0.0 0.0 0
38 -1 0.0 0.0 0
39 -1 0.0 0.0 0
40 -1 0.0 0.0 0
41 -1 0.0 0.0 0
42 -1 0.0 0.0 0
43 -1 0.0 0.0 0
44 -1 0.0 0.0 0
45 -1 0.0 0.0 0
46 -1 0.0 0.0 0
47 -1 0.0 0.0 0
48 -1 0.0 0.0 0
49 -1 0.0 0.0 0
0 5000 2.95898199081 -4999.0 0
1 -1 0.0 0.0 0
2 -1 0.0 0.0 0
3 -1 0.0 0.0 0
4 -1 0.0 0.0 0
5 -1 0.0 0.0 0
6 -1 0.0 0.0 0
7 -1 0.0 0.0 0
8 -1 0.0 0.0 0
9 -1 0.0 0.0 0
10 -1 0.0 0.0 0
11 -1 0.0 0.0 0
12 -1 0.0 0.0 0
13 -1 0.0 0.0 0
14 -1 0.0 0.0 0
15 -1 0.0 0.0 0
16 -1 0.0 0.0 0
17 -1 0.0 0.0 0
18 -1 0.0 0.0 0
19 -1 0.0 0.0 0
20 -1 0.0 0.0 0
21 -1 0.0 0.0 0
22 -1 0.0 0.0 0
23 -1 0.0 0.0 0
24 -1 0.0 0.0 0
25 -1 0.0 0.0 0
26 -1 0.0 0.0 0
27 -1 0.0 0.0 0
28 -1 0.0 0.0 0
29 -1 0.0 0.0 0
30 -1 0.0 0.0 0
31 -1 0.0 0.0 0
32 -1 0.0 0.0 0
33 -1 0.0 0.0 0
34 -1 0.0 0.0 0
35 -1 0.0 0.0 0
36 -1 0.0 0.0 0
37 -1 0.0 0.0 0
38 -1 0.0 0.0 0
39 -1 0.0 0.0 0
40 -1 0.0 0.0 0
41 -1 0.0 0.0 0
42 -1 0.0 0.0 0
43 -1 0.0 0.0 0
44 -1 0.0 0.0 0
45 -1 0.0 0.0 0
46 -1 0.0 0.0 0
47 -1 0.0 0.0 0
48 -1 0.0 0.0 0
49 -1 0.0 0.0 0
0 4515 2.68741703033 -4513.0 1
1 -1 0.0 0.0 0
2 -1 0.0 0.0 0
3 -1 0.0 0.0 0
4 -1 0.0 0.0 0
5 -1 0.0 0.0 0
6 -1 0.0 0.0 0
7 -1 0.0 0.0 0
8 -1 0.0 0.0 0
9 -1 0.0 0.0 0
10 -1 0.0 0.0 0
11 -1 0.0 0.0 0
12 -1 0.0 0.0 0
13 -1 0.0 0.0 0
14 -1 0.0 0.0 0
15 -1 0.0 0.0 0
16 -1 0.0 0.0 0
17 -1 0.0 0.0 0
18 -1 0.0 0.0 0
19 -1 0.0 0.0 0
20 -1 0.0 0.0 0
21 -1 0.0 0.0 0
22 -1 0.0 0.0 0
23 -1 0.0 0.0 0
24 -1 0.0 0.0 0
25 -1 0.0 0.0 0
26 -1 0.0 0.0 0
27 -1 0.0 0.0 0
28 -1 0.0 0.0 0
29 -1 0.0 0.0 0
30 -1 0.0 0.0 0
31 -1 0.0 0.0 0
32 -1 0.0 0.0 0
33 -1 0.0 0.0 0
34 -1 0.0 0.0 0
35 -1 0.0 0.0 0
36 -1 0.0 0.0 0
37 -1 0.0 0.0 0
38 -1 0.0 0.0 0
39 -1 0.0 0.0 0
40 -1 0.0 0.0 0
41 -1 0.0 0.0 0
42 -1 0.0 0.0 0
43 -1 0.0 0.0 0
44 -1 0.0 0.0 0
45 -1 0.0 0.0 0
46 -1 0.0 0.0 0
47 -1 0.0 0.0 0
48 -1 0.0 0.0 0
49 -1 0.0 0.0 0
0 3907 2.32786297798 -3905.0 1
1 -1 0.0 0.0 0
2 -1 0.0 0.0 0
3 -1 0.0 0.0 0
4 -1 0.0 0.0 0
5 -1 0.0 0.0 0
6 -1 0.0 0.0 0
7 -1 0.0 0.0 0
8 -1 0.0 0.0 0
9 -1 0.0 0.0 0
10 -1 0.0 0.0 0
11 -1 0.0 0.0 0
12 -1 0.0 0.0 0
13 -1 0.0 0.0 0
14 -1 0.0 0.0 0
15 -1 0.0 0.0 0
16 -1 0.0 0.0 0
17 -1 0.0 0.0 0
18 -1 0.0 0.0 0
19 -1 0.0 0.0 0
20 -1 0.0 0.0 0
21 -1 0.0 0.0 0
22 -1 0.0 0.0 0
23 -1 0.0 0.0 0
24 -1 0.0 0.0 0
25 -1 0.0 0.0 0
26 -1 0.0 0.0 0
27 -1 0.0 0.0 0
28 -1 0.0 0.0 0
29 -1 0.0 0.0 0
30 -1 0.0 0.0 0
31 -1 0.0 0.0 0
32 -1 0.0 0.0 0
33 -1 0.0 0.0 0
34 -1 0.0 0.0 0
35 -1 0.0 0.0 0
36 -1 0.0 0.0 0
37 -1 0.0 0.0 0
38 -1 0.0 0.0 0
39 -1 0.0 0.0 0
40 -1 0.0 0.0 0
41 -1 0.0 0.0 0
42 -1 0.0 0.0 0
43 -1 0.0 0.0 0
44 -1 0.0 0.0 0
45 -1 0.0 0.0 0
46 -1 0.0 0.0 0
47 -1 0.0 0.0 0
48 -1 0.0 0.0 0
49 -1 0.0 0.0 0
0 3396 2.06066298485 -3394.0 1
1 -1 0.0 0.0 0
2 -1 0.0 0.0 0
3 -1 0.0 0.0 0
4 -1 0.0 0.0 0
5 -1 0.0 0.0 0
6 -1 0.0 0.0 0
7 -1 0.0 0.0 0
8 -1 0.0 0.0 0
9 -1 0.0 0.0 0
10 -1 0.0 0.0 0
11 -1 0.0 0.0 0
12 -1 0.0 0.0 0
13 -1 0.0 0.0 0
14 -1 0.0 0.0 0
15 -1 0.0 0.0 0
16 -1 0.0 0.0 0
17 -1 0.0 0.0 0
18 -1 0.0 0.0 0
19 -1 0.0 0.0 0
20 -1 0.0 0.0 0
21 -1 0.0 0.0 0
22 -1 0.0 0.0 0
23 -1 0.0 0.0 0
24 -1 0.0 0.0 0
25 -1 0.0 0.0 0
26 -1 0.0 0.0 0
27 -1 0.0 0.0 0
28 -1 0.0 0.0 0
29 -1 0.0 0.0 0
30 -1 0.0 0.0 0
31 -1 0.0 0.0 0
32 -1 0.0 0.0 0
33 -1 0.0 0.0 0
34 -1 0.0 0.0 0
35 -1 0.0 0.0 0
36 -1 0.0 0.0 0
37 -1 0.0 0.0 0
38 -1 0.0 0.0 0
39 -1 0.0 0.0 0
40 -1 0.0 0.0 0
41 -1 0.0 0.0 0
42 -1 0.0 0.0 0
43 -1 0.0 0.0 0
44 -1 0.0 0.0 0
45 -1 0.0 0.0 0
46 -1 0.0 0.0 0
47 -1 0.0 0.0 0
48 -1 0.0 0.0 0
49 -1 0.0 0.0 0
0 4963 3.02758598328 -4961.0 1
1 -1 0.0 0.0 0
2 -1 0.0 0.0 0
3 -1 0.0 0.0 0
4 -1 0.0 0.0 0
5 -1 0.0 0.0 0
6 -1 0.0 0.0 0
7 -1 0.0 0.0 0
8 -1 0.0 0.0 0
9 -1 0.0 0.0 0
10 -1 0.0 0.0 0
11 -1 0.0 0.0 0
12 -1 0.0 0.0 0
13 -1 0.0 0.0 0
14 -1 0.0 0.0 0
15 -1 0.0 0.0 0
16 -1 0.0 0.0 0
17 -1 0.0 0.0 0
18 -1 0.0 0.0 0
19 -1 0.0 0.0 0
20 -1 0.0 0.0 0
21 -1 0.0 0.0 0
22 -1 0.0 0.0 0
23 -1 0.0 0.0 0
24 -1 0.0 0.0 0
25 -1 0.0 0.0 0
26 -1 0.0 0.0 0
27 -1 0.0 0.0 0
28 -1 0.0 0.0 0
29 -1 0.0 0.0 0
30 -1 0.0 0.0 0
31 -1 0.0 0.0 0
32 -1 0.0 0.0 0
33 -1 0.0 0.0 0
34 -1 0.0 0.0 0
35 -1 0.0 0.0 0
36 -1 0.0 0.0 0
37 -1 0.0 0.0 0
38 -1 0.0 0.0 0
39 -1 0.0 0.0 0
40 -1 0.0 0.0 0
41 -1 0.0 0.0 0
42 -1 0.0 0.0 0
43 -1 0.0 0.0 0
44 -1 0.0 0.0 0
45 -1 0.0 0.0 0
46 -1 0.0 0.0 0
47 -1 0.0 0.0 0
48 -1 0.0 0.0 0
49 -1 0.0 0.0 0
0 5000 3.06904196739 -4999.0 0
1 -1 0.0 0.0 0
2 -1 0.0 0.0 0
3 -1 0.0 0.0 0
4 -1 0.0 0.0 0
5 -1 0.0 0.0 0
6 -1 0.0 0.0 0
7 -1 0.0 0.0 0
8 -1 0.0 0.0 0
9 -1 0.0 0.0 0
10 -1 0.0 0.0 0
11 -1 0.0 0.0 0
12 -1 0.0 0.0 0
13 -1 0.0 0.0 0
14 -1 0.0 0.0 0
15 -1 0.0 0.0 0
16 -1 0.0 0.0 0
17 -1 0.0 0.0 0
18 -1 0.0 0.0 0
19 -1 0.0 0.0 0
20 -1 0.0 0.0 0
21 -1 0.0 0.0 0
22 -1 0.0 0.0 0
23 -1 0.0 0.0 0
24 -1 0.0 0.0 0
25 -1 0.0 0.0 0
26 -1 0.0 0.0 0
27 -1 0.0 0.0 0
28 -1 0.0 0.0 0
29 -1 0.0 0.0 0
30 -1 0.0 0.0 0
31 -1 0.0 0.0 0
32 -1 0.0 0.0 0
33 -1 0.0 0.0 0
34 -1 0.0 0.0 0
35 -1 0.0 0.0 0
36 -1 0.0 0.0 0
37 -1 0.0 0.0 0
38 -1 0.0 0.0 0
39 -1 0.0 0.0 0
40 -1 0.0 0.0 0
41 -1 0.0 0.0 0
42 -1 0.0 0.0 0
43 -1 0.0 0.0 0
44 -1 0.0 0.0 0
45 -1 0.0 0.0 0
46 -1 0.0 0.0 0
47 -1 0.0 0.0 0
48 -1 0.0 0.0 0
49 -1 0.0 0.0 0
0 5000 3.06950211525 -4999.0 0
1 -1 0.0 0.0 0
2 -1 0.0 0.0 0
3 -1 0.0 0.0 0
4 -1 0.0 0.0 0
5 -1 0.0 0.0 0
6 -1 0.0 0.0 0
7 -1 0.0 0.0 0
8 -1 0.0 0.0 0
9 -1 0.0 0.0 0
10 -1 0.0 0.0 0
11 -1 0.0 0.0 0
12 -1 0.0 0.0 0
13 -1 0.0 0.0 0
14 -1 0.0 0.0 0
15 -1 0.0 0.0 0
16 -1 0.0 0.0 0
17 -1 0.0 0.0 0
18 -1 0.0 0.0 0
19 -1 0.0 0.0 0
20 -1 0.0 0.0 0
21 -1 0.0 0.0 0
22 -1 0.0 0.0 0
23 -1 0.0 0.0 0
24 -1 0.0 0.0 0
25 -1 0.0 0.0 0
26 -1 0.0 0.0 0
27 -1 0.0 0.0 0
28 -1 0.0 0.0 0
29 -1 0.0 0.0 0
30 -1 0.0 0.0 0
31 -1 0.0 0.0 0
32 -1 0.0 0.0 0
33 -1 0.0 0.0 0
34 -1 0.0 0.0 0
35 -1 0.0 0.0 0
36 -1 0.0 0.0 0
37 -1 0.0 0.0 0
38 -1 0.0 0.0 0
39 -1 0.0 0.0 0
40 -1 0.0 0.0 0
41 -1 0.0 0.0 0
42 -1 0.0 0.0 0
43 -1 0.0 0.0 0
44 -1 0.0 0.0 0
45 -1 0.0 0.0 0
46 -1 0.0 0.0 0
47 -1 0.0 0.0 0
48 -1 0.0 0.0 0
49 -1 0.0 0.0 0
