trial, number of steps, runtime, accumulated reward, termination
0 72 0.0394690036774 69.0 1
1 33 0.0137639045715 30.0 1
2 46 0.0187549591064 43.0 1
3 71 0.0283210277557 68.0 1
4 94 0.0509438514709 91.0 1
5 518 0.230666160583 515.0 1
6 5000 2.2472140789 4999.0 0
7 5000 2.0692448616 4999.0 0
8 5000 2.09923386574 4999.0 0
9 5000 1.89365506172 4999.0 0
10 32 0.00931787490845 29.0 1
11 11 0.00478005409241 8.0 1
12 10 0.00412392616272 7.0 1
13 5000 2.00618290901 4999.0 0
14 5000 2.00049614906 4999.0 0
15 4498 1.90051102638 4495.0 1
16 5000 2.12675905228 4999.0 0
17 5000 2.73333311081 4999.0 0
18 5000 2.7215359211 4999.0 0
19 5000 2.67859387398 4999.0 0
20 5000 2.37290883064 4999.0 0
21 40 0.018828868866 37.0 1
22 9 0.00382804870605 6.0 1
23 11 0.00482416152954 8.0 1
24 10 0.00441288948059 7.0 1
25 5000 2.33656716347 4999.0 0
26 5000 2.32113289833 4999.0 0
27 5000 2.10219287872 4999.0 0
28 5000 2.08509993553 4999.0 0
29 5000 2.18750619888 4999.0 0
30 5000 2.38146901131 4999.0 0
31 19 0.00852489471436 16.0 1
32 51 0.0235438346863 48.0 1
33 14 0.00619697570801 11.0 1
34 9 0.00380897521973 6.0 1
35 5000 2.33907413483 4999.0 0
36 5000 2.33528208733 4999.0 0
37 5000 2.37686991692 4999.0 0
38 60 0.0277080535889 57.0 1
39 5000 2.10397410393 4999.0 0
40 5000 2.06141400337 4999.0 0
41 5000 2.03903794289 4999.0 0
42 5000 2.3596739769 4999.0 0
43 5000 2.09224700928 4999.0 0
44 5000 2.33098220825 4999.0 0
45 5000 2.55191206932 4999.0 0
46 5000 2.28701496124 4999.0 0
47 5000 2.80389785767 4999.0 0
48 5000 2.42899417877 4999.0 0
49 5000 2.28529000282 4999.0 0
0 94 0.0419218540192 91.0 1
1 77 0.0330889225006 74.0 1
2 15 0.00692701339722 12.0 1
3 12 0.00505495071411 9.0 1
4 140 0.0651118755341 137.0 1
5 96 0.0443420410156 93.0 1
6 270 0.121627092361 267.0 1
7 213 0.117146968842 210.0 1
8 5000 2.31822299957 4999.0 0
9 13 0.00574588775635 10.0 1
10 11 0.00457191467285 8.0 1
11 5000 2.17540407181 4999.0 0
12 5000 2.34162211418 4999.0 0
13 5000 2.46077799797 4999.0 0
14 5000 2.52335095406 4999.0 0
15 5000 2.45805907249 4999.0 0
16 5000 2.29421806335 4999.0 0
17 232 0.114874124527 229.0 1
18 5000 2.24592614174 4999.0 0
19 5000 2.57769799232 4999.0 0
20 55 0.017865896225 52.0 1
21 16 0.00426602363586 13.0 1
22 11 0.00287890434265 8.0 1
23 5000 2.44851779938 4999.0 0
24 5000 2.46306395531 4999.0 0
25 5000 2.24929213524 4999.0 0
26 5000 2.33210802078 4999.0 0
27 5000 2.30604887009 4999.0 0
28 5000 2.10162210464 4999.0 0
29 5000 2.37933897972 4999.0 0
30 40 0.0182869434357 37.0 1
31 31 0.0141348838806 28.0 1
32 54 0.0269410610199 51.0 1
33 251 0.116376876831 248.0 1
34 1487 0.698012113571 1484.0 1
35 5000 2.1440911293 4999.0 0
36 5000 2.46584796906 4999.0 0
37 5000 2.37980604172 4999.0 0
38 5000 2.16140699387 4999.0 0
39 5000 2.25978088379 4999.0 0
40 5000 2.32262706757 4999.0 0
41 5000 2.34042882919 4999.0 0
42 5000 2.33468103409 4999.0 0
43 5000 2.31771016121 4999.0 0
44 5000 2.4057431221 4999.0 0
45 5000 2.51634979248 4999.0 0
46 5000 2.55132102966 4999.0 0
47 5000 2.23566794395 4999.0 0
48 5000 2.27419400215 4999.0 0
49 5000 2.38371801376 4999.0 0
0 99 0.0429649353027 96.0 1
1 49 0.0141749382019 46.0 1
2 74 0.033488035202 71.0 1
3 55 0.019672870636 52.0 1
4 13 0.00454711914062 10.0 1
5 1806 0.786662101746 1803.0 1
6 10 0.0037829875946 7.0 1
7 38 0.0225138664246 35.0 1
8 20 0.00803089141846 17.0 1
9 8 0.00289797782898 5.0 1
10 2194 1.02237796783 2191.0 1
11 5000 2.4077911377 4999.0 0
12 5000 2.09864187241 4999.0 0
13 13 0.00518393516541 10.0 1
14 5000 2.4371650219 4999.0 0
15 5000 2.48896002769 4999.0 0
16 5000 2.39658594131 4999.0 0
17 5000 2.38339304924 4999.0 0
18 16 0.00759792327881 13.0 1
19 88 0.0436220169067 85.0 1
20 11 0.00505709648132 8.0 1
21 2470 1.23648691177 2467.0 1
22 35 0.0171670913696 32.0 1
23 5000 2.32497215271 4999.0 0
24 21 0.00825309753418 18.0 1
25 5000 2.2964091301 4999.0 0
26 5000 2.23554897308 4999.0 0
27 47 0.0215430259705 44.0 1
28 34 0.015300989151 31.0 1
29 5000 2.56521511078 4999.0 0
30 5000 2.26460695267 4999.0 0
31 5000 2.1353290081 4999.0 0
32 5000 2.3579018116 4999.0 0
33 5000 2.44617199898 4999.0 0
34 5000 2.27778911591 4999.0 0
35 5000 2.40892410278 4999.0 0
36 5000 2.48070311546 4999.0 0
37 5000 2.3029460907 4999.0 0
38 5000 2.43814492226 4999.0 0
39 5000 2.31969094276 4999.0 0
40 5000 2.45828199387 4999.0 0
41 5000 2.21694779396 4999.0 0
42 5000 2.36694693565 4999.0 0
43 5000 2.47916889191 4999.0 0
44 5000 2.62368583679 4999.0 0
45 5000 2.36319804192 4999.0 0
46 5000 2.30448198318 4999.0 0
47 5000 2.01044988632 4999.0 0
48 5000 2.26110386848 4999.0 0
49 5000 2.21277093887 4999.0 0
0 105 0.0436298847198 102.0 1
1 64 0.0259609222412 61.0 1
2 306 0.126222848892 303.0 1
3 133 0.0549068450928 130.0 1
4 5000 2.21293902397 4999.0 0
5 14 0.0057270526886 11.0 1
6 5000 2.38938903809 4999.0 0
7 5000 2.60994887352 4999.0 0
8 14 0.00743889808655 11.0 1
9 26 0.0129759311676 23.0 1
10 11 0.00424790382385 8.0 1
11 5000 2.17315793037 4999.0 0
12 5000 2.06936502457 4999.0 0
13 5000 2.11100792885 4999.0 0
14 5000 2.45457696915 4999.0 0
15 5000 2.51028203964 4999.0 0
16 5000 2.46432518959 4999.0 0
17 5000 2.41588687897 4999.0 0
18 5000 2.11487698555 4999.0 0
19 5000 2.11210012436 4999.0 0
20 5000 2.23992919922 4999.0 0
21 5000 2.15681695938 4999.0 0
22 5000 2.11517906189 4999.0 0
23 5000 2.28731703758 4999.0 0
24 5000 2.31056809425 4999.0 0
25 5000 2.54320597649 4999.0 0
26 5000 2.20491290092 4999.0 0
27 5000 2.41057085991 4999.0 0
28 5000 2.30084395409 4999.0 0
29 5000 2.40750908852 4999.0 0
30 5000 2.36418509483 4999.0 0
31 5000 2.27882909775 4999.0 0
32 5000 2.28023910522 4999.0 0
33 5000 2.40498518944 4999.0 0
34 5000 2.31926393509 4999.0 0
35 5000 2.28043198586 4999.0 0
36 5000 2.40950798988 4999.0 0
37 5000 2.50882506371 4999.0 0
38 5000 2.3914539814 4999.0 0
39 5000 2.56429004669 4999.0 0
40 5000 2.43640398979 4999.0 0
41 5000 2.43736100197 4999.0 0
42 5000 2.53444194794 4999.0 0
43 5000 2.49296212196 4999.0 0
44 5000 2.38793206215 4999.0 0
45 5000 2.3168990612 4999.0 0
46 5000 2.25616598129 4999.0 0
47 5000 2.21722507477 4999.0 0
48 5000 2.62454319 4999.0 0
49 5000 2.88144898415 4999.0 0
0 124 0.058876991272 121.0 1
1 13 0.00571584701538 10.0 1
2 54 0.0254089832306 51.0 1
3 13 0.00580716133118 10.0 1
4 11 0.0048930644989 8.0 1
5 137 0.0650098323822 134.0 1
6 13 0.00578904151917 10.0 1
7 14 0.0061731338501 11.0 1
8 11 0.00476503372192 8.0 1
9 2009 0.965801000595 2006.0 1
10 142 0.0673530101776 139.0 1
11 163 0.0772061347961 160.0 1
12 5000 2.21976900101 4999.0 0
13 5000 2.23285484314 4999.0 0
14 5000 2.40172791481 4999.0 0
15 205 0.0965611934662 202.0 1
16 183 0.0855488777161 180.0 1
17 149 0.0702488422394 146.0 1
18 207 0.0971682071686 204.0 1
19 14 0.0062108039856 11.0 1
20 213 0.100970029831 210.0 1
21 5000 2.32659196854 4999.0 0
22 12 0.00467300415039 9.0 1
23 3729 1.6711359024 3726.0 1
24 2728 1.16673088074 2725.0 1
25 2307 0.98059797287 2304.0 1
26 2372 1.0096039772 2369.0 1
27 5000 2.2502810955 4999.0 0
28 5000 2.34933686256 4999.0 0
29 5000 2.3583920002 4999.0 0
30 5000 2.31292104721 4999.0 0
31 5000 2.1749920845 4999.0 0
32 5000 2.29109811783 4999.0 0
33 5000 2.50711607933 4999.0 0
34 5000 2.59830904007 4999.0 0
35 5000 2.30008912086 4999.0 0
36 5000 2.32993412018 4999.0 0
37 5000 2.82358717918 4999.0 0
38 5000 2.29355883598 4999.0 0
39 5000 2.46461415291 4999.0 0
40 5000 2.51325392723 4999.0 0
41 5000 3.37816214561 4999.0 0
42 5000 3.36425495148 4999.0 0
43 5000 2.42206382751 4999.0 0
44 5000 2.39616107941 4999.0 0
45 5000 2.33689713478 4999.0 0
46 5000 2.21987819672 4999.0 0
47 5000 2.39792585373 4999.0 0
48 5000 2.37146091461 4999.0 0
49 5000 2.44096302986 4999.0 0
0 120 0.0498888492584 117.0 1
1 87 0.0356659889221 84.0 1
2 60 0.0329699516296 57.0 1
3 107 0.074686050415 104.0 1
4 81 0.0625920295715 78.0 1
5 5000 2.3407728672 4999.0 0
6 30 0.0124621391296 27.0 1
7 11 0.00428295135498 8.0 1
8 12 0.00390887260437 9.0 1
9 15 0.00612592697144 12.0 1
10 11 0.00300407409668 8.0 1
11 9 0.00319790840149 6.0 1
12 10 0.00399899482727 7.0 1
13 1459 0.614670991898 1456.0 1
14 11 0.00411605834961 8.0 1
15 245 0.102159976959 242.0 1
16 220 0.104276180267 217.0 1
17 8 0.00361895561218 5.0 1
18 611 0.309322834015 608.0 1
19 260 0.132038116455 257.0 1
20 14 0.00658893585205 11.0 1
21 8 0.00356388092041 5.0 1
22 9 0.00407409667969 6.0 1
23 9 0.00414299964905 6.0 1
24 128 0.0639967918396 125.0 1
25 91 0.0446879863739 88.0 1
26 9 0.00409007072449 6.0 1
27 27 0.0131449699402 24.0 1
28 23 0.0110409259796 20.0 1
29 9 0.00403308868408 6.0 1
30 21 0.0100779533386 18.0 1
31 14 0.00657486915588 11.0 1
32 21 0.00977087020874 18.0 1
33 9 0.00336885452271 6.0 1
34 10 0.0037670135498 7.0 1
35 10 0.00378394126892 7.0 1
36 9 0.00342607498169 6.0 1
37 10 0.00379991531372 7.0 1
38 13 0.00502300262451 10.0 1
39 54 0.022439956665 51.0 1
40 10 0.00385499000549 7.0 1
41 11 0.00428819656372 8.0 1
42 59 0.0243670940399 56.0 1
43 9 0.00344896316528 6.0 1
44 28 0.0116400718689 25.0 1
45 11 0.00432395935059 8.0 1
46 11 0.00435590744019 8.0 1
47 45 0.0183100700378 42.0 1
48 11 0.00435709953308 8.0 1
49 9 0.00354099273682 6.0 1
0 116 0.0487570762634 113.0 1
1 50 0.0202050209045 47.0 1
2 89 0.034371137619 86.0 1
3 90 0.0409350395203 87.0 1
4 308 0.126829862595 305.0 1
5 5000 2.45698595047 4999.0 0
6 5000 2.19392085075 4999.0 0
7 5000 2.36689114571 4999.0 0
8 5000 2.18998980522 4999.0 0
9 5000 2.41862297058 4999.0 0
10 5000 2.44709515572 4999.0 0
11 5000 2.3191280365 4999.0 0
12 5000 2.4156229496 4999.0 0
13 5000 2.40406513214 4999.0 0
14 5000 2.16917395592 4999.0 0
15 5000 2.39291810989 4999.0 0
16 5000 2.04447412491 4999.0 0
17 5000 2.29609799385 4999.0 0
18 5000 2.35932302475 4999.0 0
19 5000 2.32081913948 4999.0 0
20 5000 2.2201821804 4999.0 0
21 5000 2.26054787636 4999.0 0
22 5000 2.25057005882 4999.0 0
23 5000 2.4101369381 4999.0 0
24 5000 2.4142999649 4999.0 0
25 5000 2.42471694946 4999.0 0
26 5000 2.26651000977 4999.0 0
27 5000 2.31974101067 4999.0 0
28 5000 2.41799712181 4999.0 0
29 5000 2.38801693916 4999.0 0
30 5000 2.31966710091 4999.0 0
31 5000 2.30348205566 4999.0 0
32 5000 2.36761784554 4999.0 0
33 5000 2.41266393661 4999.0 0
34 5000 2.82100701332 4999.0 0
35 5000 2.9514811039 4999.0 0
36 5000 3.01803898811 4999.0 0
37 5000 2.42370605469 4999.0 0
38 5000 2.00416302681 4999.0 0
39 5000 2.08693885803 4999.0 0
40 5000 2.12341690063 4999.0 0
41 5000 2.23742413521 4999.0 0
42 5000 2.13551497459 4999.0 0
43 5000 2.09423995018 4999.0 0
44 5000 2.27120995522 4999.0 0
45 5000 2.30956506729 4999.0 0
46 5000 2.38438796997 4999.0 0
47 5000 2.48168110847 4999.0 0
48 5000 2.44609189034 4999.0 0
49 5000 2.36505007744 4999.0 0
0 10 0.00493717193604 7.0 1
1 11 0.00513696670532 8.0 1
2 10 0.00470399856567 7.0 1
3 12 0.00565814971924 9.0 1
4 8 0.00365781784058 5.0 1
5 12 0.00571513175964 9.0 1
6 11 0.00525808334351 8.0 1
7 9 0.0042188167572 6.0 1
8 12 0.00576210021973 9.0 1
9 13 0.00628805160522 10.0 1
10 10 0.00473093986511 7.0 1
11 11 0.00515794754028 8.0 1
12 9 0.00413703918457 6.0 1
13 13 0.0061399936676 10.0 1
14 10 0.00477695465088 7.0 1
15 10 0.00464606285095 7.0 1
16 8 0.0037407875061 5.0 1
17 12 0.00569200515747 9.0 1
18 9 0.00418400764465 6.0 1
19 9 0.00421380996704 6.0 1
20 13 0.00623297691345 10.0 1
21 10 0.00466799736023 7.0 1
22 11 0.00513100624084 8.0 1
23 11 0.00515294075012 8.0 1
24 11 0.00524878501892 8.0 1
25 12 0.00570893287659 9.0 1
26 12 0.00581502914429 9.0 1
27 10 0.004714012146 7.0 1
28 12 0.00567817687988 9.0 1
29 12 0.00570011138916 9.0 1
30 10 0.00474905967712 7.0 1
31 11 0.00523209571838 8.0 1
32 11 0.00521183013916 8.0 1
33 10 0.0046820640564 7.0 1
34 9 0.00425100326538 6.0 1
35 9 0.00421786308289 6.0 1
36 12 0.00572085380554 9.0 1
37 10 0.00477313995361 7.0 1
38 13 0.00619101524353 10.0 1
39 11 0.00511598587036 8.0 1
40 11 0.00514602661133 8.0 1
41 11 0.00520205497742 8.0 1
42 12 0.00573706626892 9.0 1
43 12 0.0058228969574 9.0 1
44 8 0.00371313095093 5.0 1
45 10 0.00464391708374 7.0 1
46 11 0.00520205497742 8.0 1
47 10 0.00472283363342 7.0 1
48 11 0.00528502464294 8.0 1
49 12 0.00572109222412 9.0 1
0 118 0.0603201389313 115.0 1
1 13 0.00617909431458 10.0 1
2 91 0.045520067215 88.0 1
3 83 0.0379281044006 80.0 1
4 40 0.0195329189301 37.0 1
5 2626 1.11857390404 2623.0 1
6 85 0.0346879959106 82.0 1
7 875 0.38213801384 872.0 1
8 5000 2.29943203926 4999.0 0
9 5000 2.35477113724 4999.0 0
10 18 0.0084547996521 15.0 1
11 10 0.00434303283691 7.0 1
12 23 0.01092004776 20.0 1
13 17 0.00788497924805 14.0 1
14 9 0.00406789779663 6.0 1
15 9 0.0041561126709 6.0 1
16 12 0.00556898117065 9.0 1
17 8 0.00352001190186 5.0 1
18 10 0.00446915626526 7.0 1
19 10 0.00462102890015 7.0 1
20 8 0.00360012054443 5.0 1
21 10 0.00450801849365 7.0 1
22 13 0.0059928894043 10.0 1
23 9 0.00398206710815 6.0 1
24 9 0.00395798683167 6.0 1
25 16 0.00739192962646 13.0 1
26 12 0.00544810295105 9.0 1
27 9 0.00396704673767 6.0 1
28 9 0.0039050579071 6.0 1
29 9 0.00396299362183 6.0 1
30 15 0.00698208808899 12.0 1
31 14 0.00632786750793 11.0 1
32 9 0.00391721725464 6.0 1
33 9 0.00404000282288 6.0 1
34 8 0.00355100631714 5.0 1
35 16 0.00743699073792 13.0 1
36 8 0.00349116325378 5.0 1
37 9 0.00395894050598 6.0 1
38 9 0.00397086143494 6.0 1
39 9 0.00394701957703 6.0 1
40 9 0.00393009185791 6.0 1
41 9 0.0040340423584 6.0 1
42 16 0.00760889053345 13.0 1
43 8 0.0035560131073 5.0 1
44 8 0.00350904464722 5.0 1
45 15 0.00690102577209 12.0 1
46 12 0.00544595718384 9.0 1
47 8 0.00346088409424 5.0 1
48 9 0.0039279460907 6.0 1
49 8 0.00354814529419 5.0 1
0 8 0.00365591049194 5.0 1
1 11 0.00497794151306 8.0 1
2 11 0.00498104095459 8.0 1
3 11 0.00493478775024 8.0 1
4 11 0.00495409965515 8.0 1
5 9 0.00397682189941 6.0 1
6 11 0.00490188598633 8.0 1
7 12 0.0054759979248 9.0 1
8 10 0.00444006919861 7.0 1
9 11 0.00488305091858 8.0 1
10 8 0.00346899032593 5.0 1
11 11 0.00485610961914 8.0 1
12 8 0.00343704223633 5.0 1
13 12 0.00529003143311 9.0 1
14 11 0.00492691993713 8.0 1
15 8 0.00342011451721 5.0 1
16 8 0.00336599349976 5.0 1
17 9 0.00384402275085 6.0 1
18 11 0.00473284721375 8.0 1
19 10 0.00431895256042 7.0 1
20 12 0.00539112091064 9.0 1
21 13 0.00593590736389 10.0 1
22 15 0.00705909729004 12.0 1
23 12 0.00543713569641 9.0 1
24 13 0.00589990615845 10.0 1
25 14 0.00636911392212 11.0 1
26 13 0.00591015815735 10.0 1
27 15 0.00683307647705 12.0 1
28 15 0.00692296028137 12.0 1
29 15 0.00699591636658 12.0 1
30 5000 2.39573192596 4999.0 0
31 5000 2.38689184189 4999.0 0
32 30 0.0127069950104 27.0 1
33 31 0.0125877857208 28.0 1
34 13 0.00517892837524 10.0 1
35 18 0.00711417198181 15.0 1
36 19 0.00763297080994 16.0 1
37 24 0.00964879989624 21.0 1
38 21 0.00832796096802 18.0 1
39 19 0.00757098197937 16.0 1
40 5000 2.35523414612 4999.0 0
41 5000 2.29671001434 4999.0 0
42 5000 2.38146996498 4999.0 0
43 5000 2.22483491898 4999.0 0
44 15 0.00585603713989 12.0 1
45 5000 2.37888216972 4999.0 0
46 5000 2.58916401863 4999.0 0
47 14 0.00450301170349 11.0 1
48 25 0.00775694847107 22.0 1
49 10 0.00269794464111 7.0 1
