trial, number of steps, runtime, accumulated reward, termination
0 1484 0.933028936386 -1482.0 1
1 5000 2.79881811142 -4999.0 0
2 5000 3.80610394478 -4999.0 0
3 5000 3.71596121788 -4999.0 0
4 5000 3.76600909233 -4999.0 0
5 5000 3.67674899101 -4999.0 0
6 5000 3.76764297485 -4999.0 0
7 5000 3.83311891556 -4999.0 0
8 5000 3.79783010483 -4999.0 0
9 5000 3.82943916321 -4999.0 0
10 5000 4.28046607971 -4999.0 0
11 5000 3.42088294029 -4999.0 0
12 5000 3.77571201324 -4999.0 0
13 5000 3.59439897537 -4999.0 0
14 5000 3.8065071106 -4999.0 0
15 5000 3.61846804619 -4999.0 0
16 5000 3.70756697655 -4999.0 0
17 5000 3.73796916008 -4999.0 0
18 5000 3.90127801895 -4999.0 0
19 5000 4.36572790146 -4999.0 0
20 5000 4.12137699127 -4999.0 0
21 5000 3.88123703003 -4999.0 0
22 5000 3.85468101501 -4999.0 0
23 5000 3.20681905746 -4999.0 0
24 5000 3.79739093781 -4999.0 0
25 5000 3.59606409073 -4999.0 0
26 5000 3.52439594269 -4999.0 0
27 5000 3.54158902168 -4999.0 0
28 5000 3.64518499374 -4999.0 0
29 5000 3.67985701561 -4999.0 0
30 5000 3.89345788956 -4999.0 0
31 5000 3.65806007385 -4999.0 0
32 5000 3.47521114349 -4999.0 0
33 5000 3.73428797722 -4999.0 0
34 5000 3.69615387917 -4999.0 0
35 5000 3.55876278877 -4999.0 0
36 5000 3.35014200211 -4999.0 0
37 5000 3.77918291092 -4999.0 0
38 5000 3.62903904915 -4999.0 0
39 5000 4.09674596786 -4999.0 0
40 5000 3.6420609951 -4999.0 0
41 5000 3.68921279907 -4999.0 0
42 5000 3.60048985481 -4999.0 0
43 5000 3.54834890366 -4999.0 0
44 5000 3.70582199097 -4999.0 0
45 5000 3.70116710663 -4999.0 0
46 5000 3.72160196304 -4999.0 0
47 5000 3.69941592216 -4999.0 0
48 5000 3.74604511261 -4999.0 0
49 5000 3.75874090195 -4999.0 0
0 1484 0.86075592041 -1482.0 1
1 5000 2.87525391579 -4999.0 0
2 5000 3.77586507797 -4999.0 0
3 5000 3.72850084305 -4999.0 0
4 5000 3.82648611069 -4999.0 0
5 5000 3.6208729744 -4999.0 0
6 5000 3.69543600082 -4999.0 0
7 5000 3.80296492577 -4999.0 0
8 5000 3.5507838726 -4999.0 0
9 5000 3.65350699425 -4999.0 0
10 5000 3.78807282448 -4999.0 0
11 5000 3.92363786697 -4999.0 0
12 5000 3.84171509743 -4999.0 0
13 5000 3.83668899536 -4999.0 0
14 5000 3.73500084877 -4999.0 0
15 5000 3.67723703384 -4999.0 0
16 5000 3.76081585884 -4999.0 0
17 5000 3.8039419651 -4999.0 0
18 5000 3.50889182091 -4999.0 0
19 5000 3.56820392609 -4999.0 0
20 5000 3.58165502548 -4999.0 0
21 5000 3.64969301224 -4999.0 0
22 5000 3.59613204002 -4999.0 0
23 5000 3.66233897209 -4999.0 0
24 5000 3.57566618919 -4999.0 0
25 5000 3.55696606636 -4999.0 0
26 5000 3.70648503304 -4999.0 0
27 5000 3.66336083412 -4999.0 0
28 5000 3.68122506142 -4999.0 0
29 5000 3.66643619537 -4999.0 0
30 5000 3.66980791092 -4999.0 0
31 5000 3.63290190697 -4999.0 0
32 5000 3.59067392349 -4999.0 0
33 5000 3.64956307411 -4999.0 0
34 5000 3.81939792633 -4999.0 0
35 5000 3.91419005394 -4999.0 0
36 5000 3.56812596321 -4999.0 0
37 5000 3.63801622391 -4999.0 0
38 5000 3.62907099724 -4999.0 0
39 5000 3.59461593628 -4999.0 0
40 5000 3.54017090797 -4999.0 0
41 5000 3.55133509636 -4999.0 0
42 5000 3.7691681385 -4999.0 0
43 5000 3.7483921051 -4999.0 0
44 5000 3.63841605186 -4999.0 0
45 5000 3.58139896393 -4999.0 0
46 5000 3.84899497032 -4999.0 0
47 5000 4.11757302284 -4999.0 0
48 5000 4.35482501984 -4999.0 0
49 5000 4.29988002777 -4999.0 0
0 1484 1.01399087906 -1482.0 1
1 5000 3.00248503685 -4999.0 0
2 5000 3.4948451519 -4999.0 0
3 5000 3.44004201889 -4999.0 0
4 5000 3.48985719681 -4999.0 0
5 5000 3.5608561039 -4999.0 0
6 5000 3.46874094009 -4999.0 0
7 5000 3.47002601624 -4999.0 0
8 5000 3.5536711216 -4999.0 0
9 5000 3.50758481026 -4999.0 0
10 5000 3.67742609978 -4999.0 0
11 5000 4.22865509987 -4999.0 0
12 5000 3.63457584381 -4999.0 0
13 5000 3.55464482307 -4999.0 0
14 5000 3.69551920891 -4999.0 0
15 5000 3.56944799423 -4999.0 0
16 5000 3.77997398376 -4999.0 0
17 5000 4.85504698753 -4999.0 0
18 5000 4.62538313866 -4999.0 0
19 5000 3.90719008446 -4999.0 0
20 5000 3.95830106735 -4999.0 0
21 5000 3.50781393051 -4999.0 0
22 5000 3.00416612625 -4999.0 0
23 5000 3.19606590271 -4999.0 0
24 5000 3.62024497986 -4999.0 0
25 5000 3.70107507706 -4999.0 0
26 5000 3.4760529995 -4999.0 0
27 5000 3.7012732029 -4999.0 0
28 5000 4.03107309341 -4999.0 0
29 5000 3.86890792847 -4999.0 0
30 5000 3.58517098427 -4999.0 0
31 5000 3.72813391685 -4999.0 0
32 5000 3.37465119362 -4999.0 0
33 5000 3.36779594421 -4999.0 0
34 5000 3.47962212563 -4999.0 0
35 5000 3.72026205063 -4999.0 0
36 5000 3.64440798759 -4999.0 0
37 5000 3.61141300201 -4999.0 0
38 5000 3.77801012993 -4999.0 0
39 5000 3.92815995216 -4999.0 0
40 5000 3.73649907112 -4999.0 0
41 5000 4.14700698853 -4999.0 0
42 5000 3.68445587158 -4999.0 0
43 5000 3.84535098076 -4999.0 0
44 5000 3.73803186417 -4999.0 0
45 5000 3.66196990013 -4999.0 0
46 5000 3.75235104561 -4999.0 0
47 5000 3.96262097359 -4999.0 0
48 5000 3.69562888145 -4999.0 0
49 5000 3.50059986115 -4999.0 0
0 1484 0.90633893013 -1482.0 1
1 5000 3.0899720192 -4999.0 0
2 5000 3.65011715889 -4999.0 0
3 5000 3.77634215355 -4999.0 0
4 5000 3.79673886299 -4999.0 0
5 5000 3.76503014565 -4999.0 0
6 5000 3.86665606499 -4999.0 0
7 5000 3.83516216278 -4999.0 0
8 5000 3.47375416756 -4999.0 0
9 5000 3.46919202805 -4999.0 0
10 5000 4.04086208344 -4999.0 0
11 5000 3.63560891151 -4999.0 0
12 5000 3.69918107986 -4999.0 0
13 5000 4.17531704903 -4999.0 0
14 5000 3.48207592964 -4999.0 0
15 5000 3.77854013443 -4999.0 0
16 5000 3.59433102608 -4999.0 0
17 5000 3.99938607216 -4999.0 0
18 5000 3.75781393051 -4999.0 0
19 5000 2.87381696701 -4999.0 0
20 5000 3.48519897461 -4999.0 0
21 5000 3.75375413895 -4999.0 0
22 5000 3.61036491394 -4999.0 0
23 5000 3.75484991074 -4999.0 0
24 5000 3.77436590195 -4999.0 0
25 5000 3.77419900894 -4999.0 0
26 5000 3.81024003029 -4999.0 0
27 5000 3.98163485527 -4999.0 0
28 5000 3.63268899918 -4999.0 0
29 5000 3.99424409866 -4999.0 0
30 5000 3.8922560215 -4999.0 0
31 5000 3.93391704559 -4999.0 0
32 5000 3.80343484879 -4999.0 0
33 5000 3.99199295044 -4999.0 0
34 5000 3.6110599041 -4999.0 0
35 5000 3.81684207916 -4999.0 0
36 5000 3.5987868309 -4999.0 0
37 5000 3.56363892555 -4999.0 0
38 5000 3.93095302582 -4999.0 0
39 5000 3.62694692612 -4999.0 0
40 5000 3.76092481613 -4999.0 0
41 5000 3.50956892967 -4999.0 0
42 5000 3.65537595749 -4999.0 0
43 5000 3.83546996117 -4999.0 0
44 5000 3.70710921288 -4999.0 0
45 5000 3.48925089836 -4999.0 0
46 5000 3.73380303383 -4999.0 0
47 5000 3.72502398491 -4999.0 0
48 5000 3.75592803955 -4999.0 0
49 5000 3.6075899601 -4999.0 0
0 1484 0.848942041397 -1482.0 1
1 5000 2.84682703018 -4999.0 0
2 5000 3.75258708 -4999.0 0
3 5000 3.72574996948 -4999.0 0
4 5000 3.61834406853 -4999.0 0
5 5000 3.79186606407 -4999.0 0
6 5000 3.70376801491 -4999.0 0
7 5000 4.00786876678 -4999.0 0
8 5000 3.81126189232 -4999.0 0
9 5000 3.434071064 -4999.0 0
10 5000 3.50673007965 -4999.0 0
11 5000 3.62258005142 -4999.0 0
12 5000 3.66242718697 -4999.0 0
13 5000 3.59443306923 -4999.0 0
14 5000 3.48375582695 -4999.0 0
15 5000 3.34474897385 -4999.0 0
16 5000 3.83659410477 -4999.0 0
17 5000 3.55362915993 -4999.0 0
18 5000 3.77287197113 -4999.0 0
19 5000 3.62783098221 -4999.0 0
20 5000 3.57798695564 -4999.0 0
21 5000 3.72794890404 -4999.0 0
22 5000 3.49521183968 -4999.0 0
23 5000 3.74184203148 -4999.0 0
24 5000 3.42680382729 -4999.0 0
25 5000 3.60641503334 -4999.0 0
26 5000 3.49702882767 -4999.0 0
27 5000 3.51915884018 -4999.0 0
28 5000 3.59210085869 -4999.0 0
29 5000 3.49337911606 -4999.0 0
30 5000 3.59102702141 -4999.0 0
31 5000 3.54557514191 -4999.0 0
32 5000 3.75829005241 -4999.0 0
33 5000 3.64588809013 -4999.0 0
34 5000 3.78207683563 -4999.0 0
35 5000 3.70931601524 -4999.0 0
36 5000 3.96628499031 -4999.0 0
37 5000 3.44679903984 -4999.0 0
38 5000 3.60743284225 -4999.0 0
39 5000 4.12973809242 -4999.0 0
40 5000 3.65504097939 -4999.0 0
41 5000 3.86780881882 -4999.0 0
42 5000 4.18904495239 -4999.0 0
43 5000 4.20809412003 -4999.0 0
44 5000 4.12673997879 -4999.0 0
45 5000 4.05807304382 -4999.0 0
46 5000 4.06199884415 -4999.0 0
47 5000 4.18992185593 -4999.0 0
48 5000 4.09695386887 -4999.0 0
49 5000 4.08388590813 -4999.0 0
0 1484 0.979644060135 -1482.0 1
1 5000 3.31544685364 -4999.0 0
2 5000 3.70422315598 -4999.0 0
3 5000 3.6462700367 -4999.0 0
4 5000 3.75942397118 -4999.0 0
5 5000 4.20190906525 -4999.0 0
6 5000 3.77023100853 -4999.0 0
7 5000 3.54304695129 -4999.0 0
8 5000 3.48185396194 -4999.0 0
9 5000 3.75011396408 -4999.0 0
10 5000 3.71111106873 -4999.0 0
11 5000 3.56990408897 -4999.0 0
12 5000 3.50146198273 -4999.0 0
13 5000 3.77148604393 -4999.0 0
14 5000 3.75217604637 -4999.0 0
15 5000 4.16400694847 -4999.0 0
16 5000 4.31748604774 -4999.0 0
17 5000 4.20492005348 -4999.0 0
18 5000 4.18290805817 -4999.0 0
19 5000 3.93422698975 -4999.0 0
20 5000 3.47923016548 -4999.0 0
21 5000 3.67802000046 -4999.0 0
22 5000 3.50324678421 -4999.0 0
23 5000 3.71280002594 -4999.0 0
24 5000 4.05609703064 -4999.0 0
25 5000 3.92056703568 -4999.0 0
26 5000 3.56365585327 -4999.0 0
27 5000 3.58579492569 -4999.0 0
28 5000 3.63103795052 -4999.0 0
29 5000 3.92970705032 -4999.0 0
30 5000 3.70294690132 -4999.0 0
31 5000 3.77163505554 -4999.0 0
32 5000 3.63523793221 -4999.0 0
33 5000 3.70021390915 -4999.0 0
34 5000 3.86486792564 -4999.0 0
35 5000 3.82627391815 -4999.0 0
36 5000 3.82906699181 -4999.0 0
37 5000 3.64910101891 -4999.0 0
38 5000 3.62058901787 -4999.0 0
39 5000 3.7365629673 -4999.0 0
40 5000 3.55806016922 -4999.0 0
41 5000 4.31698203087 -4999.0 0
42 5000 3.90118813515 -4999.0 0
43 5000 3.63474583626 -4999.0 0
44 5000 3.60468292236 -4999.0 0
45 5000 3.6710100174 -4999.0 0
46 5000 3.62191486359 -4999.0 0
47 5000 3.60111093521 -4999.0 0
48 5000 3.99415588379 -4999.0 0
49 5000 3.75225114822 -4999.0 0
0 1484 0.927524089813 -1482.0 1
1 5000 2.68760299683 -4999.0 0
2 5000 3.4718580246 -4999.0 0
3 5000 3.57022809982 -4999.0 0
4 5000 3.52272105217 -4999.0 0
5 5000 3.51869297028 -4999.0 0
6 5000 3.52727198601 -4999.0 0
7 5000 3.72115087509 -4999.0 0
8 5000 3.85605788231 -4999.0 0
9 5000 3.63715481758 -4999.0 0
10 5000 3.78848910332 -4999.0 0
11 5000 3.53217697144 -4999.0 0
12 5000 3.91122484207 -4999.0 0
13 5000 3.77955818176 -4999.0 0
14 5000 3.63185787201 -4999.0 0
15 5000 3.63144493103 -4999.0 0
16 5000 3.63950800896 -4999.0 0
17 5000 3.6141910553 -4999.0 0
18 5000 3.59663295746 -4999.0 0
19 5000 3.62003898621 -4999.0 0
20 5000 3.64541292191 -4999.0 0
21 5000 3.95540094376 -4999.0 0
22 5000 3.71537995338 -4999.0 0
23 5000 3.77941203117 -4999.0 0
24 5000 3.96545100212 -4999.0 0
25 5000 3.74364900589 -4999.0 0
26 5000 3.6513440609 -4999.0 0
27 5000 3.45337796211 -4999.0 0
28 5000 4.45220804214 -4999.0 0
29 5000 3.88309788704 -4999.0 0
30 5000 3.74818706512 -4999.0 0
31 5000 3.39740109444 -4999.0 0
32 5000 3.688601017 -4999.0 0
33 5000 3.7861559391 -4999.0 0
34 5000 3.64511799812 -4999.0 0
35 5000 3.74317002296 -4999.0 0
36 5000 3.65522003174 -4999.0 0
37 5000 3.56195902824 -4999.0 0
38 5000 3.45284104347 -4999.0 0
39 5000 3.66307687759 -4999.0 0
40 5000 3.42200899124 -4999.0 0
41 5000 3.46126699448 -4999.0 0
42 5000 3.65545392036 -4999.0 0
43 5000 3.72067594528 -4999.0 0
44 5000 3.62474894524 -4999.0 0
45 5000 3.64653801918 -4999.0 0
46 5000 3.6534268856 -4999.0 0
47 5000 3.92259001732 -4999.0 0
48 5000 3.65174198151 -4999.0 0
49 5000 3.66624593735 -4999.0 0
0 1484 0.81969499588 -1482.0 1
1 5000 2.85156607628 -4999.0 0
2 5000 3.66937994957 -4999.0 0
3 5000 3.65830492973 -4999.0 0
4 5000 3.7285721302 -4999.0 0
5 5000 3.85390710831 -4999.0 0
6 5000 3.924503088 -4999.0 0
7 5000 3.99451994896 -4999.0 0
8 5000 4.02530288696 -4999.0 0
9 5000 3.74359798431 -4999.0 0
10 5000 3.49735307693 -4999.0 0
11 5000 3.80299806595 -4999.0 0
12 5000 3.49986100197 -4999.0 0
13 5000 3.42007112503 -4999.0 0
14 5000 3.42849302292 -4999.0 0
15 5000 3.62831997871 -4999.0 0
16 5000 4.02226400375 -4999.0 0
17 5000 3.83365988731 -4999.0 0
18 5000 3.85038018227 -4999.0 0
19 5000 3.97283697128 -4999.0 0
20 5000 3.75145697594 -4999.0 0
21 5000 3.79585003853 -4999.0 0
22 5000 3.68000221252 -4999.0 0
23 5000 3.57942414284 -4999.0 0
24 5000 3.90274596214 -4999.0 0
25 5000 3.76378417015 -4999.0 0
26 5000 3.56924891472 -4999.0 0
27 5000 3.72664403915 -4999.0 0
28 5000 4.08899998665 -4999.0 0
29 5000 3.61568498611 -4999.0 0
30 5000 3.88438105583 -4999.0 0
31 5000 3.71633887291 -4999.0 0
32 5000 3.56053709984 -4999.0 0
33 5000 3.83829712868 -4999.0 0
34 5000 3.90508699417 -4999.0 0
35 5000 3.64733195305 -4999.0 0
36 5000 4.07660603523 -4999.0 0
37 5000 3.80418992043 -4999.0 0
38 5000 4.3956091404 -4999.0 0
39 5000 3.64581608772 -4999.0 0
40 5000 3.69293379784 -4999.0 0
41 5000 3.70575809479 -4999.0 0
42 5000 3.39870691299 -4999.0 0
43 5000 3.79133915901 -4999.0 0
44 5000 3.8049890995 -4999.0 0
45 5000 4.02185511589 -4999.0 0
46 5000 3.69235301018 -4999.0 0
47 5000 3.6122841835 -4999.0 0
48 5000 3.5260720253 -4999.0 0
49 5000 3.80301403999 -4999.0 0
0 1484 0.852571964264 -1482.0 1
1 5000 2.8919570446 -4999.0 0
2 5000 3.82277393341 -4999.0 0
3 5000 3.79637098312 -4999.0 0
4 5000 3.51572799683 -4999.0 0
5 5000 3.78019404411 -4999.0 0
6 5000 4.20286107063 -4999.0 0
7 5000 3.67821097374 -4999.0 0
8 5000 3.3490550518 -4999.0 0
9 5000 3.38493108749 -4999.0 0
10 5000 3.52694392204 -4999.0 0
11 5000 3.43620204926 -4999.0 0
12 5000 3.63124704361 -4999.0 0
13 5000 3.46544194221 -4999.0 0
14 5000 3.47388792038 -4999.0 0
15 5000 3.428358078 -4999.0 0
16 5000 3.62668418884 -4999.0 0
17 5000 3.52063012123 -4999.0 0
18 5000 3.90291213989 -4999.0 0
19 5000 3.78711009026 -4999.0 0
20 5000 3.83723402023 -4999.0 0
21 5000 3.89381599426 -4999.0 0
22 5000 3.98773503304 -4999.0 0
23 5000 3.80429387093 -4999.0 0
24 5000 3.77121901512 -4999.0 0
25 5000 3.77736592293 -4999.0 0
26 5000 3.61337709427 -4999.0 0
27 5000 3.67504692078 -4999.0 0
28 5000 3.62708806992 -4999.0 0
29 5000 3.78967285156 -4999.0 0
30 5000 3.81734514236 -4999.0 0
31 5000 3.79773592949 -4999.0 0
32 5000 3.89283394814 -4999.0 0
33 5000 4.07932209969 -4999.0 0
34 5000 3.37722182274 -4999.0 0
35 5000 3.59868097305 -4999.0 0
36 5000 3.72890496254 -4999.0 0
37 5000 3.41458392143 -4999.0 0
38 5000 3.5789899826 -4999.0 0
39 5000 3.56492185593 -4999.0 0
40 5000 3.79585385323 -4999.0 0
41 5000 3.48282599449 -4999.0 0
42 5000 3.61521601677 -4999.0 0
43 5000 3.62507009506 -4999.0 0
44 5000 3.71036887169 -4999.0 0
45 5000 3.6917719841 -4999.0 0
46 5000 3.8410949707 -4999.0 0
47 5000 3.93189883232 -4999.0 0
48 5000 3.93600988388 -4999.0 0
49 5000 4.18696498871 -4999.0 0
0 1484 0.849625825882 -1482.0 1
1 5000 2.84040498734 -4999.0 0
2 5000 3.79925298691 -4999.0 0
3 5000 3.74451994896 -4999.0 0
4 5000 3.96870398521 -4999.0 0
5 5000 3.88156509399 -4999.0 0
6 5000 3.56999397278 -4999.0 0
7 5000 3.57364010811 -4999.0 0
8 5000 3.89382481575 -4999.0 0
9 5000 3.685806036 -4999.0 0
10 5000 3.84765601158 -4999.0 0
11 5000 3.89569306374 -4999.0 0
12 5000 3.70714402199 -4999.0 0
13 5000 3.70997095108 -4999.0 0
14 5000 4.42050004005 -4999.0 0
15 5000 3.88717913628 -4999.0 0
16 5000 3.80101490021 -4999.0 0
17 5000 3.62895083427 -4999.0 0
18 5000 3.65934109688 -4999.0 0
19 5000 3.06605005264 -4999.0 0
20 5000 3.65967917442 -4999.0 0
21 5000 3.66688799858 -4999.0 0
22 5000 3.73293304443 -4999.0 0
23 5000 3.70900797844 -4999.0 0
24 5000 3.72326493263 -4999.0 0
25 5000 4.13761210442 -4999.0 0
26 5000 3.71467781067 -4999.0 0
27 5000 3.66779494286 -4999.0 0
28 5000 3.6224770546 -4999.0 0
29 5000 3.91905283928 -4999.0 0
30 5000 3.75907206535 -4999.0 0
31 5000 3.62003111839 -4999.0 0
32 5000 3.70335412025 -4999.0 0
33 5000 4.00888204575 -4999.0 0
34 5000 3.67173504829 -4999.0 0
35 5000 3.64703893661 -4999.0 0
36 5000 3.93564486504 -4999.0 0
37 5000 3.66495990753 -4999.0 0
38 5000 3.8317489624 -4999.0 0
39 5000 3.65304994583 -4999.0 0
40 5000 3.69502592087 -4999.0 0
41 5000 3.63401007652 -4999.0 0
42 5000 3.57417392731 -4999.0 0
43 5000 3.60024309158 -4999.0 0
44 5000 3.605946064 -4999.0 0
45 5000 3.70550894737 -4999.0 0
46 5000 3.63158679008 -4999.0 0
47 5000 3.69400405884 -4999.0 0
48 5000 4.41642689705 -4999.0 0
49 5000 4.0941619873 -4999.0 0
