trial, number of steps, runtime, accumulated reward, termination
0 1484 0.839984893799 -1482.0 1
1 5000 2.49698281288 -4999.0 0
2 5000 3.30630493164 -4999.0 0
3 5000 3.7997379303 -4999.0 0
4 5000 3.27046298981 -4999.0 0
5 5000 3.44545984268 -4999.0 0
6 5000 3.57498311996 -4999.0 0
7 5000 3.6060860157 -4999.0 0
8 5000 3.62477993965 -4999.0 0
9 5000 3.81136679649 -4999.0 0
10 5000 3.5916249752 -4999.0 0
11 5000 3.59105110168 -4999.0 0
12 5000 3.67002415657 -4999.0 0
13 5000 3.6999938488 -4999.0 0
14 5000 3.58089995384 -4999.0 0
15 5000 3.5942530632 -4999.0 0
16 5000 3.56532406807 -4999.0 0
17 5000 3.69119501114 -4999.0 0
18 5000 3.54308509827 -4999.0 0
19 5000 3.48893690109 -4999.0 0
20 5000 3.5493118763 -4999.0 0
21 5000 3.5650639534 -4999.0 0
22 5000 3.54526090622 -4999.0 0
23 5000 3.52095198631 -4999.0 0
24 5000 3.8687479496 -4999.0 0
25 5000 3.56103682518 -4999.0 0
26 5000 3.60321593285 -4999.0 0
27 5000 3.88789701462 -4999.0 0
28 5000 3.55686593056 -4999.0 0
29 5000 3.49986410141 -4999.0 0
30 5000 3.24249696732 -4999.0 0
31 5000 3.43458485603 -4999.0 0
32 5000 3.52362418175 -4999.0 0
33 5000 3.41086316109 -4999.0 0
34 5000 3.50554895401 -4999.0 0
35 5000 3.42019295692 -4999.0 0
36 5000 3.51453018188 -4999.0 0
37 5000 3.29873013496 -4999.0 0
38 5000 3.56796813011 -4999.0 0
39 5000 3.62042188644 -4999.0 0
40 5000 3.43876194954 -4999.0 0
41 5000 3.50332903862 -4999.0 0
42 5000 3.5489320755 -4999.0 0
43 5000 3.88552284241 -4999.0 0
44 5000 3.41692996025 -4999.0 0
45 5000 3.97090005875 -4999.0 0
46 5000 3.82587814331 -4999.0 0
47 5000 3.32786893845 -4999.0 0
48 5000 3.52784705162 -4999.0 0
49 5000 3.70013904572 -4999.0 0
0 1484 0.753947973251 -1482.0 1
1 5000 2.49706482887 -4999.0 0
2 5000 3.41680407524 -4999.0 0
3 5000 2.92958378792 -4999.0 0
4 5000 3.60616898537 -4999.0 0
5 5000 3.53157782555 -4999.0 0
6 5000 3.45356607437 -4999.0 0
7 5000 3.85426497459 -4999.0 0
8 5000 3.34404397011 -4999.0 0
9 5000 3.76422095299 -4999.0 0
10 5000 3.78051519394 -4999.0 0
11 5000 3.82952213287 -4999.0 0
12 5000 3.59948396683 -4999.0 0
13 5000 3.51709794998 -4999.0 0
14 5000 3.60503292084 -4999.0 0
15 5000 3.73825883865 -4999.0 0
16 5000 3.39951920509 -4999.0 0
17 5000 3.66803407669 -4999.0 0
18 5000 4.05266189575 -4999.0 0
19 5000 4.03769612312 -4999.0 0
20 5000 3.88297390938 -4999.0 0
21 5000 3.6625020504 -4999.0 0
22 5000 3.63074803352 -4999.0 0
23 5000 3.12799191475 -4999.0 0
24 5000 3.60016107559 -4999.0 0
25 5000 3.27123498917 -4999.0 0
26 5000 3.63304185867 -4999.0 0
27 5000 4.0019929409 -4999.0 0
28 5000 4.08601784706 -4999.0 0
29 5000 4.18590593338 -4999.0 0
30 5000 3.8661608696 -4999.0 0
31 5000 3.70246005058 -4999.0 0
32 5000 3.67886590958 -4999.0 0
33 5000 3.64680099487 -4999.0 0
34 5000 3.40379786491 -4999.0 0
35 5000 3.66190099716 -4999.0 0
36 5000 3.90075206757 -4999.0 0
37 5000 3.58021092415 -4999.0 0
38 5000 3.72028779984 -4999.0 0
39 5000 3.70083212852 -4999.0 0
40 5000 3.54610896111 -4999.0 0
41 5000 3.51561999321 -4999.0 0
42 5000 3.41226100922 -4999.0 0
43 5000 3.36444401741 -4999.0 0
44 5000 3.33151912689 -4999.0 0
45 5000 3.63010406494 -4999.0 0
46 5000 3.38904285431 -4999.0 0
47 5000 3.87907099724 -4999.0 0
48 5000 3.09227800369 -4999.0 0
49 5000 3.98986101151 -4999.0 0
0 1484 0.8230509758 -1482.0 1
1 5000 2.85733008385 -4999.0 0
2 5000 3.49638104439 -4999.0 0
3 5000 3.46928095818 -4999.0 0
4 5000 3.54512810707 -4999.0 0
5 5000 3.57890105247 -4999.0 0
6 5000 3.57836580276 -4999.0 0
7 5000 3.5574760437 -4999.0 0
8 5000 3.5567278862 -4999.0 0
9 5000 3.64546203613 -4999.0 0
10 5000 3.52970099449 -4999.0 0
11 5000 3.56296801567 -4999.0 0
12 5000 3.55182099342 -4999.0 0
13 5000 3.54145288467 -4999.0 0
14 5000 3.56223297119 -4999.0 0
15 5000 3.57975816727 -4999.0 0
16 5000 3.5585539341 -4999.0 0
17 5000 3.56582903862 -4999.0 0
18 5000 3.65689897537 -4999.0 0
19 5000 3.23614120483 -4999.0 0
20 5000 3.42324090004 -4999.0 0
21 5000 3.4344599247 -4999.0 0
22 5000 3.44629597664 -4999.0 0
23 5000 3.81367206573 -4999.0 0
24 5000 4.25651502609 -4999.0 0
25 5000 3.87445282936 -4999.0 0
26 5000 3.54978299141 -4999.0 0
27 5000 3.86713886261 -4999.0 0
28 5000 3.6647310257 -4999.0 0
29 5000 3.58789682388 -4999.0 0
30 5000 3.39962100983 -4999.0 0
31 5000 3.66787695885 -4999.0 0
32 5000 3.33358192444 -4999.0 0
33 5000 3.71405506134 -4999.0 0
34 5000 3.86853504181 -4999.0 0
35 5000 3.31170701981 -4999.0 0
36 5000 3.96041417122 -4999.0 0
37 5000 3.46934103966 -4999.0 0
38 5000 3.60084891319 -4999.0 0
39 5000 3.45618891716 -4999.0 0
40 5000 3.25821995735 -4999.0 0
41 5000 3.45582008362 -4999.0 0
42 5000 3.58399391174 -4999.0 0
43 5000 3.53507804871 -4999.0 0
44 5000 3.39921593666 -4999.0 0
45 5000 3.46592092514 -4999.0 0
46 5000 3.68876290321 -4999.0 0
47 5000 3.75915813446 -4999.0 0
48 5000 3.58462405205 -4999.0 0
49 5000 3.60315799713 -4999.0 0
0 1484 0.810205936432 -1482.0 1
1 5000 2.76903796196 -4999.0 0
2 5000 3.86046099663 -4999.0 0
3 5000 3.56465101242 -4999.0 0
4 5000 3.54787111282 -4999.0 0
5 5000 3.46660113335 -4999.0 0
6 5000 3.37211608887 -4999.0 0
7 5000 3.16135907173 -4999.0 0
8 5000 3.79774904251 -4999.0 0
9 5000 3.58992409706 -4999.0 0
10 5000 3.53407478333 -4999.0 0
11 5000 3.55951118469 -4999.0 0
12 5000 3.54908084869 -4999.0 0
13 5000 3.39770698547 -4999.0 0
14 5000 3.32032394409 -4999.0 0
15 5000 3.47938585281 -4999.0 0
16 5000 3.50729584694 -4999.0 0
17 5000 3.30268597603 -4999.0 0
18 5000 3.36094689369 -4999.0 0
19 5000 3.58829092979 -4999.0 0
20 5000 3.59027099609 -4999.0 0
21 5000 3.61497712135 -4999.0 0
22 5000 3.58745598793 -4999.0 0
23 5000 3.85373306274 -4999.0 0
24 5000 3.59598493576 -4999.0 0
25 5000 3.66328310966 -4999.0 0
26 5000 3.41824412346 -4999.0 0
27 5000 3.44865703583 -4999.0 0
28 5000 3.60500097275 -4999.0 0
29 5000 3.57703399658 -4999.0 0
30 5000 3.58727812767 -4999.0 0
31 5000 3.53576898575 -4999.0 0
32 5000 3.77549099922 -4999.0 0
33 5000 4.23653578758 -4999.0 0
34 5000 3.59914207458 -4999.0 0
35 5000 4.05697202682 -4999.0 0
36 5000 3.72834014893 -4999.0 0
37 5000 3.80576705933 -4999.0 0
38 5000 3.67198586464 -4999.0 0
39 5000 3.48760104179 -4999.0 0
40 5000 3.5229010582 -4999.0 0
41 5000 3.57169604301 -4999.0 0
42 5000 3.61505293846 -4999.0 0
43 5000 3.48183298111 -4999.0 0
44 5000 3.72605085373 -4999.0 0
45 5000 3.71362996101 -4999.0 0
46 5000 3.35608100891 -4999.0 0
47 5000 3.43179893494 -4999.0 0
48 5000 3.63946390152 -4999.0 0
49 5000 3.52833294868 -4999.0 0
0 1484 0.907601833344 -1482.0 1
1 5000 3.02789616585 -4999.0 0
2 5000 3.82127594948 -4999.0 0
3 5000 3.68872094154 -4999.0 0
4 5000 3.61362195015 -4999.0 0
5 5000 3.59310102463 -4999.0 0
6 5000 3.70703601837 -4999.0 0
7 5000 3.36282896996 -4999.0 0
8 5000 3.75055408478 -4999.0 0
9 5000 3.50036287308 -4999.0 0
10 5000 3.41532802582 -4999.0 0
11 5000 3.49133110046 -4999.0 0
12 5000 3.54125380516 -4999.0 0
13 5000 3.61386585236 -4999.0 0
14 5000 3.4929420948 -4999.0 0
15 5000 3.43370509148 -4999.0 0
16 5000 3.80486893654 -4999.0 0
17 5000 3.7466070652 -4999.0 0
18 5000 3.9465739727 -4999.0 0
19 5000 3.98838400841 -4999.0 0
20 5000 3.7197728157 -4999.0 0
21 5000 3.51420593262 -4999.0 0
22 5000 3.47513914108 -4999.0 0
23 5000 3.60415410995 -4999.0 0
24 5000 3.54421019554 -4999.0 0
25 5000 3.49593186378 -4999.0 0
26 5000 3.50157690048 -4999.0 0
27 5000 3.5663869381 -4999.0 0
28 5000 4.03710508347 -4999.0 0
29 5000 3.53698587418 -4999.0 0
30 5000 3.63876199722 -4999.0 0
31 5000 3.93990182877 -4999.0 0
32 5000 3.55301880836 -4999.0 0
33 5000 3.59715414047 -4999.0 0
34 5000 3.74061012268 -4999.0 0
35 5000 3.80193591118 -4999.0 0
36 5000 3.54135513306 -4999.0 0
37 5000 3.44747686386 -4999.0 0
38 5000 3.52546596527 -4999.0 0
39 5000 3.98048710823 -4999.0 0
40 5000 3.49598193169 -4999.0 0
41 5000 3.42586803436 -4999.0 0
42 5000 3.46263194084 -4999.0 0
43 5000 3.53599905968 -4999.0 0
44 5000 3.54857611656 -4999.0 0
45 5000 3.54665899277 -4999.0 0
46 5000 3.34804010391 -4999.0 0
47 5000 3.47547912598 -4999.0 0
48 5000 3.37651205063 -4999.0 0
49 5000 3.7207660675 -4999.0 0
0 1484 1.06326007843 -1482.0 1
1 5000 3.30188393593 -4999.0 0
2 5000 3.63943696022 -4999.0 0
3 5000 3.44156885147 -4999.0 0
4 5000 3.85283899307 -4999.0 0
5 5000 3.65294599533 -4999.0 0
6 5000 3.42655110359 -4999.0 0
7 5000 3.3597509861 -4999.0 0
8 5000 3.24996304512 -4999.0 0
9 5000 3.2595000267 -4999.0 0
10 5000 3.50601291656 -4999.0 0
11 5000 3.58454012871 -4999.0 0
12 5000 3.55472207069 -4999.0 0
13 5000 3.64208698273 -4999.0 0
14 5000 3.59705901146 -4999.0 0
15 5000 3.51642799377 -4999.0 0
16 5000 3.43997693062 -4999.0 0
17 5000 3.42950701714 -4999.0 0
18 5000 3.43544697762 -4999.0 0
19 5000 3.51614809036 -4999.0 0
20 5000 3.58876800537 -4999.0 0
21 5000 3.40170907974 -4999.0 0
22 5000 3.567029953 -4999.0 0
23 5000 3.3037750721 -4999.0 0
24 5000 3.42636585236 -4999.0 0
25 5000 3.4966340065 -4999.0 0
26 5000 3.4558930397 -4999.0 0
27 5000 3.67905497551 -4999.0 0
28 5000 4.06253600121 -4999.0 0
29 5000 4.15943288803 -4999.0 0
30 5000 3.2683532238 -4999.0 0
31 5000 3.67360877991 -4999.0 0
32 5000 3.49947214127 -4999.0 0
33 5000 3.59749102592 -4999.0 0
34 5000 3.55565595627 -4999.0 0
35 5000 4.04590296745 -4999.0 0
36 5000 3.6356408596 -4999.0 0
37 5000 3.55967211723 -4999.0 0
38 5000 3.29219698906 -4999.0 0
39 5000 3.51090908051 -4999.0 0
40 5000 3.40320014954 -4999.0 0
41 5000 3.46552801132 -4999.0 0
42 5000 3.43724107742 -4999.0 0
43 5000 3.46705698967 -4999.0 0
44 5000 3.41023898125 -4999.0 0
45 5000 3.29302191734 -4999.0 0
46 5000 3.40060710907 -4999.0 0
47 5000 3.48343610764 -4999.0 0
48 5000 3.42642188072 -4999.0 0
49 5000 3.45937800407 -4999.0 0
0 1484 1.01831889153 -1482.0 1
1 5000 3.17732000351 -4999.0 0
2 5000 3.96546196938 -4999.0 0
3 5000 3.29940295219 -4999.0 0
4 5000 3.38650798798 -4999.0 0
5 5000 3.26555800438 -4999.0 0
6 5000 3.43296980858 -4999.0 0
7 5000 3.31039500237 -4999.0 0
8 5000 3.17030501366 -4999.0 0
9 5000 3.33034920692 -4999.0 0
10 5000 3.48550701141 -4999.0 0
11 5000 3.48041391373 -4999.0 0
12 5000 3.49896192551 -4999.0 0
13 5000 3.50913500786 -4999.0 0
14 5000 3.36165904999 -4999.0 0
15 5000 3.58191108704 -4999.0 0
16 5000 3.98234319687 -4999.0 0
17 5000 3.71982502937 -4999.0 0
18 5000 3.5256459713 -4999.0 0
19 5000 3.52123188972 -4999.0 0
20 5000 3.49225997925 -4999.0 0
21 5000 3.26495409012 -4999.0 0
22 5000 3.33855199814 -4999.0 0
23 5000 3.66010785103 -4999.0 0
24 5000 3.70740699768 -4999.0 0
25 5000 3.38149094582 -4999.0 0
26 5000 3.53614115715 -4999.0 0
27 5000 3.82140398026 -4999.0 0
28 5000 3.75591301918 -4999.0 0
29 5000 3.39702510834 -4999.0 0
30 5000 3.4659409523 -4999.0 0
31 5000 3.39192605019 -4999.0 0
32 5000 3.6463329792 -4999.0 0
33 5000 3.63703799248 -4999.0 0
34 5000 3.25823998451 -4999.0 0
35 5000 3.52475500107 -4999.0 0
36 5000 3.2820649147 -4999.0 0
37 5000 3.85016298294 -4999.0 0
38 5000 3.54855704308 -4999.0 0
39 5000 3.65084695816 -4999.0 0
40 5000 3.59638214111 -4999.0 0
41 5000 3.58862400055 -4999.0 0
42 5000 3.5474820137 -4999.0 0
43 5000 3.51220011711 -4999.0 0
44 5000 3.50056695938 -4999.0 0
45 5000 3.50974202156 -4999.0 0
46 5000 3.41058683395 -4999.0 0
47 5000 3.47866892815 -4999.0 0
48 5000 3.36350107193 -4999.0 0
49 5000 3.54996705055 -4999.0 0
0 1484 0.94685792923 -1482.0 1
1 5000 3.02991390228 -4999.0 0
2 5000 3.6771030426 -4999.0 0
3 5000 3.48703813553 -4999.0 0
4 5000 3.28274297714 -4999.0 0
5 5000 4.24486207962 -4999.0 0
6 5000 3.18099808693 -4999.0 0
7 5000 3.56816792488 -4999.0 0
8 5000 3.53970098495 -4999.0 0
9 5000 3.40512704849 -4999.0 0
10 5000 3.73380804062 -4999.0 0
11 5000 3.5124578476 -4999.0 0
12 5000 3.50313210487 -4999.0 0
13 5000 3.50758600235 -4999.0 0
14 5000 3.49711680412 -4999.0 0
15 5000 3.55571198463 -4999.0 0
16 5000 3.51704692841 -4999.0 0
17 5000 3.51971101761 -4999.0 0
18 5000 3.48396396637 -4999.0 0
19 5000 3.46933197975 -4999.0 0
20 5000 3.54413104057 -4999.0 0
21 5000 3.51347208023 -4999.0 0
22 5000 3.72261214256 -4999.0 0
23 5000 3.39424705505 -4999.0 0
24 5000 3.27617907524 -4999.0 0
25 5000 3.63507199287 -4999.0 0
26 5000 4.08403420448 -4999.0 0
27 5000 4.28330802917 -4999.0 0
28 5000 4.03849697113 -4999.0 0
29 5000 4.07975316048 -4999.0 0
30 5000 3.98414182663 -4999.0 0
31 5000 3.62975907326 -4999.0 0
32 5000 3.40729904175 -4999.0 0
33 5000 3.74542999268 -4999.0 0
34 5000 3.79779005051 -4999.0 0
35 5000 3.51925396919 -4999.0 0
36 5000 3.40008401871 -4999.0 0
37 5000 4.13402104378 -4999.0 0
38 5000 4.21471214294 -4999.0 0
39 5000 4.26233911514 -4999.0 0
40 5000 4.05537080765 -4999.0 0
41 5000 4.22518086433 -4999.0 0
42 5000 3.67249083519 -4999.0 0
43 5000 3.3459239006 -4999.0 0
44 5000 3.7284591198 -4999.0 0
45 5000 3.69271278381 -4999.0 0
46 5000 3.21475696564 -4999.0 0
47 5000 3.25948786736 -4999.0 0
48 5000 3.68051600456 -4999.0 0
49 5000 3.60771298409 -4999.0 0
0 1484 0.867020130157 -1482.0 1
1 5000 2.89430904388 -4999.0 0
2 5000 3.30149412155 -4999.0 0
3 5000 3.40500998497 -4999.0 0
4 5000 3.41349101067 -4999.0 0
5 5000 3.34683489799 -4999.0 0
6 5000 3.57716107368 -4999.0 0
7 5000 3.58772706985 -4999.0 0
8 5000 4.10544800758 -4999.0 0
9 5000 3.468957901 -4999.0 0
10 5000 3.26116704941 -4999.0 0
11 5000 3.73962593079 -4999.0 0
12 5000 3.58156991005 -4999.0 0
13 5000 3.46190285683 -4999.0 0
14 5000 3.72469902039 -4999.0 0
15 5000 3.57658886909 -4999.0 0
16 5000 3.62644505501 -4999.0 0
17 5000 3.70539283752 -4999.0 0
18 5000 3.62648320198 -4999.0 0
19 5000 3.81130003929 -4999.0 0
20 5000 3.43475294113 -4999.0 0
21 5000 3.33467006683 -4999.0 0
22 5000 3.48576998711 -4999.0 0
23 5000 4.04862594604 -4999.0 0
24 5000 3.31323003769 -4999.0 0
25 5000 3.61679887772 -4999.0 0
26 5000 3.64482402802 -4999.0 0
27 5000 3.31266212463 -4999.0 0
28 5000 3.49614405632 -4999.0 0
29 5000 3.47027897835 -4999.0 0
30 5000 3.34046196938 -4999.0 0
31 5000 3.57658100128 -4999.0 0
32 5000 3.56309199333 -4999.0 0
33 5000 3.56707692146 -4999.0 0
34 5000 3.46848201752 -4999.0 0
35 5000 3.58680987358 -4999.0 0
36 5000 4.11160588264 -4999.0 0
37 5000 3.31042695045 -4999.0 0
38 5000 3.69610786438 -4999.0 0
39 5000 3.71947813034 -4999.0 0
40 5000 3.37677788734 -4999.0 0
41 5000 3.38504099846 -4999.0 0
42 5000 3.45643877983 -4999.0 0
43 5000 3.2652349472 -4999.0 0
44 5000 3.50956010818 -4999.0 0
45 5000 3.88972806931 -4999.0 0
46 5000 3.59271407127 -4999.0 0
47 5000 3.53277993202 -4999.0 0
48 5000 3.59833288193 -4999.0 0
49 5000 3.3842830658 -4999.0 0
0 1484 0.740577936172 -1482.0 1
1 5000 2.45124602318 -4999.0 0
2 5000 3.62992405891 -4999.0 0
3 5000 3.35496711731 -4999.0 0
4 5000 3.45387792587 -4999.0 0
5 5000 3.43538594246 -4999.0 0
6 5000 3.44575810432 -4999.0 0
7 5000 3.55645895004 -4999.0 0
8 5000 3.73106908798 -4999.0 0
9 5000 3.51460909843 -4999.0 0
10 5000 3.53206300735 -4999.0 0
11 5000 3.41279792786 -4999.0 0
12 5000 3.89643883705 -4999.0 0
13 5000 3.44806218147 -4999.0 0
14 5000 3.5007390976 -4999.0 0
15 5000 3.435120821 -4999.0 0
16 5000 3.24380302429 -4999.0 0
17 5000 3.52922797203 -4999.0 0
18 5000 3.38162899017 -4999.0 0
19 5000 3.51908302307 -4999.0 0
20 5000 3.52180194855 -4999.0 0
21 5000 3.47867107391 -4999.0 0
22 5000 3.49191689491 -4999.0 0
23 5000 3.49163198471 -4999.0 0
24 5000 3.26837897301 -4999.0 0
25 5000 3.14004397392 -4999.0 0
26 5000 3.3462638855 -4999.0 0
27 5000 4.58094286919 -4999.0 0
28 5000 4.29151391983 -4999.0 0
29 5000 3.84078216553 -4999.0 0
30 5000 3.8909740448 -4999.0 0
31 5000 3.76608109474 -4999.0 0
32 5000 3.90926599503 -4999.0 0
33 5000 4.02254891396 -4999.0 0
34 5000 3.99713993073 -4999.0 0
35 5000 4.04232501984 -4999.0 0
36 5000 3.49657177925 -4999.0 0
37 5000 3.5148639679 -4999.0 0
38 5000 3.60475111008 -4999.0 0
39 5000 3.52632808685 -4999.0 0
40 5000 3.66473579407 -4999.0 0
41 5000 3.3976829052 -4999.0 0
42 5000 3.45190310478 -4999.0 0
43 5000 3.50430393219 -4999.0 0
44 5000 3.42331194878 -4999.0 0
45 5000 3.44572997093 -4999.0 0
46 5000 3.61245179176 -4999.0 0
47 5000 3.64994502068 -4999.0 0
48 5000 3.8194129467 -4999.0 0
49 5000 4.0417740345 -4999.0 0
