trial, number of steps, runtime, accumulated reward, termination
0 12 0.00516986846924 9.0 1
1 10 0.00392913818359 7.0 1
2 11 0.00464797019958 8.0 1
3 9 0.00365495681763 6.0 1
4 10 0.0040328502655 7.0 1
5 10 0.00404906272888 7.0 1
6 11 0.00451397895813 8.0 1
7 12 0.0047562122345 9.0 1
8 11 0.00433111190796 8.0 1
9 11 0.0044310092926 8.0 1
10 11 0.00433802604675 8.0 1
11 11 0.00436186790466 8.0 1
12 14 0.00573682785034 11.0 1
13 11 0.00444006919861 8.0 1
14 92 0.0400428771973 89.0 1
15 14 0.00596714019775 11.0 1
16 12 0.00538611412048 9.0 1
17 12 0.00479578971863 9.0 1
18 532 0.244208097458 529.0 1
19 9 0.00444388389587 6.0 1
20 12 0.00588798522949 9.0 1
21 9 0.00421690940857 6.0 1
22 10 0.00474405288696 7.0 1
23 9 0.00395488739014 6.0 1
24 10 0.00452709197998 7.0 1
25 10 0.00465106964111 7.0 1
26 9 0.00408291816711 6.0 1
27 10 0.00459313392639 7.0 1
28 10 0.00437998771667 7.0 1
29 9 0.00388097763062 6.0 1
30 8 0.00372099876404 5.0 1
31 18 0.00866794586182 15.0 1
32 27 0.0132369995117 24.0 1
33 14 0.00654292106628 11.0 1
34 19 0.00871014595032 16.0 1
35 11 0.00485396385193 8.0 1
36 9 0.00385403633118 6.0 1
37 8 0.00359797477722 5.0 1
38 9 0.00401616096497 6.0 1
39 8 0.00373101234436 5.0 1
40 17 0.00807285308838 14.0 1
41 12 0.00554895401001 9.0 1
42 11 0.00509309768677 8.0 1
43 9 0.0039918422699 6.0 1
44 15 0.00708508491516 12.0 1
45 10 0.00445985794067 7.0 1
46 10 0.00437998771667 7.0 1
47 10 0.00452995300293 7.0 1
48 12 0.00536203384399 9.0 1
49 8 0.00360989570618 5.0 1
0 8 0.00369691848755 5.0 1
1 8 0.00363802909851 5.0 1
2 9 0.00394082069397 6.0 1
3 9 0.00408887863159 6.0 1
4 11 0.0049741268158 8.0 1
5 9 0.00394010543823 6.0 1
6 13 0.00603079795837 10.0 1
7 9 0.00401902198792 6.0 1
8 10 0.00477910041809 7.0 1
9 11 0.00507307052612 8.0 1
10 11 0.0050220489502 8.0 1
11 13 0.00616908073425 10.0 1
12 9 0.00404286384583 6.0 1
13 9 0.00402498245239 6.0 1
14 8 0.00360703468323 5.0 1
15 12 0.00559902191162 9.0 1
16 9 0.00394105911255 6.0 1
17 10 0.00452184677124 7.0 1
18 9 0.00401902198792 6.0 1
19 11 0.00492691993713 8.0 1
20 8 0.00353693962097 5.0 1
21 13 0.00598812103271 10.0 1
22 12 0.00536203384399 9.0 1
23 8 0.00344395637512 5.0 1
24 10 0.00423383712769 7.0 1
25 8 0.00334501266479 5.0 1
26 10 0.00423312187195 7.0 1
27 9 0.00384497642517 6.0 1
28 13 0.00574779510498 10.0 1
29 11 0.00472807884216 8.0 1
30 9 0.00398802757263 6.0 1
31 11 0.00488901138306 8.0 1
32 13 0.00563788414001 10.0 1
33 12 0.00519490242004 9.0 1
34 9 0.00389385223389 6.0 1
35 11 0.00489497184753 8.0 1
36 11 0.00498414039612 8.0 1
37 8 0.00351405143738 5.0 1
38 8 0.00345778465271 5.0 1
39 12 0.00528192520142 9.0 1
40 12 0.0052490234375 9.0 1
41 11 0.00486993789673 8.0 1
42 8 0.00341892242432 5.0 1
43 9 0.00382590293884 6.0 1
44 10 0.00433111190796 7.0 1
45 12 0.0054030418396 9.0 1
46 13 0.00582313537598 10.0 1
47 8 0.00334286689758 5.0 1
48 10 0.00446701049805 7.0 1
49 14 0.00631403923035 11.0 1
0 123 0.0592532157898 120.0 1
1 55 0.0259580612183 52.0 1
2 44 0.0205140113831 41.0 1
3 282 0.132875919342 279.0 1
4 158 0.0684769153595 155.0 1
5 5000 2.33033180237 4999.0 0
6 74 0.0372340679169 71.0 1
7 13 0.00609803199768 10.0 1
8 9 0.00406289100647 6.0 1
9 9 0.00409197807312 6.0 1
10 25 0.0118680000305 22.0 1
11 11 0.00518989562988 8.0 1
12 5000 2.73837399483 4999.0 0
13 5000 2.39710497856 4999.0 0
14 5000 2.35030007362 4999.0 0
15 8 0.00308609008789 5.0 1
16 5000 2.138931036 4999.0 0
17 5000 2.47070407867 4999.0 0
18 36 0.0154731273651 33.0 1
19 10 0.00410509109497 7.0 1
20 11 0.00436615943909 8.0 1
21 12 0.00472688674927 9.0 1
22 85 0.0391111373901 82.0 1
23 9 0.00398707389832 6.0 1
24 13 0.00552082061768 10.0 1
25 2688 1.41251301765 2685.0 1
26 5000 2.72824311256 4999.0 0
27 5000 2.83579587936 4999.0 0
28 8 0.00375699996948 5.0 1
29 5000 2.7249610424 4999.0 0
30 908 0.503960132599 905.0 1
31 82 0.0465722084045 79.0 1
32 8 0.00411105155945 5.0 1
33 8 0.00397205352783 5.0 1
34 9 0.00474309921265 6.0 1
35 18 0.0100040435791 15.0 1
36 9 0.00463509559631 6.0 1
37 9 0.0047619342804 6.0 1
38 198 0.114734172821 195.0 1
39 5000 2.74635601044 4999.0 0
40 5000 2.68401408195 4999.0 0
41 5000 2.73500585556 4999.0 0
42 15 0.00795102119446 12.0 1
43 5000 2.80471491814 4999.0 0
44 45 0.0234370231628 42.0 1
45 27 0.0143718719482 24.0 1
46 11 0.0055980682373 8.0 1
47 5000 2.5975689888 4999.0 0
48 5000 2.20811605453 4999.0 0
49 5000 2.29580211639 4999.0 0
0 8 0.00346994400024 5.0 1
1 8 0.00325703620911 5.0 1
2 10 0.00439119338989 7.0 1
3 12 0.00516295433044 9.0 1
4 11 0.00463104248047 8.0 1
5 11 0.00474500656128 8.0 1
6 13 0.00526309013367 10.0 1
7 12 0.00466299057007 9.0 1
8 11 0.00426006317139 8.0 1
9 10 0.00407600402832 7.0 1
10 9 0.00368285179138 6.0 1
11 8 0.00314617156982 5.0 1
12 9 0.00359797477722 6.0 1
13 13 0.00547790527344 10.0 1
14 13 0.00540399551392 10.0 1
15 11 0.00462198257446 8.0 1
16 8 0.00314998626709 5.0 1
17 11 0.0044379234314 8.0 1
18 9 0.00343990325928 6.0 1
19 12 0.00477719306946 9.0 1
20 12 0.00496506690979 9.0 1
21 10 0.00409293174744 7.0 1
22 9 0.00372815132141 6.0 1
23 13 0.00548505783081 10.0 1
24 8 0.00307607650757 5.0 1
25 9 0.00365996360779 6.0 1
26 9 0.00361108779907 6.0 1
27 9 0.00237703323364 6.0 1
28 12 0.00315594673157 9.0 1
29 12 0.0031590461731 9.0 1
30 10 0.00259399414062 7.0 1
31 11 0.00285911560059 8.0 1
32 12 0.00315403938293 9.0 1
33 8 0.00417304039001 5.0 1
34 10 0.00408720970154 7.0 1
35 13 0.00555300712585 10.0 1
36 14 0.00590586662292 11.0 1
37 14 0.00598692893982 11.0 1
38 13 0.00509190559387 10.0 1
39 14 0.00593900680542 11.0 1
40 16 0.00714612007141 13.0 1
41 15 0.0065541267395 12.0 1
42 10 0.00411605834961 7.0 1
43 14 0.00600790977478 11.0 1
44 14 0.0058901309967 11.0 1
45 13 0.00561499595642 10.0 1
46 9 0.00346398353577 6.0 1
47 15 0.0059540271759 12.0 1
48 10 0.00420498847961 7.0 1
49 10 0.00416898727417 7.0 1
0 64 0.0278680324554 61.0 1
1 41 0.0178420543671 38.0 1
2 59 0.0252330303192 56.0 1
3 48 0.0208160877228 45.0 1
4 47 0.0201470851898 44.0 1
5 46 0.0200731754303 43.0 1
6 13 0.00442218780518 10.0 1
7 361 0.172724962234 358.0 1
8 33 0.0156788825989 30.0 1
9 111 0.0509889125824 108.0 1
10 284 0.148113965988 281.0 1
11 8 0.0035560131073 5.0 1
12 8 0.00349998474121 5.0 1
13 263 0.119182825089 260.0 1
14 8 0.0029718875885 5.0 1
15 208 0.155539035797 205.0 1
16 14 0.00593209266663 11.0 1
17 164 0.0811471939087 161.0 1
18 5000 2.2274620533 4999.0 0
19 14 0.0180699825287 11.0 1
20 241 0.113625049591 238.0 1
21 9 0.00349807739258 6.0 1
22 9 0.00339603424072 6.0 1
23 95 0.0400581359863 92.0 1
24 9 0.00341391563416 6.0 1
25 121 0.0511419773102 118.0 1
26 744 0.314054012299 741.0 1
27 13 0.00501489639282 10.0 1
28 270 0.112179040909 267.0 1
29 324 0.137258052826 321.0 1
30 49 0.020183801651 46.0 1
31 10 0.00382518768311 7.0 1
32 16 0.00652599334717 13.0 1
33 206 0.101863861084 203.0 1
34 14 0.00610089302063 11.0 1
35 18 0.00802683830261 15.0 1
36 68 0.0318698883057 65.0 1
37 165 0.0776700973511 162.0 1
38 9 0.00377798080444 6.0 1
39 10 0.00436806678772 7.0 1
40 178 0.08314204216 175.0 1
41 167 0.0797309875488 164.0 1
42 9 0.00393199920654 6.0 1
43 29 0.0132398605347 26.0 1
44 9 0.00376200675964 6.0 1
45 11 0.0047390460968 8.0 1
46 10 0.00429105758667 7.0 1
47 9 0.00380110740662 6.0 1
48 23 0.0104510784149 20.0 1
49 10 0.00435304641724 7.0 1
0 11 0.00487685203552 8.0 1
1 8 0.00339818000793 5.0 1
2 10 0.00424695014954 7.0 1
3 12 0.00529193878174 9.0 1
4 12 0.00524687767029 9.0 1
5 10 0.0042622089386 7.0 1
6 12 0.0051589012146 9.0 1
7 9 0.00382804870605 6.0 1
8 10 0.00415515899658 7.0 1
9 11 0.00466012954712 8.0 1
10 12 0.00523591041565 9.0 1
11 11 0.00472402572632 8.0 1
12 12 0.00518989562988 9.0 1
13 10 0.00428700447083 7.0 1
14 9 0.00375413894653 6.0 1
15 9 0.00377106666565 6.0 1
16 8 0.00326919555664 5.0 1
17 11 0.00479507446289 8.0 1
18 11 0.00476002693176 8.0 1
19 10 0.00419592857361 7.0 1
20 9 0.00371217727661 6.0 1
21 12 0.00518894195557 9.0 1
22 10 0.00432896614075 7.0 1
23 11 0.00475788116455 8.0 1
24 8 0.0032651424408 5.0 1
25 11 0.0046751499176 8.0 1
26 9 0.00386881828308 6.0 1
27 11 0.00479602813721 8.0 1
28 10 0.00423192977905 7.0 1
29 11 0.00481009483337 8.0 1
30 11 0.00538206100464 8.0 1
31 8 0.00392413139343 5.0 1
32 12 0.00588893890381 9.0 1
33 12 0.00600099563599 9.0 1
34 13 0.00664901733398 10.0 1
35 13 0.00576281547546 10.0 1
36 11 0.00467920303345 8.0 1
37 11 0.0046808719635 8.0 1
38 8 0.00334310531616 5.0 1
39 12 0.00533890724182 9.0 1
40 9 0.00381398200989 6.0 1
41 11 0.00480198860168 8.0 1
42 8 0.00334286689758 5.0 1
43 9 0.00385499000549 6.0 1
44 11 0.00476312637329 8.0 1
45 9 0.00376415252686 6.0 1
46 10 0.00431084632874 7.0 1
47 11 0.00480699539185 8.0 1
48 13 0.00572419166565 10.0 1
49 10 0.00428700447083 7.0 1
0 9 0.00393009185791 6.0 1
1 13 0.00567698478699 10.0 1
2 12 0.00520586967468 9.0 1
3 10 0.00431299209595 7.0 1
4 12 0.005215883255 9.0 1
5 9 0.00377202033997 6.0 1
6 11 0.00470018386841 8.0 1
7 11 0.00478386878967 8.0 1
8 13 0.00573301315308 10.0 1
9 8 0.00340795516968 5.0 1
10 12 0.00524497032166 9.0 1
11 12 0.00523900985718 9.0 1
12 12 0.00526595115662 9.0 1
13 12 0.00516986846924 9.0 1
14 11 0.00478386878967 8.0 1
15 11 0.00484681129456 8.0 1
16 12 0.00512981414795 9.0 1
17 10 0.00423097610474 7.0 1
18 12 0.00520586967468 9.0 1
19 13 0.0056312084198 10.0 1
20 13 0.00560593605042 10.0 1
21 10 0.00422811508179 7.0 1
22 11 0.00471115112305 8.0 1
23 12 0.00520396232605 9.0 1
24 11 0.00466799736023 8.0 1
25 14 0.00613307952881 11.0 1
26 13 0.00559020042419 10.0 1
27 13 0.0056631565094 10.0 1
28 10 0.00432586669922 7.0 1
29 11 0.00476813316345 8.0 1
30 11 0.00468516349792 8.0 1
31 12 0.00522899627686 9.0 1
32 10 0.00425791740417 7.0 1
33 13 0.00563502311707 10.0 1
34 13 0.00576114654541 10.0 1
35 9 0.00388813018799 6.0 1
36 13 0.00568103790283 10.0 1
37 13 0.00567698478699 10.0 1
38 11 0.00471711158752 8.0 1
39 13 0.00557279586792 10.0 1
40 9 0.00377798080444 6.0 1
41 14 0.00610709190369 11.0 1
42 9 0.00378799438477 6.0 1
43 12 0.00517582893372 9.0 1
44 11 0.0046980381012 8.0 1
45 12 0.00515294075012 9.0 1
46 15 0.00643396377563 12.0 1
47 10 0.0043740272522 7.0 1
48 12 0.00518083572388 9.0 1
49 14 0.00617384910583 11.0 1
0 72 0.0332689285278 69.0 1
1 73 0.0335738658905 70.0 1
2 58 0.026752948761 55.0 1
3 103 0.0480070114136 100.0 1
4 200 0.0933167934418 197.0 1
5 86 0.0398728847504 83.0 1
6 125 0.0559270381927 122.0 1
7 14 0.00593400001526 11.0 1
8 31 0.0139949321747 28.0 1
9 5000 2.32942390442 4999.0 0
10 19 0.00910401344299 16.0 1
11 28 0.0126371383667 25.0 1
12 10 0.00426697731018 7.0 1
13 13 0.00597286224365 10.0 1
14 13 0.00602698326111 10.0 1
15 10 0.00444793701172 7.0 1
16 5000 2.46195006371 4999.0 0
17 5000 2.42639803886 4999.0 0
18 17 0.00739097595215 14.0 1
19 26 0.0114297866821 23.0 1
20 121 0.0555529594421 118.0 1
21 9 0.00376510620117 6.0 1
22 315 0.144593954086 312.0 1
23 346 0.160361051559 343.0 1
24 8 0.00342011451721 5.0 1
25 351 0.16407585144 348.0 1
26 326 0.150905132294 323.0 1
27 251 0.116258144379 248.0 1
28 3944 1.80922818184 3941.0 1
29 157 0.0721700191498 154.0 1
30 205 0.0929539203644 202.0 1
31 209 0.0944271087646 206.0 1
32 1345 0.64803314209 1342.0 1
33 232 0.113895893097 229.0 1
34 5000 2.30457520485 4999.0 0
35 14 0.00602388381958 11.0 1
36 270 0.124716997147 267.0 1
37 9 0.00384497642517 6.0 1
38 10 0.00425696372986 7.0 1
39 8 0.0032958984375 5.0 1
40 9 0.00379705429077 6.0 1
41 447 0.207029819489 444.0 1
42 34 0.0152108669281 31.0 1
43 9 0.00374579429626 6.0 1
44 9 0.00373911857605 6.0 1
45 18 0.00785994529724 15.0 1
46 10 0.00420498847961 7.0 1
47 34 0.0151569843292 31.0 1
48 96 0.0436689853668 93.0 1
49 9 0.00377488136292 6.0 1
0 97 0.0443680286407 94.0 1
1 13 0.005539894104 10.0 1
2 38 0.0170509815216 35.0 1
3 122 0.0557980537415 119.0 1
4 229 0.103939056396 226.0 1
5 13 0.00553202629089 10.0 1
6 72 0.0325679779053 69.0 1
7 8 0.00330209732056 5.0 1
8 5000 2.28739500046 4999.0 0
9 5000 2.31864786148 4999.0 0
10 52 0.0302810668945 49.0 1
11 13 0.00560688972473 10.0 1
12 13 0.00559997558594 10.0 1
13 5000 2.30266094208 4999.0 0
14 87 0.0395710468292 84.0 1
15 23 0.0101900100708 20.0 1
16 49 0.0220019817352 46.0 1
17 28 0.0124158859253 25.0 1
18 5000 2.22055006027 4999.0 0
19 5000 2.19370293617 4999.0 0
20 5000 2.18704605103 4999.0 0
21 5000 2.68893790245 4999.0 0
22 5000 2.27555608749 4999.0 0
23 5000 2.37109780312 4999.0 0
24 5000 2.1518099308 4999.0 0
25 5000 2.2366540432 4999.0 0
26 5000 2.57393598557 4999.0 0
27 5000 2.48903203011 4999.0 0
28 5000 2.3428030014 4999.0 0
29 5000 2.39007687569 4999.0 0
30 5000 2.55232810974 4999.0 0
31 5000 2.23168110847 4999.0 0
32 4391 2.38483810425 4388.0 1
33 102 0.0561120510101 99.0 1
34 5000 2.73230695724 4999.0 0
35 5000 2.35285115242 4999.0 0
36 5000 2.27529907227 4999.0 0
37 5000 2.46761202812 4999.0 0
38 5000 2.44770407677 4999.0 0
39 5000 2.27896618843 4999.0 0
40 5000 2.5750849247 4999.0 0
41 5000 2.6275229454 4999.0 0
42 5000 2.22222900391 4999.0 0
43 5000 2.42850089073 4999.0 0
44 5000 2.34799718857 4999.0 0
45 5000 2.30352592468 4999.0 0
46 5000 2.48489093781 4999.0 0
47 5000 2.64649987221 4999.0 0
48 5000 2.57844591141 4999.0 0
49 5000 2.58644604683 4999.0 0
0 8 0.00374484062195 5.0 1
1 8 0.00363922119141 5.0 1
2 12 0.00565910339355 9.0 1
3 11 0.00512790679932 8.0 1
4 10 0.00473403930664 7.0 1
5 8 0.00371789932251 5.0 1
6 12 0.00574898719788 9.0 1
7 9 0.00419497489929 6.0 1
8 10 0.00472688674927 7.0 1
9 11 0.00522780418396 8.0 1
10 10 0.00469183921814 7.0 1
11 13 0.00630688667297 10.0 1
12 10 0.00466203689575 7.0 1
13 10 0.0046980381012 7.0 1
14 12 0.00566101074219 9.0 1
15 11 0.00523996353149 8.0 1
16 11 0.00519418716431 8.0 1
17 10 0.00473499298096 7.0 1
18 9 0.00414609909058 6.0 1
19 9 0.00407910346985 6.0 1
20 10 0.00466895103455 7.0 1
21 12 0.00567388534546 9.0 1
22 10 0.00466084480286 7.0 1
23 13 0.0062301158905 10.0 1
24 9 0.0042290687561 6.0 1
25 8 0.00371289253235 5.0 1
26 12 0.00571703910828 9.0 1
27 12 0.00563287734985 9.0 1
28 9 0.00414395332336 6.0 1
29 8 0.00374603271484 5.0 1
30 13 0.006178855896 10.0 1
31 9 0.00431799888611 6.0 1
32 12 0.0056939125061 9.0 1
33 9 0.00424981117249 6.0 1
34 10 0.00471496582031 7.0 1
35 10 0.00474905967712 7.0 1
36 9 0.00419497489929 6.0 1
37 10 0.00470781326294 7.0 1
38 8 0.00370001792908 5.0 1
39 8 0.00369691848755 5.0 1
40 12 0.00570511817932 9.0 1
41 11 0.00522422790527 8.0 1
42 9 0.00420308113098 6.0 1
43 9 0.00423884391785 6.0 1
44 11 0.00530409812927 8.0 1
45 11 0.00522518157959 8.0 1
46 8 0.00371909141541 5.0 1
47 10 0.00470209121704 7.0 1
48 10 0.00472688674927 7.0 1
49 9 0.0041618347168 6.0 1
