trial, number of steps, runtime, accumulated reward, termination
0 1274 0.763324975967 -1272.0 1
1 2269 1.33881592751 -2267.0 1
2 1570 0.899264812469 -1568.0 1
3 1353 0.787497997284 -1351.0 1
4 1018 0.616397857666 -1016.0 1
5 1044 0.606410980225 -1042.0 1
6 1290 0.750216007233 -1288.0 1
7 1407 0.846782922745 -1405.0 1
8 2587 1.41143679619 -2585.0 1
9 1978 1.04519605637 -1976.0 1
10 1622 0.85639500618 -1620.0 1
11 631 0.323542833328 -629.0 1
12 2128 1.10801005363 -2126.0 1
13 721 0.360136985779 -719.0 1
14 1172 0.613497972488 -1170.0 1
15 5000 2.52259707451 -4999.0 0
16 1690 0.848956823349 -1688.0 1
17 763 0.378611087799 -761.0 1
18 1095 0.559953212738 -1093.0 1
19 2274 1.15328001976 -2272.0 1
20 1159 0.590964794159 -1157.0 1
21 752 0.377303123474 -750.0 1
22 2778 1.40601801872 -2776.0 1
23 1200 0.630686998367 -1198.0 1
24 1950 1.01605296135 -1948.0 1
25 1985 1.02938389778 -1983.0 1
26 2481 1.27158212662 -2479.0 1
27 2836 1.40831899643 -2834.0 1
28 1433 0.709963083267 -1431.0 1
29 1162 0.651264190674 -1160.0 1
30 1452 0.756788015366 -1450.0 1
31 1003 0.528241157532 -1001.0 1
32 2115 1.13339591026 -2113.0 1
33 1115 0.59223985672 -1113.0 1
34 2785 1.47933888435 -2783.0 1
35 1088 0.558636188507 -1086.0 1
36 570 0.297813892365 -568.0 1
37 2136 1.13427710533 -2134.0 1
38 1656 0.8646068573 -1654.0 1
39 1378 0.722968101501 -1376.0 1
40 1730 0.920721769333 -1728.0 1
41 1763 0.919272899628 -1761.0 1
42 1221 0.651242017746 -1219.0 1
43 3023 1.58304595947 -3021.0 1
44 1004 0.508805990219 -1002.0 1
45 3116 1.61396098137 -3114.0 1
46 2084 1.08944606781 -2082.0 1
47 1684 0.894799947739 -1682.0 1
48 1537 0.834312915802 -1535.0 1
49 1528 0.837717056274 -1526.0 1
0 972 0.537331104279 -970.0 1
1 2733 1.47723984718 -2731.0 1
2 570 0.308449029922 -568.0 1
3 3072 1.64708089828 -3070.0 1
4 2039 1.08785200119 -2037.0 1
5 1740 0.928592920303 -1738.0 1
6 1572 0.823616027832 -1570.0 1
7 1551 0.86650800705 -1549.0 1
8 692 0.378283977509 -690.0 1
9 823 0.445578098297 -821.0 1
10 1794 1.03213310242 -1792.0 1
11 925 0.446156978607 -923.0 1
12 1358 0.676348924637 -1356.0 1
13 1244 0.653885126114 -1242.0 1
14 2312 1.17309808731 -2310.0 1
15 483 0.271924972534 -481.0 1
16 1727 0.96179485321 -1725.0 1
17 1697 0.932796001434 -1695.0 1
18 2081 1.09331893921 -2079.0 1
19 1412 0.753214836121 -1410.0 1
20 2785 1.42773795128 -2783.0 1
21 3997 2.03333616257 -3995.0 1
22 1330 0.715302944183 -1328.0 1
23 694 0.393290042877 -692.0 1
24 2193 1.27995705605 -2191.0 1
25 4494 2.61144208908 -4492.0 1
26 3496 1.99221611023 -3494.0 1
27 2025 1.06546401978 -2023.0 1
28 890 0.462546110153 -888.0 1
29 2164 1.13170099258 -2162.0 1
30 3088 1.61686015129 -3086.0 1
31 647 0.364160060883 -645.0 1
32 866 0.490979909897 -864.0 1
33 2668 1.33021783829 -2666.0 1
34 1249 0.623162984848 -1247.0 1
35 2184 1.22038388252 -2182.0 1
36 1646 0.89736700058 -1644.0 1
37 1231 0.620903968811 -1229.0 1
38 1696 0.814723968506 -1694.0 1
39 1310 0.738129138947 -1308.0 1
40 1969 0.968068122864 -1967.0 1
41 1431 0.697552919388 -1429.0 1
42 1704 0.914697885513 -1702.0 1
43 1639 0.832702159882 -1637.0 1
44 869 0.47926902771 -867.0 1
45 257 0.155272960663 -255.0 1
46 4033 2.20179390907 -4031.0 1
47 5000 2.67104196548 -4999.0 0
48 959 0.504896879196 -957.0 1
49 1273 0.678662061691 -1271.0 1
0 733 0.382920980453 -731.0 1
1 1937 1.02242708206 -1935.0 1
2 2396 1.24972105026 -2394.0 1
3 678 0.364201068878 -676.0 1
4 1703 0.904706001282 -1701.0 1
5 614 0.321424007416 -612.0 1
6 2537 1.39294791222 -2535.0 1
7 494 0.268793106079 -492.0 1
8 354 0.195894002914 -352.0 1
9 2506 1.30364513397 -2504.0 1
10 1518 0.718200922012 -1516.0 1
11 1547 0.75264787674 -1545.0 1
12 1878 1.06137084961 -1876.0 1
13 2594 1.43650698662 -2592.0 1
14 3495 1.88878703117 -3493.0 1
15 2432 1.28861093521 -2430.0 1
16 1099 0.56501698494 -1097.0 1
17 334 0.179233074188 -332.0 1
18 2191 1.17848205566 -2189.0 1
19 1858 1.00938916206 -1856.0 1
20 1498 0.774928092957 -1496.0 1
21 2325 1.2048099041 -2323.0 1
22 4069 2.13609194756 -4067.0 1
23 666 0.361780166626 -664.0 1
24 1365 0.750262022018 -1363.0 1
25 2335 1.19457602501 -2333.0 1
26 323 0.1646900177 -321.0 1
27 2483 1.33805918694 -2481.0 1
28 1174 0.549343109131 -1172.0 1
29 1595 0.858986139297 -1593.0 1
30 777 0.487614154816 -775.0 1
31 810 0.474032878876 -808.0 1
32 851 0.404158830643 -849.0 1
33 1148 0.641474962234 -1146.0 1
34 628 0.315252780914 -626.0 1
35 1956 0.985847949982 -1954.0 1
36 2842 1.51157808304 -2840.0 1
37 645 0.338766813278 -643.0 1
38 950 0.513231992722 -948.0 1
39 2829 1.50095582008 -2827.0 1
40 1290 0.675272941589 -1288.0 1
41 658 0.338538885117 -656.0 1
42 942 0.475399971008 -940.0 1
43 1609 0.819092988968 -1607.0 1
44 1283 0.664871931076 -1281.0 1
45 717 0.382663965225 -715.0 1
46 1491 0.779271125793 -1489.0 1
47 644 0.330852985382 -642.0 1
48 2615 1.40817189217 -2613.0 1
49 1501 0.781575918198 -1499.0 1
0 1241 0.658727884293 -1239.0 1
1 937 0.511852025986 -935.0 1
2 1265 0.688534975052 -1263.0 1
3 3573 1.91405391693 -3571.0 1
4 408 0.232112884521 -406.0 1
5 1714 0.938513040543 -1712.0 1
6 1542 0.822259187698 -1540.0 1
7 2319 1.22072792053 -2317.0 1
8 1486 0.777856111526 -1484.0 1
9 1386 0.715407133102 -1384.0 1
10 1781 0.963738203049 -1779.0 1
11 1794 0.961868047714 -1792.0 1
12 1238 0.665681123734 -1236.0 1
13 427 0.218266963959 -425.0 1
14 3502 1.82959103584 -3500.0 1
15 1307 0.694853782654 -1305.0 1
16 1656 0.879154920578 -1654.0 1
17 1371 0.738998889923 -1369.0 1
18 2332 1.21165394783 -2330.0 1
19 970 0.498339891434 -968.0 1
20 620 0.31777882576 -618.0 1
21 1518 0.807080030441 -1516.0 1
22 1688 0.879427909851 -1686.0 1
23 1045 0.549561977386 -1043.0 1
24 3965 2.03185105324 -3963.0 1
25 3466 1.78749513626 -3464.0 1
26 2024 1.04842495918 -2022.0 1
27 1809 0.943222999573 -1807.0 1
28 1518 0.823192119598 -1516.0 1
29 1449 0.788279056549 -1447.0 1
30 1907 0.997512817383 -1905.0 1
31 881 0.451934099197 -879.0 1
32 1417 0.731750965118 -1415.0 1
33 687 0.363343000412 -685.0 1
34 2315 1.24285912514 -2313.0 1
35 1052 0.557121038437 -1050.0 1
36 1645 0.884148836136 -1643.0 1
37 2915 1.54063510895 -2913.0 1
38 2213 1.17086195946 -2211.0 1
39 1256 0.658182144165 -1254.0 1
40 1257 0.65841794014 -1255.0 1
41 917 0.498198032379 -915.0 1
42 1066 0.577459096909 -1064.0 1
43 1302 0.690907001495 -1300.0 1
44 818 0.450284004211 -816.0 1
45 2554 1.36669707298 -2552.0 1
46 515 0.236569881439 -513.0 1
47 3465 1.71583604813 -3463.0 1
48 308 0.15762591362 -306.0 1
49 1893 0.951332807541 -1891.0 1
0 730 0.380947113037 -728.0 1
1 1982 0.996870040894 -1980.0 1
2 631 0.299864053726 -629.0 1
3 880 0.499184131622 -878.0 1
4 972 0.564079999924 -970.0 1
5 1713 0.921380996704 -1711.0 1
6 1644 0.96247792244 -1642.0 1
7 1864 1.02375507355 -1862.0 1
8 2068 1.07997989655 -2066.0 1
9 1021 0.554798841476 -1019.0 1
10 1530 0.826598167419 -1528.0 1
11 2454 1.26284503937 -2452.0 1
12 1730 0.974250078201 -1728.0 1
13 1984 1.09942913055 -1982.0 1
14 1015 0.598536968231 -1013.0 1
15 2593 1.49896812439 -2591.0 1
16 1196 0.735100984573 -1194.0 1
17 1638 0.995241880417 -1636.0 1
18 2331 1.35762810707 -2329.0 1
19 2308 1.36642599106 -2306.0 1
20 960 0.574890851974 -958.0 1
21 804 0.484035968781 -802.0 1
22 3353 1.99665403366 -3351.0 1
23 1081 0.553192138672 -1079.0 1
24 915 0.508485078812 -913.0 1
25 714 0.431882143021 -712.0 1
26 1105 0.62473320961 -1103.0 1
27 1822 0.985074043274 -1820.0 1
28 809 0.408780097961 -807.0 1
29 1007 0.482845067978 -1005.0 1
30 1239 0.663832902908 -1237.0 1
31 1952 1.10529303551 -1950.0 1
32 1234 0.729917049408 -1232.0 1
33 1184 0.646348953247 -1182.0 1
34 788 0.433441162109 -786.0 1
35 3338 1.78112196922 -3336.0 1
36 1257 0.712652921677 -1255.0 1
37 2899 1.59457087517 -2897.0 1
38 1216 0.669981002808 -1214.0 1
39 5000 2.76475095749 -4999.0 0
40 1104 0.63524889946 -1102.0 1
41 826 0.460712194443 -824.0 1
42 1509 0.879692792892 -1507.0 1
43 1438 0.810172080994 -1436.0 1
44 573 0.320812940598 -571.0 1
45 2808 1.54608607292 -2806.0 1
46 3406 1.91805481911 -3404.0 1
47 1097 0.59716796875 -1095.0 1
48 1565 0.800004959106 -1563.0 1
49 3007 1.62731599808 -3005.0 1
0 703 0.366819858551 -701.0 1
1 1980 1.03139686584 -1978.0 1
2 2448 1.28093981743 -2446.0 1
3 1635 0.878530979156 -1633.0 1
4 1858 1.01568818092 -1856.0 1
5 1250 0.631755113602 -1248.0 1
6 1355 0.709728956223 -1353.0 1
7 2523 1.33515620232 -2521.0 1
8 2099 1.14254903793 -2097.0 1
9 2381 1.30955815315 -2379.0 1
10 3124 1.74673914909 -3122.0 1
11 2146 1.07285308838 -2144.0 1
12 1191 0.669123888016 -1189.0 1
13 2285 1.08246517181 -2283.0 1
14 1460 0.726701021194 -1458.0 1
15 2124 1.03784298897 -2122.0 1
16 1327 0.648624181747 -1325.0 1
17 1337 0.664327859879 -1335.0 1
18 1662 0.857790231705 -1660.0 1
19 2014 1.03731012344 -2012.0 1
20 1507 0.730512857437 -1505.0 1
21 571 0.313752889633 -569.0 1
22 1446 0.792570829391 -1444.0 1
23 3678 1.90063095093 -3676.0 1
24 784 0.402314901352 -782.0 1
25 2176 1.04003810883 -2174.0 1
26 872 0.424725055695 -870.0 1
27 2555 1.31540894508 -2553.0 1
28 1138 0.599351167679 -1136.0 1
29 1140 0.590441942215 -1138.0 1
30 1686 0.911130905151 -1684.0 1
31 1300 0.697510004044 -1298.0 1
32 1098 0.600960969925 -1096.0 1
33 789 0.398108005524 -787.0 1
34 1271 0.679263830185 -1269.0 1
35 2196 1.0845849514 -2194.0 1
36 1185 0.629733800888 -1183.0 1
37 3159 1.61877799034 -3157.0 1
38 2218 1.14818692207 -2216.0 1
39 1067 0.529375076294 -1065.0 1
40 2010 1.08816218376 -2008.0 1
41 2172 1.16826605797 -2170.0 1
42 2840 1.42755293846 -2838.0 1
43 1895 0.963366985321 -1893.0 1
44 1232 0.667412042618 -1230.0 1
45 2200 1.2811357975 -2198.0 1
46 432 0.208785057068 -430.0 1
47 1411 0.711632966995 -1409.0 1
48 1206 0.602682113647 -1204.0 1
49 3876 2.07390999794 -3874.0 1
0 780 0.451967000961 -778.0 1
1 2731 1.49406909943 -2729.0 1
2 1946 1.09882998466 -1944.0 1
3 1010 0.50976896286 -1008.0 1
4 1498 0.775521039963 -1496.0 1
5 220 0.116123199463 -218.0 1
6 1064 0.569578886032 -1062.0 1
7 2648 1.38769602776 -2646.0 1
8 1222 0.647830963135 -1220.0 1
9 516 0.260144948959 -514.0 1
10 1754 0.859189987183 -1752.0 1
11 1695 0.873755931854 -1693.0 1
12 1542 0.775238037109 -1540.0 1
13 2218 1.67819499969 -2216.0 1
14 1096 0.565189123154 -1094.0 1
15 539 0.256175041199 -537.0 1
16 924 0.473914861679 -922.0 1
17 2541 1.34119796753 -2539.0 1
18 2160 1.0883731842 -2158.0 1
19 2007 1.05351686478 -2005.0 1
20 2778 1.72391700745 -2776.0 1
21 1117 0.619864940643 -1115.0 1
22 2159 1.70433211327 -2157.0 1
23 1141 0.899345874786 -1139.0 1
24 572 0.458216905594 -570.0 1
25 1962 1.24269604683 -1960.0 1
26 1455 0.697106122971 -1453.0 1
27 494 0.341487884521 -492.0 1
28 2781 1.38820910454 -2779.0 1
29 1372 0.706702947617 -1370.0 1
30 1262 0.699495077133 -1260.0 1
31 1391 0.741197109222 -1389.0 1
32 4328 2.39981889725 -4326.0 1
33 1432 0.786478996277 -1430.0 1
34 601 0.318808078766 -599.0 1
35 2093 1.02595591545 -2091.0 1
36 1656 0.845617055893 -1654.0 1
37 361 0.210145950317 -359.0 1
38 1720 1.02905988693 -1718.0 1
39 1224 0.746542930603 -1222.0 1
40 761 0.468889951706 -759.0 1
41 1771 1.08354496956 -1769.0 1
42 1318 0.700718164444 -1316.0 1
43 1278 0.711105108261 -1276.0 1
44 2204 1.25320315361 -2202.0 1
45 1138 0.647479057312 -1136.0 1
46 2597 1.42757797241 -2595.0 1
47 1530 0.856289863586 -1528.0 1
48 2716 1.5445599556 -2714.0 1
49 1310 0.718341827393 -1308.0 1
0 2421 1.29803800583 -2419.0 1
1 2747 1.48650693893 -2745.0 1
2 1151 0.591065168381 -1149.0 1
3 5000 2.62590003014 -4999.0 0
4 801 0.411325216293 -799.0 1
5 743 0.378973960876 -741.0 1
6 2778 1.47689986229 -2776.0 1
7 2301 1.24878191948 -2299.0 1
8 1085 0.573817968369 -1083.0 1
9 2068 1.12057185173 -2066.0 1
10 1479 0.791740894318 -1477.0 1
11 1369 0.759844779968 -1367.0 1
12 3007 1.63711810112 -3005.0 1
13 718 0.397294044495 -716.0 1
14 1539 0.814683198929 -1537.0 1
15 2147 1.14877510071 -2145.0 1
16 2131 1.16288900375 -2129.0 1
17 448 0.230465888977 -446.0 1
18 1560 0.869345903397 -1558.0 1
19 346 0.195621013641 -344.0 1
20 432 0.247336864471 -430.0 1
21 1587 0.911890983582 -1585.0 1
22 2293 1.27608895302 -2291.0 1
23 1543 0.928858041763 -1541.0 1
24 3562 1.87829899788 -3560.0 1
25 4092 2.58262491226 -4090.0 1
26 1587 1.22055006027 -1585.0 1
27 1096 0.646603107452 -1094.0 1
28 748 0.344790935516 -746.0 1
29 2206 1.17668914795 -2204.0 1
30 616 0.308001995087 -614.0 1
31 279 0.134660005569 -277.0 1
32 2856 1.63226509094 -2854.0 1
33 1796 1.47120404243 -1794.0 1
34 1213 0.788435935974 -1211.0 1
35 2033 1.34119200706 -2031.0 1
36 1063 0.754432201385 -1061.0 1
37 1636 1.1646399498 -1634.0 1
38 1230 0.959922075272 -1228.0 1
39 1805 1.36898899078 -1803.0 1
40 2789 1.46436500549 -2787.0 1
41 516 0.261518001556 -514.0 1
42 2044 1.11101293564 -2042.0 1
43 1829 0.981966972351 -1827.0 1
44 3212 1.67983603477 -3210.0 1
45 2266 1.13817501068 -2264.0 1
46 5000 2.54285812378 -4999.0 0
47 2782 1.42505598068 -2780.0 1
48 2005 1.02943491936 -2003.0 1
49 1141 0.564433097839 -1139.0 1
0 3646 1.7091691494 -3644.0 1
1 1683 0.874804973602 -1681.0 1
2 2016 0.994311094284 -2014.0 1
3 611 0.282594919205 -609.0 1
4 1090 0.581140041351 -1088.0 1
5 1111 0.572598934174 -1109.0 1
6 607 0.335681915283 -605.0 1
7 3272 1.95660185814 -3270.0 1
8 1519 0.783879041672 -1517.0 1
9 252 0.139050960541 -250.0 1
10 1494 1.08055210114 -1492.0 1
11 724 0.566512107849 -722.0 1
12 1433 1.08142900467 -1431.0 1
13 2626 1.66094398499 -2624.0 1
14 1411 0.733210086823 -1409.0 1
15 806 0.374840021133 -804.0 1
16 971 0.530124902725 -969.0 1
17 1101 0.5968708992 -1099.0 1
18 468 0.250823020935 -466.0 1
19 1809 1.32445383072 -1807.0 1
20 1022 0.822634935379 -1020.0 1
21 1830 1.40240097046 -1828.0 1
22 743 0.592441082001 -741.0 1
23 918 0.476273059845 -916.0 1
24 1092 0.580137968063 -1090.0 1
25 793 0.399041175842 -791.0 1
26 818 0.411072969437 -816.0 1
27 978 0.503975152969 -976.0 1
28 1222 0.623720169067 -1220.0 1
29 755 0.382390975952 -753.0 1
30 2293 1.39423012733 -2291.0 1
31 1062 0.656002998352 -1060.0 1
32 1834 1.15421700478 -1832.0 1
33 2551 1.60629105568 -2549.0 1
34 722 0.477053880692 -720.0 1
35 1646 0.831962108612 -1644.0 1
36 3439 1.86610889435 -3437.0 1
37 1679 0.949478149414 -1677.0 1
38 412 0.232429981232 -410.0 1
39 1377 0.738906145096 -1375.0 1
40 1360 0.720348119736 -1358.0 1
41 2259 1.162307024 -2257.0 1
42 1122 0.572395801544 -1120.0 1
43 764 0.411790132523 -762.0 1
44 2251 1.28626298904 -2249.0 1
45 1789 1.15843296051 -1787.0 1
46 1480 0.905255079269 -1478.0 1
47 1877 1.05678391457 -1875.0 1
48 1584 0.844013929367 -1582.0 1
49 1000 0.543921947479 -998.0 1
0 1062 0.562585115433 -1060.0 1
1 805 0.443773031235 -803.0 1
2 3274 1.65988397598 -3272.0 1
3 3289 1.76787209511 -3287.0 1
4 575 0.305962085724 -573.0 1
5 473 0.259169816971 -471.0 1
6 2557 1.42265510559 -2555.0 1
7 1749 0.99297785759 -1747.0 1
8 1143 0.573547840118 -1141.0 1
9 1665 0.886533021927 -1663.0 1
10 3676 2.01475691795 -3674.0 1
11 1425 0.691066980362 -1423.0 1
12 825 0.438107967377 -823.0 1
13 306 0.160747051239 -304.0 1
14 2148 1.16131901741 -2146.0 1
15 2177 1.15176296234 -2175.0 1
16 317 0.147916793823 -315.0 1
17 1215 0.595636129379 -1213.0 1
18 1186 0.633733034134 -1184.0 1
19 1725 0.898905038834 -1723.0 1
20 684 0.378618001938 -682.0 1
21 955 0.52656006813 -953.0 1
22 1438 0.723692893982 -1436.0 1
23 2168 1.11981701851 -2166.0 1
24 1293 0.646013021469 -1291.0 1
25 2993 1.54537391663 -2991.0 1
26 2083 1.10015201569 -2081.0 1
27 1243 0.682854890823 -1241.0 1
28 2613 1.39648580551 -2611.0 1
29 2256 1.24269199371 -2254.0 1
30 1263 0.683057069778 -1261.0 1
31 2842 1.54079389572 -2840.0 1
32 3300 1.69989681244 -3298.0 1
33 2530 1.34192609787 -2528.0 1
34 767 0.48543381691 -765.0 1
35 1360 0.82789683342 -1358.0 1
36 873 0.444748878479 -871.0 1
37 2772 1.38702297211 -2770.0 1
38 1149 0.588649988174 -1147.0 1
39 3402 1.78293991089 -3400.0 1
40 1111 0.592181921005 -1109.0 1
41 1593 0.81499505043 -1591.0 1
42 1068 0.498939990997 -1066.0 1
43 1003 0.534393072128 -1001.0 1
44 2015 1.15873599052 -2013.0 1
45 1274 0.729694128036 -1272.0 1
46 845 0.499145030975 -843.0 1
47 2905 1.59606695175 -2903.0 1
48 3476 1.83200001717 -3474.0 1
49 520 0.28582406044 -518.0 1
