trial, number of steps, runtime, accumulated reward, termination
0 1556 0.746778011322 -1554.0 1
1 5000 2.64506602287 -4999.0 0
2 5000 2.70731091499 -4999.0 0
3 5000 2.86466383934 -4999.0 0
4 5000 2.8171479702 -4999.0 0
5 5000 2.9719479084 -4999.0 0
6 5000 2.76575303078 -4999.0 0
7 5000 2.99727702141 -4999.0 0
8 5000 2.85188412666 -4999.0 0
9 5000 2.79640483856 -4999.0 0
10 5000 2.95972585678 -4999.0 0
11 5000 3.00944900513 -4999.0 0
12 5000 2.85679197311 -4999.0 0
13 5000 3.07149386406 -4999.0 0
14 5000 2.85903811455 -4999.0 0
15 5000 2.89503097534 -4999.0 0
16 5000 2.95473003387 -4999.0 0
17 5000 2.83875203133 -4999.0 0
18 5000 2.89731907845 -4999.0 0
19 5000 2.8394048214 -4999.0 0
20 5000 2.84721422195 -4999.0 0
21 5000 2.82859992981 -4999.0 0
22 5000 2.85637784004 -4999.0 0
23 5000 2.65323996544 -4999.0 0
24 5000 2.77142286301 -4999.0 0
25 4698 2.74788498878 -4696.0 1
26 5000 2.66027498245 -4999.0 0
27 5000 2.77300906181 -4999.0 0
28 5000 2.70833182335 -4999.0 0
29 5000 2.50677800179 -4999.0 0
30 5000 2.60010814667 -4999.0 0
31 5000 2.73581790924 -4999.0 0
32 5000 2.60497403145 -4999.0 0
33 5000 2.67401194572 -4999.0 0
34 5000 2.69622397423 -4999.0 0
35 4365 2.32259106636 -4363.0 1
36 5000 2.56262803078 -4999.0 0
37 5000 2.85521006584 -4999.0 0
38 5000 3.08527898788 -4999.0 0
39 5000 3.1776611805 -4999.0 0
40 5000 3.01440405846 -4999.0 0
41 4539 2.5447101593 -4537.0 1
42 5000 2.76976799965 -4999.0 0
43 5000 2.89839291573 -4999.0 0
44 5000 2.76088380814 -4999.0 0
45 5000 2.86554789543 -4999.0 0
46 5000 2.67098498344 -4999.0 0
47 4198 2.22788000107 -4196.0 1
48 5000 2.57175898552 -4999.0 0
49 5000 2.7955520153 -4999.0 0
0 2498 1.42385911942 -2496.0 1
1 5000 2.83146595955 -4999.0 0
2 5000 2.88411998749 -4999.0 0
3 5000 2.91325116158 -4999.0 0
4 5000 2.86018514633 -4999.0 0
5 5000 2.89558601379 -4999.0 0
6 5000 2.87249898911 -4999.0 0
7 5000 2.91048002243 -4999.0 0
8 5000 2.9692299366 -4999.0 0
9 5000 2.71238303185 -4999.0 0
10 5000 2.69815897942 -4999.0 0
11 5000 3.22607302666 -4999.0 0
12 5000 2.96390295029 -4999.0 0
13 5000 2.85429096222 -4999.0 0
14 5000 2.96347999573 -4999.0 0
15 5000 2.76860713959 -4999.0 0
16 5000 2.80282497406 -4999.0 0
17 5000 2.86500787735 -4999.0 0
18 5000 3.02960801125 -4999.0 0
19 5000 2.79018592834 -4999.0 0
20 5000 2.68198394775 -4999.0 0
21 5000 2.96017098427 -4999.0 0
22 5000 2.70285010338 -4999.0 0
23 5000 2.68744897842 -4999.0 0
24 5000 2.78340888023 -4999.0 0
25 5000 3.12239098549 -4999.0 0
26 5000 3.26556682587 -4999.0 0
27 5000 3.17126297951 -4999.0 0
28 5000 2.7857260704 -4999.0 0
29 5000 2.69885802269 -4999.0 0
30 5000 2.88281297684 -4999.0 0
31 5000 2.74042415619 -4999.0 0
32 5000 2.50306415558 -4999.0 0
33 5000 2.61252403259 -4999.0 0
34 5000 2.6866080761 -4999.0 0
35 5000 2.74902415276 -4999.0 0
36 5000 2.63144493103 -4999.0 0
37 5000 2.75460290909 -4999.0 0
38 5000 2.63571715355 -4999.0 0
39 5000 2.7913069725 -4999.0 0
40 5000 2.68081593513 -4999.0 0
41 5000 2.64625191689 -4999.0 0
42 5000 2.68830990791 -4999.0 0
43 5000 2.72671198845 -4999.0 0
44 5000 2.68560099602 -4999.0 0
45 5000 2.60778594017 -4999.0 0
46 5000 2.72555088997 -4999.0 0
47 5000 2.70381498337 -4999.0 0
48 5000 2.83007621765 -4999.0 0
49 5000 2.92106699944 -4999.0 0
0 1111 0.610366106033 -1109.0 1
1 5000 2.79056596756 -4999.0 0
2 5000 2.93787813187 -4999.0 0
3 5000 2.85739803314 -4999.0 0
4 5000 2.86102509499 -4999.0 0
5 5000 2.97317910194 -4999.0 0
6 5000 2.94504880905 -4999.0 0
7 5000 2.88054180145 -4999.0 0
8 5000 2.98277378082 -4999.0 0
9 5000 2.97447896004 -4999.0 0
10 5000 2.93114709854 -4999.0 0
11 5000 2.92988491058 -4999.0 0
12 5000 3.03704190254 -4999.0 0
13 5000 2.95605397224 -4999.0 0
14 5000 2.96201896667 -4999.0 0
15 5000 2.88007283211 -4999.0 0
16 5000 2.83953619003 -4999.0 0
17 5000 2.90209698677 -4999.0 0
18 5000 2.92414999008 -4999.0 0
19 5000 2.97889995575 -4999.0 0
20 5000 3.00399684906 -4999.0 0
21 5000 2.76938009262 -4999.0 0
22 5000 2.53760194778 -4999.0 0
23 5000 2.54457306862 -4999.0 0
24 5000 2.8592209816 -4999.0 0
25 5000 2.69925189018 -4999.0 0
26 5000 2.71443605423 -4999.0 0
27 5000 2.91929006577 -4999.0 0
28 5000 2.81953597069 -4999.0 0
29 5000 2.74236392975 -4999.0 0
30 5000 2.68918204308 -4999.0 0
31 5000 2.65935516357 -4999.0 0
32 5000 2.64018297195 -4999.0 0
33 5000 2.74873304367 -4999.0 0
34 5000 2.7137401104 -4999.0 0
35 5000 2.60115909576 -4999.0 0
36 5000 2.67871689796 -4999.0 0
37 5000 2.73226714134 -4999.0 0
38 5000 2.65801501274 -4999.0 0
39 5000 2.60324692726 -4999.0 0
40 5000 2.67978382111 -4999.0 0
41 5000 2.66558599472 -4999.0 0
42 5000 2.5942530632 -4999.0 0
43 5000 2.40575194359 -4999.0 0
44 5000 2.49531698227 -4999.0 0
45 5000 2.62244820595 -4999.0 0
46 5000 2.57359480858 -4999.0 0
47 5000 2.47427392006 -4999.0 0
48 5000 2.64117217064 -4999.0 0
49 5000 2.76363301277 -4999.0 0
0 785 0.396602869034 -783.0 1
1 667 0.382510900497 -665.0 1
2 1587 0.879414081573 -1585.0 1
3 1613 0.895136833191 -1611.0 1
4 2048 1.18222379684 -2046.0 1
5 1373 0.783782958984 -1371.0 1
6 1666 0.988481998444 -1664.0 1
7 2476 1.33911013603 -2474.0 1
8 1957 1.17185211182 -1955.0 1
9 1906 1.21491599083 -1904.0 1
10 2671 1.63009881973 -2669.0 1
11 2604 1.54471302032 -2602.0 1
12 1626 0.955019950867 -1624.0 1
13 563 0.332491159439 -561.0 1
14 1654 1.06641292572 -1652.0 1
15 3953 2.24256896973 -3951.0 1
16 1537 0.829255104065 -1535.0 1
17 1148 0.630457162857 -1146.0 1
18 500 0.276515007019 -498.0 1
19 3476 1.88989806175 -3474.0 1
20 2614 1.43505811691 -2612.0 1
21 521 0.281548976898 -519.0 1
22 589 0.318944215775 -587.0 1
23 2182 1.23752999306 -2180.0 1
24 3566 2.05075502396 -3564.0 1
25 1977 1.13130879402 -1975.0 1
26 759 0.467185020447 -757.0 1
27 2168 1.17483305931 -2166.0 1
28 3380 1.8974750042 -3378.0 1
29 2260 1.29137897491 -2258.0 1
30 2534 1.48848891258 -2532.0 1
31 1589 0.914516925812 -1587.0 1
32 1639 0.976400136948 -1637.0 1
33 2267 1.17852497101 -2265.0 1
34 566 0.314958810806 -564.0 1
35 2236 1.2571721077 -2234.0 1
36 2601 1.49931097031 -2599.0 1
37 1289 0.744429826736 -1287.0 1
38 1374 0.812507867813 -1372.0 1
39 1237 0.702193975449 -1235.0 1
40 2017 1.19259595871 -2015.0 1
41 2307 1.26468801498 -2305.0 1
42 1834 1.0154440403 -1832.0 1
43 2011 1.12099409103 -2009.0 1
44 648 0.345726966858 -646.0 1
45 1523 0.776485919952 -1521.0 1
46 516 0.253158092499 -514.0 1
47 1528 0.816251039505 -1526.0 1
48 2851 1.73204302788 -2849.0 1
49 552 0.339540958405 -550.0 1
0 623 0.374660015106 -621.0 1
1 354 0.205291986465 -352.0 1
2 612 0.343777894974 -610.0 1
3 857 0.46724486351 -855.0 1
4 610 0.343318223953 -608.0 1
5 624 0.342078208923 -622.0 1
6 795 0.426959991455 -793.0 1
7 774 0.391800165176 -772.0 1
8 821 0.430536985397 -819.0 1
9 882 0.525061130524 -880.0 1
10 703 0.407981157303 -701.0 1
11 1148 0.511636972427 -1146.0 1
12 924 0.474130868912 -922.0 1
13 484 0.270330190659 -482.0 1
14 764 0.409157991409 -762.0 1
15 652 0.421336889267 -650.0 1
16 557 0.293209075928 -555.0 1
17 1200 0.655602931976 -1198.0 1
18 547 0.279141187668 -545.0 1
19 891 0.504556894302 -889.0 1
20 790 0.476207971573 -788.0 1
21 769 0.435091972351 -767.0 1
22 665 0.37397480011 -663.0 1
23 645 0.374284982681 -643.0 1
24 872 0.475061178207 -870.0 1
25 1100 0.599698066711 -1098.0 1
26 698 0.366073846817 -696.0 1
27 779 0.391120195389 -777.0 1
28 1334 0.794784069061 -1332.0 1
29 626 0.3884370327 -624.0 1
30 791 0.474024057388 -789.0 1
31 776 0.395896911621 -774.0 1
32 1250 0.758071899414 -1248.0 1
33 702 0.394409894943 -700.0 1
34 764 0.420454025269 -762.0 1
35 499 0.288197994232 -497.0 1
36 1100 0.614686012268 -1098.0 1
37 1010 0.557700157166 -1008.0 1
38 555 0.305828094482 -553.0 1
39 501 0.273165941238 -499.0 1
40 962 0.519431114197 -960.0 1
41 1664 0.90371799469 -1662.0 1
42 1026 0.518968105316 -1024.0 1
43 1560 0.888830900192 -1558.0 1
44 1144 0.676758050919 -1142.0 1
45 555 0.32280421257 -553.0 1
46 1306 0.752153873444 -1304.0 1
47 688 0.387749910355 -686.0 1
48 591 0.389854192734 -589.0 1
49 964 0.54506111145 -962.0 1
0 721 0.383503913879 -719.0 1
1 842 0.471019983292 -840.0 1
2 5000 2.61628699303 -4999.0 0
3 2452 1.31980800629 -2450.0 1
4 5000 2.59826397896 -4999.0 0
5 4537 2.59864211082 -4535.0 1
6 4710 2.73097610474 -4708.0 1
7 2961 1.6862449646 -2959.0 1
8 5000 2.82490897179 -4999.0 0
9 3679 2.14186787605 -3677.0 1
10 3890 2.15590691566 -3888.0 1
11 2956 1.73641204834 -2954.0 1
12 3925 2.32582807541 -3923.0 1
13 5000 2.61689019203 -4999.0 0
14 3893 2.26226377487 -3891.0 1
15 5000 2.98600506783 -4999.0 0
16 3757 2.57556605339 -3755.0 1
17 2339 1.991147995 -2337.0 1
18 4320 3.10210299492 -4318.0 1
19 3661 2.38563299179 -3659.0 1
20 5000 3.15673398972 -4999.0 0
21 5000 2.87301707268 -4999.0 0
22 3007 1.81095385551 -3005.0 1
23 4961 2.86340403557 -4959.0 1
24 5000 3.07419610023 -4999.0 0
25 5000 2.75042891502 -4999.0 0
26 3267 1.91280508041 -3265.0 1
27 5000 2.65546989441 -4999.0 0
28 4977 2.77447485924 -4975.0 1
29 5000 2.88548803329 -4999.0 0
30 4549 2.71660995483 -4547.0 1
31 4304 2.72938394547 -4302.0 1
32 5000 3.22981595993 -4999.0 0
33 5000 3.18579888344 -4999.0 0
34 4911 3.44967913628 -4909.0 1
35 5000 3.12656092644 -4999.0 0
36 5000 2.36164212227 -4999.0 0
37 5000 2.52638220787 -4999.0 0
38 2770 1.44950795174 -2768.0 1
39 4141 2.0770418644 -4139.0 1
40 5000 2.34822010994 -4999.0 0
41 5000 2.53287196159 -4999.0 0
42 3385 1.70179319382 -3383.0 1
43 4744 2.28032898903 -4742.0 1
44 3020 1.52039885521 -3018.0 1
45 2537 1.24176883698 -2535.0 1
46 5000 2.3475549221 -4999.0 0
47 3463 1.57318592072 -3461.0 1
48 4900 2.54412794113 -4898.0 1
49 3027 1.52352595329 -3025.0 1
0 1049 0.496336936951 -1047.0 1
1 5000 2.69451498985 -4999.0 0
2 1965 1.10136818886 -1963.0 1
3 5000 2.71944499016 -4999.0 0
4 5000 2.7134270668 -4999.0 0
5 5000 2.56729102135 -4999.0 0
6 3587 1.78779888153 -3585.0 1
7 5000 2.76311206818 -4999.0 0
8 5000 3.16710686684 -4999.0 0
9 3878 2.31689596176 -3876.0 1
10 2936 1.49031090736 -2934.0 1
11 5000 2.65158700943 -4999.0 0
12 1709 0.871117830276 -1707.0 1
13 5000 2.73605513573 -4999.0 0
14 5000 2.66958498955 -4999.0 0
15 5000 2.51474499702 -4999.0 0
16 5000 2.54547190666 -4999.0 0
17 5000 2.59607386589 -4999.0 0
18 4498 2.51546382904 -4496.0 1
19 4723 2.75978899002 -4721.0 1
20 5000 2.93304491043 -4999.0 0
21 4179 2.31463718414 -4177.0 1
22 5000 2.80153417587 -4999.0 0
23 5000 2.83795905113 -4999.0 0
24 5000 2.78248405457 -4999.0 0
25 5000 2.48145699501 -4999.0 0
26 5000 2.56153702736 -4999.0 0
27 5000 2.40491294861 -4999.0 0
28 2951 1.56576395035 -2949.0 1
29 5000 2.71088314056 -4999.0 0
30 3435 1.95573306084 -3433.0 1
31 3499 1.97092604637 -3497.0 1
32 5000 2.72788691521 -4999.0 0
33 3934 2.22787189484 -3932.0 1
34 5000 2.78751301765 -4999.0 0
35 5000 2.78323817253 -4999.0 0
36 5000 2.77889490128 -4999.0 0
37 1442 0.823014974594 -1440.0 1
38 5000 2.64562606812 -4999.0 0
39 5000 2.9100689888 -4999.0 0
40 5000 2.60170507431 -4999.0 0
41 5000 2.65447902679 -4999.0 0
42 5000 3.1413500309 -4999.0 0
43 2298 1.26772212982 -2296.0 1
44 5000 3.22774100304 -4999.0 0
45 4875 3.2527179718 -4873.0 1
46 5000 2.960750103 -4999.0 0
47 5000 2.50721502304 -4999.0 0
48 5000 2.6040160656 -4999.0 0
49 2566 1.4174220562 -2564.0 1
0 456 0.243649959564 -454.0 1
1 395 0.219267129898 -393.0 1
2 5000 2.6373360157 -4999.0 0
3 5000 3.15488505363 -4999.0 0
4 5000 2.55972909927 -4999.0 0
5 5000 2.89230489731 -4999.0 0
6 5000 2.86471819878 -4999.0 0
7 5000 2.81219410896 -4999.0 0
8 5000 2.61128211021 -4999.0 0
9 5000 2.71132493019 -4999.0 0
10 5000 2.68019199371 -4999.0 0
11 5000 2.58497691154 -4999.0 0
12 5000 2.90745806694 -4999.0 0
13 5000 2.94380903244 -4999.0 0
14 5000 2.95619511604 -4999.0 0
15 5000 2.92456316948 -4999.0 0
16 5000 3.0054910183 -4999.0 0
17 5000 3.01460599899 -4999.0 0
18 5000 3.08772492409 -4999.0 0
19 5000 2.87205576897 -4999.0 0
20 4546 2.57659697533 -4544.0 1
21 5000 2.7960691452 -4999.0 0
22 5000 2.65508913994 -4999.0 0
23 5000 2.71561598778 -4999.0 0
24 5000 2.7018558979 -4999.0 0
25 5000 2.66590809822 -4999.0 0
26 5000 2.64156985283 -4999.0 0
27 5000 2.75539398193 -4999.0 0
28 5000 2.65734410286 -4999.0 0
29 5000 2.70560598373 -4999.0 0
30 5000 2.74092197418 -4999.0 0
31 5000 2.58275389671 -4999.0 0
32 5000 2.77561092377 -4999.0 0
33 5000 2.81535792351 -4999.0 0
34 5000 2.80711007118 -4999.0 0
35 5000 2.82749700546 -4999.0 0
36 5000 2.79976296425 -4999.0 0
37 5000 2.96821904182 -4999.0 0
38 5000 2.82761979103 -4999.0 0
39 5000 2.83088684082 -4999.0 0
40 5000 2.85746002197 -4999.0 0
41 5000 2.72051692009 -4999.0 0
42 5000 2.72907090187 -4999.0 0
43 5000 2.7412519455 -4999.0 0
44 5000 2.49740195274 -4999.0 0
45 5000 2.68661403656 -4999.0 0
46 5000 2.63772892952 -4999.0 0
47 5000 2.61187505722 -4999.0 0
48 5000 2.64945602417 -4999.0 0
49 5000 2.64633107185 -4999.0 0
0 663 0.343090057373 -661.0 1
1 418 0.224745035172 -416.0 1
2 5000 2.66639399529 -4999.0 0
3 5000 2.64635300636 -4999.0 0
4 1546 0.819416999817 -1544.0 1
5 172 0.0947461128235 -170.0 1
6 192 0.10751914978 -190.0 1
7 2624 1.71373414993 -2622.0 1
8 3120 1.73135590553 -3118.0 1
9 157 0.0839669704437 -155.0 1
10 5000 2.80220413208 -4999.0 0
11 271 0.149085044861 -269.0 1
12 5000 2.76182198524 -4999.0 0
13 3033 1.70007801056 -3031.0 1
14 5000 2.80028605461 -4999.0 0
15 5000 2.98415184021 -4999.0 0
16 5000 2.81000089645 -4999.0 0
17 2466 1.35119509697 -2464.0 1
18 5000 2.65918803215 -4999.0 0
19 2911 1.62349295616 -2909.0 1
20 1195 0.676829099655 -1193.0 1
21 443 0.252371072769 -441.0 1
22 4909 2.93073511124 -4907.0 1
23 5000 2.94704794884 -4999.0 0
24 322 0.187961101532 -320.0 1
25 1784 1.03835296631 -1782.0 1
26 302 0.176632165909 -300.0 1
27 4982 2.98827385902 -4980.0 1
28 275 0.291243076324 -273.0 1
29 285 0.145240068436 -283.0 1
30 1677 0.84251499176 -1675.0 1
31 537 0.256198883057 -535.0 1
32 374 0.178586006165 -372.0 1
33 5000 2.53257584572 -4999.0 0
34 2951 1.50717902184 -2949.0 1
35 3184 1.6360180378 -3182.0 1
36 2608 1.43354511261 -2606.0 1
37 232 0.178122997284 -230.0 1
38 5000 3.50219082832 -4999.0 0
39 5000 3.33026885986 -4999.0 0
40 161 0.10595703125 -159.0 1
41 932 0.61102104187 -930.0 1
42 1313 0.805230140686 -1311.0 1
43 1291 0.748136043549 -1289.0 1
44 2756 1.35328412056 -2754.0 1
45 1728 0.963577032089 -1726.0 1
46 3007 1.51060605049 -3005.0 1
47 5000 2.50107097626 -4999.0 0
48 2907 1.50884413719 -2905.0 1
49 5000 2.69185090065 -4999.0 0
0 924 0.496888875961 -922.0 1
1 251 0.133059978485 -249.0 1
2 440 0.243283033371 -438.0 1
3 201 0.114114999771 -199.0 1
4 260 0.143283843994 -258.0 1
5 407 0.220441102982 -405.0 1
6 177 0.0933220386505 -175.0 1
7 747 0.393225193024 -745.0 1
8 262 0.137809991837 -260.0 1
9 1654 0.927457094193 -1652.0 1
10 942 0.517873048782 -940.0 1
11 295 0.17276597023 -293.0 1
12 2044 1.15231204033 -2042.0 1
13 2947 1.58297109604 -2945.0 1
14 260 0.147434949875 -258.0 1
15 260 0.144319057465 -258.0 1
16 438 0.263107061386 -436.0 1
17 226 0.143285989761 -224.0 1
18 1370 0.814846992493 -1368.0 1
19 295 0.169448137283 -293.0 1
20 614 0.363860845566 -612.0 1
21 217 0.122063159943 -215.0 1
22 416 0.231959819794 -414.0 1
23 1523 0.88152885437 -1521.0 1
24 1802 1.0754609108 -1800.0 1
25 339 0.203197956085 -337.0 1
26 1065 0.627497196198 -1063.0 1
27 260 0.143962860107 -258.0 1
28 1793 1.13983798027 -1791.0 1
29 940 0.605398893356 -938.0 1
30 451 0.328922986984 -449.0 1
31 2561 1.49254608154 -2559.0 1
32 554 0.340603113174 -552.0 1
33 260 0.168646097183 -258.0 1
34 260 0.136896848679 -258.0 1
35 260 0.144937038422 -258.0 1
36 260 0.137139081955 -258.0 1
37 354 0.185127973557 -352.0 1
38 942 0.621558904648 -940.0 1
39 222 0.136548995972 -220.0 1
40 818 0.492573022842 -816.0 1
41 1685 0.987601995468 -1683.0 1
42 260 0.137260913849 -258.0 1
43 845 0.482745885849 -843.0 1
44 260 0.142842054367 -258.0 1
45 619 0.324206829071 -617.0 1
46 1397 0.72872710228 -1395.0 1
47 418 0.269556999207 -416.0 1
48 2391 1.22051501274 -2389.0 1
49 421 0.212376117706 -419.0 1
