trial, number of steps, runtime, accumulated reward, termination
0 23 0.0211019515991 20.0 1
1 13 0.00533390045166 10.0 1
2 13 0.00529098510742 10.0 1
3 12 0.00486898422241 9.0 1
4 12 0.00487995147705 9.0 1
5 12 0.00483107566833 9.0 1
6 12 0.00484204292297 9.0 1
7 11 0.00444293022156 8.0 1
8 45 0.0191140174866 42.0 1
9 12 0.00488996505737 9.0 1
10 19 0.00792479515076 16.0 1
11 12 0.00478315353394 9.0 1
12 13 0.0051600933075 10.0 1
13 13 0.00524997711182 10.0 1
14 11 0.00440979003906 8.0 1
15 12 0.00477886199951 9.0 1
16 11 0.00434398651123 8.0 1
17 13 0.00521111488342 10.0 1
18 11 0.00440907478333 8.0 1
19 22 0.00916600227356 19.0 1
20 12 0.00488591194153 9.0 1
21 11 0.00448107719421 8.0 1
22 22 0.00906801223755 19.0 1
23 12 0.00485587120056 9.0 1
24 32 0.0134749412537 29.0 1
25 15 0.00601482391357 12.0 1
26 39 0.016331911087 36.0 1
27 13 0.00520610809326 10.0 1
28 11 0.00449299812317 8.0 1
29 11 0.00441193580627 8.0 1
30 13 0.0052478313446 10.0 1
31 12 0.00473308563232 9.0 1
32 12 0.00476121902466 9.0 1
33 11 0.00447201728821 8.0 1
34 13 0.0052490234375 10.0 1
35 12 0.00476789474487 9.0 1
36 13 0.00520300865173 10.0 1
37 12 0.00483298301697 9.0 1
38 13 0.00519394874573 10.0 1
39 30 0.0125079154968 27.0 1
40 12 0.00495195388794 9.0 1
41 12 0.00492310523987 9.0 1
42 22 0.0100409984589 19.0 1
43 24 0.00991892814636 21.0 1
44 12 0.00469613075256 9.0 1
45 19 0.00773000717163 16.0 1
46 20 0.00823593139648 17.0 1
47 43 0.0181629657745 40.0 1
48 22 0.00927805900574 19.0 1
49 35 0.0147039890289 32.0 1
0 14 0.00586104393005 11.0 1
1 21 0.00873517990112 18.0 1
2 107 0.0448842048645 104.0 1
3 75 0.032114982605 72.0 1
4 143 0.0615940093994 140.0 1
5 94 0.0392730236053 91.0 1
6 125 0.059415102005 122.0 1
7 14 0.00569605827332 11.0 1
8 46 0.0194971561432 43.0 1
9 125 0.0522911548615 122.0 1
10 15 0.00602197647095 12.0 1
11 154 0.0646469593048 151.0 1
12 14 0.00557208061218 11.0 1
13 42 0.0173501968384 39.0 1
14 14 0.00564098358154 11.0 1
15 98 0.0409889221191 95.0 1
16 94 0.0383350849152 91.0 1
17 14 0.00547003746033 11.0 1
18 118 0.0487711429596 115.0 1
19 120 0.0486650466919 117.0 1
20 153 0.0626180171967 150.0 1
21 110 0.0447118282318 107.0 1
22 41 0.0195717811584 38.0 1
23 121 0.0591950416565 118.0 1
24 90 0.0435109138489 87.0 1
25 145 0.0716071128845 142.0 1
26 27 0.0145750045776 24.0 1
27 16 0.00748515129089 13.0 1
28 75 0.0350120067596 72.0 1
29 96 0.044830083847 93.0 1
30 50 0.0219149589539 47.0 1
31 109 0.050754070282 106.0 1
32 91 0.0418388843536 88.0 1
33 146 0.0663590431213 143.0 1
34 42 0.0191240310669 39.0 1
35 105 0.0475659370422 102.0 1
36 129 0.0595548152924 126.0 1
37 91 0.0412199497223 88.0 1
38 120 0.0547289848328 117.0 1
39 131 0.0602400302887 128.0 1
40 46 0.0209650993347 43.0 1
41 136 0.0630211830139 133.0 1
42 90 0.0389940738678 87.0 1
43 76 0.0333409309387 73.0 1
44 74 0.0339651107788 71.0 1
45 95 0.0429928302765 92.0 1
46 41 0.0182950496674 38.0 1
47 132 0.0560779571533 129.0 1
48 85 0.0407049655914 82.0 1
49 15 0.0064549446106 12.0 1
0 9 0.00444006919861 6.0 1
1 26 0.0122120380402 23.0 1
2 14 0.00606894493103 11.0 1
3 11 0.0049889087677 8.0 1
4 10 0.00420904159546 7.0 1
5 8 0.00349903106689 5.0 1
6 10 0.00431203842163 7.0 1
7 9 0.00389409065247 6.0 1
8 11 0.0046329498291 8.0 1
9 10 0.00424218177795 7.0 1
10 10 0.00484204292297 7.0 1
11 9 0.00387382507324 6.0 1
12 10 0.00444388389587 7.0 1
13 9 0.00401997566223 6.0 1
14 10 0.00449109077454 7.0 1
15 10 0.0050208568573 7.0 1
16 9 0.00637817382812 6.0 1
17 8 0.00362515449524 5.0 1
18 9 0.00397896766663 6.0 1
19 11 0.00503301620483 8.0 1
20 11 0.00515508651733 8.0 1
21 11 0.00491905212402 8.0 1
22 9 0.00367999076843 6.0 1
23 9 0.00398683547974 6.0 1
24 11 0.00468301773071 8.0 1
25 11 0.00487518310547 8.0 1
26 8 0.0034658908844 5.0 1
27 9 0.00339698791504 6.0 1
28 8 0.00236201286316 5.0 1
29 10 0.00485992431641 7.0 1
30 10 0.00484991073608 7.0 1
31 8 0.00340390205383 5.0 1
32 9 0.00388884544373 6.0 1
33 9 0.00412917137146 6.0 1
34 9 0.00433111190796 6.0 1
35 9 0.00405287742615 6.0 1
36 9 0.00362515449524 6.0 1
37 8 0.00315594673157 5.0 1
38 9 0.00364899635315 6.0 1
39 11 0.00535607337952 8.0 1
40 9 0.00456404685974 6.0 1
41 11 0.00517916679382 8.0 1
42 11 0.00519394874573 8.0 1
43 9 0.00463604927063 6.0 1
44 10 0.0058000087738 7.0 1
45 9 0.00423908233643 6.0 1
46 9 0.00364279747009 6.0 1
47 11 0.00452494621277 8.0 1
48 10 0.00402307510376 7.0 1
49 8 0.00314092636108 5.0 1
0 13 0.00651597976685 10.0 1
1 14 0.00632786750793 11.0 1
2 12 0.00504302978516 9.0 1
3 11 0.00503301620483 8.0 1
4 13 0.00637602806091 10.0 1
5 9 0.00423002243042 6.0 1
6 9 0.00405621528625 6.0 1
7 12 0.008868932724 9.0 1
8 9 0.00379204750061 6.0 1
9 10 0.00406908988953 7.0 1
10 10 0.00407099723816 7.0 1
11 12 0.00501489639282 9.0 1
12 11 0.0046501159668 8.0 1
13 12 0.00502896308899 9.0 1
14 13 0.00545501708984 10.0 1
15 9 0.00369310379028 6.0 1
16 11 0.00789499282837 8.0 1
17 8 0.00317096710205 5.0 1
18 10 0.00413990020752 7.0 1
19 8 0.00332903862 5.0 1
20 12 0.00509691238403 9.0 1
21 12 0.00844693183899 9.0 1
22 12 0.00510621070862 9.0 1
23 11 0.00477600097656 8.0 1
24 12 0.00508093833923 9.0 1
25 11 0.00446200370789 8.0 1
26 10 0.00400495529175 7.0 1
27 9 0.00377893447876 6.0 1
28 10 0.0073070526123 7.0 1
29 12 0.00488781929016 9.0 1
30 9 0.00367498397827 6.0 1
31 11 0.00451898574829 8.0 1
32 12 0.00540995597839 9.0 1
33 12 0.00501585006714 9.0 1
34 10 0.00741195678711 7.0 1
35 9 0.00376391410828 6.0 1
36 13 0.0054759979248 10.0 1
37 11 0.00460886955261 8.0 1
38 12 0.0051531791687 9.0 1
39 11 0.00461483001709 8.0 1
40 9 0.00366401672363 6.0 1
41 11 0.00438499450684 8.0 1
42 8 0.00310611724854 5.0 1
43 10 0.00416612625122 7.0 1
44 13 0.00543618202209 10.0 1
45 12 0.00496506690979 9.0 1
46 9 0.00369787216187 6.0 1
47 13 0.00559401512146 10.0 1
48 12 0.00507807731628 9.0 1
49 9 0.00362801551819 6.0 1
0 16 0.00727009773254 13.0 1
1 11 0.00462698936462 8.0 1
2 13 0.00568604469299 10.0 1
3 82 0.0369219779968 79.0 1
4 57 0.0255517959595 54.0 1
5 72 0.0324168205261 69.0 1
6 69 0.0315191745758 66.0 1
7 90 0.0413379669189 87.0 1
8 17 0.0073230266571 14.0 1
9 80 0.0359859466553 77.0 1
10 33 0.0145080089569 30.0 1
11 59 0.0302970409393 56.0 1
12 66 0.0321860313416 63.0 1
13 72 0.0343101024628 69.0 1
14 48 0.0231101512909 45.0 1
15 69 0.0321521759033 66.0 1
16 45 0.0198600292206 42.0 1
17 42 0.0187561511993 39.0 1
18 30 0.013671875 27.0 1
19 60 0.0278680324554 57.0 1
20 94 0.0454359054565 91.0 1
21 82 0.0393261909485 79.0 1
22 32 0.0137419700623 29.0 1
23 97 0.0463860034943 94.0 1
24 44 0.0152451992035 41.0 1
25 87 0.0400788784027 84.0 1
26 103 0.0467059612274 100.0 1
27 85 0.0333030223846 82.0 1
28 160 0.074991941452 157.0 1
29 42 0.0172910690308 39.0 1
30 132 0.0601677894592 129.0 1
31 58 0.0256149768829 55.0 1
32 106 0.0477020740509 103.0 1
33 96 0.0432200431824 93.0 1
34 64 0.0298900604248 61.0 1
35 41 0.0183501243591 38.0 1
36 83 0.0377390384674 80.0 1
37 151 0.0689840316772 148.0 1
38 68 0.0337750911713 65.0 1
39 130 0.059476852417 127.0 1
40 78 0.0351929664612 75.0 1
41 58 0.0258688926697 55.0 1
42 36 0.0160608291626 33.0 1
43 30 0.0131709575653 27.0 1
44 53 0.0236761569977 50.0 1
45 74 0.032989025116 71.0 1
46 130 0.0585639476776 127.0 1
47 101 0.0455811023712 98.0 1
48 57 0.0258791446686 54.0 1
49 33 0.0144150257111 30.0 1
0 18 0.00824809074402 15.0 1
1 20 0.00859498977661 17.0 1
2 11 0.00457692146301 8.0 1
3 11 0.00459790229797 8.0 1
4 8 0.00316596031189 5.0 1
5 11 0.00458097457886 8.0 1
6 13 0.00546503067017 10.0 1
7 9 0.00368809700012 6.0 1
8 9 0.00366902351379 6.0 1
9 13 0.00554203987122 10.0 1
10 13 0.00549817085266 10.0 1
11 11 0.00461101531982 8.0 1
12 13 0.00550007820129 10.0 1
13 12 0.0049262046814 9.0 1
14 11 0.00459003448486 8.0 1
15 9 0.0036678314209 6.0 1
16 13 0.00550293922424 10.0 1
17 9 0.00387907028198 6.0 1
18 10 0.00435304641724 7.0 1
19 11 0.00466012954712 8.0 1
20 12 0.00511002540588 9.0 1
21 9 0.00382494926453 6.0 1
22 13 0.00560998916626 10.0 1
23 9 0.00384497642517 6.0 1
24 13 0.00552105903625 10.0 1
25 12 0.00530695915222 9.0 1
26 12 0.0052969455719 9.0 1
27 9 0.00366497039795 6.0 1
28 8 0.00333404541016 5.0 1
29 11 0.00488495826721 8.0 1
30 13 0.00557994842529 10.0 1
31 11 0.00477695465088 8.0 1
32 8 0.00338792800903 5.0 1
33 14 0.00614380836487 11.0 1
34 11 0.00478291511536 8.0 1
35 11 0.0048680305481 8.0 1
36 13 0.00596499443054 10.0 1
37 12 0.00542306900024 9.0 1
38 11 0.00495195388794 8.0 1
39 11 0.00502800941467 8.0 1
40 12 0.00520896911621 9.0 1
41 11 0.00490617752075 8.0 1
42 8 0.00349497795105 5.0 1
43 14 0.00651502609253 11.0 1
44 11 0.00530004501343 8.0 1
45 8 0.00363802909851 5.0 1
46 13 0.00591897964478 10.0 1
47 10 0.00440692901611 7.0 1
48 9 0.00400900840759 6.0 1
49 11 0.00507378578186 8.0 1
0 9 0.00450205802917 6.0 1
1 9 0.00411701202393 6.0 1
2 12 0.00541496276855 9.0 1
3 10 0.00505805015564 7.0 1
4 12 0.00533390045166 9.0 1
5 10 0.00457000732422 7.0 1
6 12 0.00551414489746 9.0 1
7 13 0.00611901283264 10.0 1
8 11 0.00479698181152 8.0 1
9 8 0.00340795516968 5.0 1
10 11 0.00444006919861 8.0 1
11 9 0.0037579536438 6.0 1
12 10 0.00422310829163 7.0 1
13 9 0.00321507453918 6.0 1
14 11 0.00433588027954 8.0 1
15 10 0.00400495529175 7.0 1
16 12 0.00391793251038 9.0 1
17 8 0.00319004058838 5.0 1
18 9 0.00405192375183 6.0 1
19 9 0.00391912460327 6.0 1
20 8 0.00337409973145 5.0 1
21 11 0.00491309165955 8.0 1
22 12 0.00522112846375 9.0 1
23 9 0.00364804267883 6.0 1
24 11 0.00446105003357 8.0 1
25 12 0.00530910491943 9.0 1
26 9 0.00405311584473 6.0 1
27 9 0.00394511222839 6.0 1
28 9 0.00364708900452 6.0 1
29 12 0.00528502464294 9.0 1
30 10 0.00457906723022 7.0 1
31 13 0.00595283508301 10.0 1
32 10 0.00408482551575 7.0 1
33 11 0.00465297698975 8.0 1
34 9 0.00312805175781 6.0 1
35 10 0.00342416763306 7.0 1
36 8 0.00339293479919 5.0 1
37 12 0.00414800643921 9.0 1
38 12 0.00537300109863 9.0 1
39 9 0.00349378585815 6.0 1
40 10 0.00439882278442 7.0 1
41 8 0.00359702110291 5.0 1
42 10 0.00455117225647 7.0 1
43 12 0.00551891326904 9.0 1
44 11 0.00494599342346 8.0 1
45 8 0.0035400390625 5.0 1
46 10 0.0045759677887 7.0 1
47 11 0.00506401062012 8.0 1
48 8 0.00345015525818 5.0 1
49 11 0.00465798377991 8.0 1
0 9 0.0038149356842 6.0 1
1 12 0.00495600700378 9.0 1
2 10 0.00408697128296 7.0 1
3 11 0.0047390460968 8.0 1
4 12 0.0052638053894 9.0 1
5 11 0.00465703010559 8.0 1
6 12 0.00521206855774 9.0 1
7 87 0.0422048568726 84.0 1
8 28 0.0131587982178 25.0 1
9 47 0.0228371620178 44.0 1
10 12 0.00546097755432 9.0 1
11 12 0.00548791885376 9.0 1
12 84 0.040785074234 81.0 1
13 12 0.00536394119263 9.0 1
14 12 0.00534081459045 9.0 1
15 10 0.00450205802917 7.0 1
16 11 0.00489592552185 8.0 1
17 11 0.00488996505737 8.0 1
18 13 0.00585508346558 10.0 1
19 77 0.0369470119476 74.0 1
20 12 0.00540590286255 9.0 1
21 10 0.00445914268494 7.0 1
22 89 0.0452291965485 86.0 1
23 12 0.00581097602844 9.0 1
24 11 0.00506114959717 8.0 1
25 11 0.00511598587036 8.0 1
26 97 0.0471880435944 94.0 1
27 79 0.0383257865906 76.0 1
28 53 0.0256249904633 50.0 1
29 33 0.0158550739288 30.0 1
30 12 0.00542187690735 9.0 1
31 13 0.00594997406006 10.0 1
32 69 0.0333518981934 66.0 1
33 10 0.0044801235199 7.0 1
34 10 0.00442981719971 7.0 1
35 11 0.00504207611084 8.0 1
36 11 0.00511288642883 8.0 1
37 39 0.0187411308289 36.0 1
38 38 0.0182938575745 35.0 1
39 12 0.00547695159912 9.0 1
40 11 0.00494885444641 8.0 1
41 56 0.027214050293 53.0 1
42 13 0.00603699684143 10.0 1
43 13 0.00600385665894 10.0 1
44 10 0.00449895858765 7.0 1
45 108 0.0521218776703 105.0 1
46 13 0.00588989257812 10.0 1
47 10 0.00450682640076 7.0 1
48 12 0.00542902946472 9.0 1
49 12 0.00546908378601 9.0 1
0 13 0.00618600845337 10.0 1
1 14 0.00652885437012 11.0 1
2 9 0.00400114059448 6.0 1
3 16 0.00789999961853 13.0 1
4 22 0.0107080936432 19.0 1
5 13 0.00596714019775 10.0 1
6 11 0.00498104095459 8.0 1
7 13 0.00598382949829 10.0 1
8 49 0.0241320133209 46.0 1
9 21 0.0100569725037 18.0 1
10 12 0.00557208061218 9.0 1
11 30 0.0145380496979 27.0 1
12 13 0.00593709945679 10.0 1
13 14 0.0065131187439 11.0 1
14 46 0.0223290920258 43.0 1
15 13 0.00600481033325 10.0 1
16 32 0.01531291008 29.0 1
17 13 0.00598096847534 10.0 1
18 15 0.00700402259827 12.0 1
19 32 0.0153970718384 29.0 1
20 42 0.0204970836639 39.0 1
21 24 0.0114769935608 21.0 1
22 24 0.0116410255432 21.0 1
23 13 0.00600504875183 10.0 1
24 49 0.0238900184631 46.0 1
25 13 0.00606107711792 10.0 1
26 46 0.0227041244507 43.0 1
27 12 0.00571393966675 9.0 1
28 12 0.00559210777283 9.0 1
29 15 0.00695419311523 12.0 1
30 13 0.00599598884583 10.0 1
31 13 0.00591802597046 10.0 1
32 12 0.00552487373352 9.0 1
33 13 0.00605010986328 10.0 1
34 35 0.0168228149414 32.0 1
35 36 0.0172801017761 33.0 1
36 35 0.0169520378113 32.0 1
37 32 0.015615940094 29.0 1
38 13 0.00600385665894 10.0 1
39 22 0.0106339454651 19.0 1
40 34 0.016340970993 31.0 1
41 14 0.00659513473511 11.0 1
42 14 0.00643110275269 11.0 1
43 28 0.0133430957794 25.0 1
44 14 0.00651288032532 11.0 1
45 34 0.0163111686707 31.0 1
46 44 0.021203994751 41.0 1
47 13 0.00595784187317 10.0 1
48 22 0.0105149745941 19.0 1
49 12 0.00550198554993 9.0 1
0 12 0.00556492805481 9.0 1
1 11 0.00495195388794 8.0 1
2 10 0.00445914268494 7.0 1
3 13 0.00589799880981 10.0 1
4 12 0.00548505783081 9.0 1
5 11 0.00500202178955 8.0 1
6 12 0.00549411773682 9.0 1
7 12 0.00548195838928 9.0 1
8 17 0.00795602798462 14.0 1
9 13 0.00594115257263 10.0 1
10 11 0.00506114959717 8.0 1
11 11 0.00504088401794 8.0 1
12 19 0.00903391838074 16.0 1
13 94 0.0459589958191 91.0 1
14 12 0.00549077987671 9.0 1
15 12 0.005539894104 9.0 1
16 11 0.00504207611084 8.0 1
17 103 0.050341129303 100.0 1
18 11 0.00498509407043 8.0 1
19 16 0.00732898712158 13.0 1
20 13 0.00593996047974 10.0 1
21 12 0.00547695159912 9.0 1
22 12 0.00546097755432 9.0 1
23 12 0.00547289848328 9.0 1
24 13 0.00588488578796 10.0 1
25 12 0.00537109375 9.0 1
26 12 0.00543403625488 9.0 1
27 12 0.00544404983521 9.0 1
28 10 0.0045120716095 7.0 1
29 10 0.00454211235046 7.0 1
30 12 0.00551295280457 9.0 1
31 101 0.0509769916534 98.0 1
32 11 0.00494694709778 8.0 1
33 12 0.00545811653137 9.0 1
34 13 0.00593996047974 10.0 1
35 11 0.00500416755676 8.0 1
36 12 0.00547885894775 9.0 1
37 12 0.00549697875977 9.0 1
38 12 0.00543594360352 9.0 1
39 82 0.0394399166107 79.0 1
40 12 0.00548386573792 9.0 1
41 101 0.0490200519562 98.0 1
42 11 0.00495505332947 8.0 1
43 11 0.00498700141907 8.0 1
44 12 0.00544095039368 9.0 1
45 12 0.00552606582642 9.0 1
46 12 0.00543212890625 9.0 1
47 14 0.00646018981934 11.0 1
48 12 0.00548791885376 9.0 1
49 14 0.00648307800293 11.0 1
