trial, number of steps, runtime, accumulated reward, termination
0 8 0.00371503829956 5.0 1
1 10 0.00392413139343 7.0 1
2 12 0.00461292266846 9.0 1
3 8 0.00300979614258 5.0 1
4 11 0.00459504127502 8.0 1
5 12 0.0046169757843 9.0 1
6 12 0.0049569606781 9.0 1
7 12 0.00468492507935 9.0 1
8 11 0.00420689582825 8.0 1
9 10 0.0039370059967 7.0 1
10 9 0.00357604026794 6.0 1
11 8 0.00295805931091 5.0 1
12 9 0.00338196754456 6.0 1
13 13 0.00503396987915 10.0 1
14 13 0.00497388839722 10.0 1
15 10 0.0043830871582 7.0 1
16 11 0.00454592704773 8.0 1
17 11 0.00423288345337 8.0 1
18 9 0.00376415252686 6.0 1
19 10 0.00379204750061 7.0 1
20 11 0.00421094894409 8.0 1
21 9 0.00339913368225 6.0 1
22 9 0.00350689888 6.0 1
23 8 0.00331497192383 5.0 1
24 9 0.00342392921448 6.0 1
25 11 0.0042359828949 8.0 1
26 8 0.00297284126282 5.0 1
27 9 0.00344800949097 6.0 1
28 12 0.00465393066406 9.0 1
29 9 0.00338816642761 6.0 1
30 9 0.00360608100891 6.0 1
31 9 0.0036289691925 6.0 1
32 9 0.00334811210632 6.0 1
33 10 0.003821849823 7.0 1
34 9 0.00335288047791 6.0 1
35 9 0.00345802307129 6.0 1
36 12 0.00498008728027 9.0 1
37 10 0.00377798080444 7.0 1
38 9 0.00333118438721 6.0 1
39 9 0.00334692001343 6.0 1
40 8 0.00302910804749 5.0 1
41 10 0.00381994247437 7.0 1
42 9 0.00342297554016 6.0 1
43 10 0.0041491985321 7.0 1
44 9 0.0034658908844 6.0 1
45 12 0.00462317466736 9.0 1
46 12 0.00461483001709 9.0 1
47 10 0.00405502319336 7.0 1
48 10 0.00432991981506 7.0 1
49 11 0.00416612625122 8.0 1
0 98 0.0409059524536 95.0 1
1 70 0.0304491519928 67.0 1
2 70 0.0287001132965 67.0 1
3 60 0.0253999233246 57.0 1
4 73 0.0302340984344 70.0 1
5 127 0.0534729957581 124.0 1
6 85 0.0357558727264 82.0 1
7 28 0.0115170478821 25.0 1
8 5000 2.20312595367 4999.0 0
9 5000 2.11217808723 4999.0 0
10 5000 2.2169148922 4999.0 0
11 5000 2.25531196594 4999.0 0
12 27 0.0134449005127 24.0 1
13 10 0.00463891029358 7.0 1
14 11 0.00515699386597 8.0 1
15 9 0.00414109230042 6.0 1
16 5000 2.666670084 4999.0 0
17 16 0.00797510147095 13.0 1
18 11 0.00522017478943 8.0 1
19 5000 2.40430688858 4999.0 0
20 5000 2.37790393829 4999.0 0
21 5000 2.22484588623 4999.0 0
22 17 0.00683999061584 14.0 1
23 32 0.0133340358734 29.0 1
24 11 0.0042998790741 8.0 1
25 81 0.0350430011749 78.0 1
26 68 0.029904127121 65.0 1
27 276 0.114315986633 273.0 1
28 153 0.0636639595032 150.0 1
29 104 0.0425539016724 101.0 1
30 90 0.0364320278168 87.0 1
31 27 0.0107519626617 24.0 1
32 9 0.00336599349976 6.0 1
33 10 0.00385189056396 7.0 1
34 92 0.0375039577484 89.0 1
35 8 0.00293517112732 5.0 1
36 69 0.0282120704651 66.0 1
37 10 0.0037829875946 7.0 1
38 8 0.0031430721283 5.0 1
39 122 0.051656961441 119.0 1
40 63 0.0272500514984 60.0 1
41 8 0.00318503379822 5.0 1
42 8 0.00322604179382 5.0 1
43 153 0.0661089420319 150.0 1
44 151 0.0630280971527 148.0 1
45 13 0.0055570602417 10.0 1
46 74 0.0329627990723 71.0 1
47 60 0.0274019241333 57.0 1
48 9 0.00392317771912 6.0 1
49 31 0.0146331787109 28.0 1
0 10 0.00462317466736 7.0 1
1 9 0.00374889373779 6.0 1
2 8 0.00333189964294 5.0 1
3 12 0.00620794296265 9.0 1
4 11 0.00476503372192 8.0 1
5 8 0.00337696075439 5.0 1
6 11 0.00473999977112 8.0 1
7 12 0.00507593154907 9.0 1
8 10 0.00422883033752 7.0 1
9 8 0.00324487686157 5.0 1
10 12 0.005038022995 9.0 1
11 10 0.00423097610474 7.0 1
12 13 0.00557518005371 10.0 1
13 11 0.0046169757843 8.0 1
14 10 0.00418710708618 7.0 1
15 8 0.00324296951294 5.0 1
16 11 0.00396013259888 8.0 1
17 10 0.00358104705811 7.0 1
18 12 0.00491786003113 9.0 1
19 13 0.00663590431213 10.0 1
20 12 0.00586318969727 9.0 1
21 13 0.00558805465698 10.0 1
22 13 0.00511789321899 10.0 1
23 13 0.00528502464294 10.0 1
24 11 0.00472187995911 8.0 1
25 10 0.00424599647522 7.0 1
26 11 0.00470304489136 8.0 1
27 9 0.00376296043396 6.0 1
28 10 0.00421905517578 7.0 1
29 13 0.00560092926025 10.0 1
30 13 0.00557112693787 10.0 1
31 9 0.00373005867004 6.0 1
32 9 0.00373196601868 6.0 1
33 11 0.00448894500732 8.0 1
34 12 0.00484013557434 9.0 1
35 12 0.00540089607239 9.0 1
36 11 0.00489377975464 8.0 1
37 13 0.00555109977722 10.0 1
38 8 0.00293302536011 5.0 1
39 11 0.00418210029602 8.0 1
40 9 0.00346398353577 6.0 1
41 10 0.00378012657166 7.0 1
42 9 0.00333690643311 6.0 1
43 12 0.0047550201416 9.0 1
44 12 0.005047082901 9.0 1
45 8 0.00292301177979 5.0 1
46 9 0.00342321395874 6.0 1
47 11 0.00419306755066 8.0 1
48 13 0.00498700141907 10.0 1
49 10 0.00383615493774 7.0 1
0 9 0.00385999679565 6.0 1
1 13 0.00557708740234 10.0 1
2 12 0.00507783889771 9.0 1
3 10 0.00413680076599 7.0 1
4 10 0.00413107872009 7.0 1
5 11 0.00463795661926 8.0 1
6 9 0.00370001792908 6.0 1
7 10 0.00408291816711 7.0 1
8 11 0.00441789627075 8.0 1
9 12 0.00493192672729 9.0 1
10 10 0.00403714179993 7.0 1
11 12 0.00488996505737 9.0 1
12 9 0.00385594367981 6.0 1
13 12 0.00471901893616 9.0 1
14 9 0.00346493721008 6.0 1
15 9 0.00344586372375 6.0 1
16 10 0.00390982627869 7.0 1
17 11 0.0042610168457 8.0 1
18 12 0.00467610359192 9.0 1
19 13 0.00513386726379 10.0 1
20 13 0.00506901741028 10.0 1
21 14 0.00543308258057 11.0 1
22 12 0.00457096099854 9.0 1
23 11 0.00421595573425 8.0 1
24 13 0.00503396987915 10.0 1
25 9 0.00336503982544 6.0 1
26 11 0.00425696372986 8.0 1
27 8 0.003014087677 5.0 1
28 13 0.00511693954468 10.0 1
29 13 0.00518107414246 10.0 1
30 15 0.00609302520752 12.0 1
31 108 0.0449090003967 105.0 1
32 13 0.00504302978516 10.0 1
33 109 0.0448040962219 106.0 1
34 100 0.0413360595703 97.0 1
35 13 0.00501084327698 10.0 1
36 97 0.0400350093842 94.0 1
37 14 0.00548410415649 11.0 1
38 9 0.0033860206604 6.0 1
39 5000 2.27392101288 4999.0 0
40 5000 2.14553499222 4999.0 0
41 19 0.00758814811707 16.0 1
42 23 0.0117650032043 20.0 1
43 10 0.00379920005798 7.0 1
44 5000 2.31280398369 4999.0 0
45 5000 2.32512807846 4999.0 0
46 18 0.00834202766418 15.0 1
47 5000 2.3804359436 4999.0 0
48 5000 2.22518706322 4999.0 0
49 5000 2.20209908485 4999.0 0
0 131 0.0553181171417 128.0 1
1 266 0.111835002899 263.0 1
2 125 0.0555710792542 122.0 1
3 104 0.0450019836426 101.0 1
4 147 0.0610251426697 144.0 1
5 118 0.0449659824371 115.0 1
6 126 0.050940990448 123.0 1
7 94 0.0424289703369 91.0 1
8 172 0.0955691337585 169.0 1
9 111 0.0617151260376 108.0 1
10 15 0.00730609893799 12.0 1
11 13 0.00622797012329 10.0 1
12 444 0.223792076111 441.0 1
13 2806 1.40621614456 2803.0 1
14 5000 2.32990407944 4999.0 0
15 5000 2.13073301315 4999.0 0
16 5000 2.28191208839 4999.0 0
17 5000 2.33491706848 4999.0 0
18 5000 2.4468858242 4999.0 0
19 5000 2.4236330986 4999.0 0
20 5000 2.45433998108 4999.0 0
21 5000 2.44871282578 4999.0 0
22 5000 2.43391394615 4999.0 0
23 5000 2.43678212166 4999.0 0
24 5000 2.44055199623 4999.0 0
25 5000 2.41155600548 4999.0 0
26 5000 2.40871095657 4999.0 0
27 5000 2.44476890564 4999.0 0
28 5000 2.43311691284 4999.0 0
29 5000 2.44131302834 4999.0 0
30 5000 2.4038131237 4999.0 0
31 5000 2.46403717995 4999.0 0
32 5000 2.45155119896 4999.0 0
33 5000 2.41283011436 4999.0 0
34 5000 2.51567292213 4999.0 0
35 5000 2.43006801605 4999.0 0
36 5000 2.31522703171 4999.0 0
37 5000 2.55518198013 4999.0 0
38 5000 2.29934716225 4999.0 0
39 5000 2.48472094536 4999.0 0
40 5000 2.49891805649 4999.0 0
41 5000 2.291670084 4999.0 0
42 5000 2.13873505592 4999.0 0
43 5000 2.1435611248 4999.0 0
44 5000 2.34819698334 4999.0 0
45 5000 2.36673808098 4999.0 0
46 5000 2.32495498657 4999.0 0
47 5000 2.29051995277 4999.0 0
48 5000 2.28856396675 4999.0 0
49 5000 2.36038303375 4999.0 0
0 95 0.0450179576874 92.0 1
1 73 0.0340440273285 70.0 1
2 76 0.0353701114655 73.0 1
3 81 0.0374319553375 78.0 1
4 45 0.0208208560944 42.0 1
5 63 0.0294690132141 60.0 1
6 5000 2.33457899094 4999.0 0
7 29 0.0136761665344 26.0 1
8 26 0.0121648311615 23.0 1
9 38 0.0178401470184 35.0 1
10 13 0.00583004951477 10.0 1
11 17 0.00781011581421 14.0 1
12 75 0.0351099967957 72.0 1
13 8 0.00338387489319 5.0 1
14 141 0.0659279823303 138.0 1
15 21 0.00965690612793 18.0 1
16 9 0.00386214256287 6.0 1
17 16 0.00710988044739 13.0 1
18 8 0.00341892242432 5.0 1
19 57 0.0267570018768 54.0 1
20 74 0.0344030857086 71.0 1
21 92 0.0433189868927 89.0 1
22 79 0.0372719764709 76.0 1
23 171 0.0808718204498 168.0 1
24 146 0.0689702033997 143.0 1
25 9 0.00388407707214 6.0 1
26 143 0.0672860145569 140.0 1
27 109 0.0510098934174 106.0 1
28 168 0.0790939331055 165.0 1
29 98 0.0466380119324 95.0 1
30 53 0.0246169567108 50.0 1
31 9 0.00397300720215 6.0 1
32 138 0.0654690265656 135.0 1
33 8 0.00344896316528 5.0 1
34 14 0.00644707679749 11.0 1
35 10 0.00447607040405 7.0 1
36 176 0.0839428901672 173.0 1
37 165 0.0799829959869 162.0 1
38 14 0.00634098052979 11.0 1
39 132 0.0627679824829 129.0 1
40 123 0.0585930347443 120.0 1
41 9 0.00380778312683 6.0 1
42 10 0.0043580532074 7.0 1
43 9 0.00382494926453 6.0 1
44 10 0.00427889823914 7.0 1
45 172 0.0713329315186 169.0 1
46 9 0.00235605239868 6.0 1
47 9 0.00257587432861 6.0 1
48 162 0.0816979408264 159.0 1
49 10 0.00385403633118 7.0 1
0 99 0.0409739017487 96.0 1
1 96 0.0392119884491 93.0 1
2 32 0.0133321285248 29.0 1
3 32 0.0130078792572 29.0 1
4 91 0.0375788211823 88.0 1
5 165 0.068186044693 162.0 1
6 25 0.010293006897 22.0 1
7 32 0.0129270553589 29.0 1
8 1925 0.832669973373 1922.0 1
9 5000 2.23888516426 4999.0 0
10 5000 2.37598490715 4999.0 0
11 5000 2.34356498718 4999.0 0
12 5000 2.24952697754 4999.0 0
13 5000 2.34101605415 4999.0 0
14 5000 2.49914884567 4999.0 0
15 5000 2.51481604576 4999.0 0
16 5000 2.23567819595 4999.0 0
17 5000 2.48735404015 4999.0 0
18 5000 2.33007001877 4999.0 0
19 5000 2.43174886703 4999.0 0
20 5000 2.45569705963 4999.0 0
21 5000 2.55062317848 4999.0 0
22 5000 2.34132885933 4999.0 0
23 5000 2.43171906471 4999.0 0
24 5000 2.42961812019 4999.0 0
25 5000 2.21057605743 4999.0 0
26 5000 2.17510700226 4999.0 0
27 5000 2.40283107758 4999.0 0
28 5000 2.28869009018 4999.0 0
29 5000 2.71858096123 4999.0 0
30 5000 2.34086108208 4999.0 0
31 5000 2.49177289009 4999.0 0
32 5000 2.7620267868 4999.0 0
33 5000 2.87992501259 4999.0 0
34 5000 2.23765516281 4999.0 0
35 5000 2.45214295387 4999.0 0
36 5000 2.40033507347 4999.0 0
37 5000 2.46188211441 4999.0 0
38 5000 2.49808716774 4999.0 0
39 5000 2.44689202309 4999.0 0
40 5000 2.25866508484 4999.0 0
41 5000 2.2466571331 4999.0 0
42 5000 3.05086302757 4999.0 0
43 5000 3.57340693474 4999.0 0
44 5000 2.76100993156 4999.0 0
45 5000 2.37635588646 4999.0 0
46 5000 2.35762190819 4999.0 0
47 5000 2.41712808609 4999.0 0
48 5000 2.36762905121 4999.0 0
49 5000 2.2740418911 4999.0 0
0 97 0.0487620830536 94.0 1
1 12 0.0056369304657 9.0 1
2 12 0.0056300163269 9.0 1
3 13 0.0060510635376 10.0 1
4 119 0.0564069747925 116.0 1
5 196 0.0880048274994 193.0 1
6 182 0.0825669765472 179.0 1
7 43 0.0198509693146 40.0 1
8 9 0.00372505187988 6.0 1
9 5000 2.30737781525 4999.0 0
10 52 0.0254349708557 49.0 1
11 13 0.00596499443054 10.0 1
12 5000 2.37295293808 4999.0 0
13 5000 2.51504397392 4999.0 0
14 5000 2.55546498299 4999.0 0
15 42 0.020966053009 39.0 1
16 12 0.00573801994324 9.0 1
17 3043 1.57872200012 3040.0 1
18 3100 1.58112001419 3097.0 1
19 5000 2.5703420639 4999.0 0
20 5000 2.62900185585 4999.0 0
21 5000 2.35126280785 4999.0 0
22 5000 2.24698209763 4999.0 0
23 5000 2.53467106819 4999.0 0
24 5000 2.25699996948 4999.0 0
25 5000 2.26493906975 4999.0 0
26 5000 2.91895508766 4999.0 0
27 5000 2.54087281227 4999.0 0
28 5000 2.71452713013 4999.0 0
29 5000 2.72220206261 4999.0 0
30 5000 2.55585503578 4999.0 0
31 5000 2.33244585991 4999.0 0
32 5000 2.64795398712 4999.0 0
33 5000 2.44951510429 4999.0 0
34 5000 2.20608901978 4999.0 0
35 5000 2.25304508209 4999.0 0
36 5000 2.56078410149 4999.0 0
37 5000 2.66112995148 4999.0 0
38 5000 2.82135796547 4999.0 0
39 5000 2.78044295311 4999.0 0
40 5000 2.82679104805 4999.0 0
41 5000 2.89909791946 4999.0 0
42 5000 2.68642401695 4999.0 0
43 5000 2.94734311104 4999.0 0
44 5000 2.85805606842 4999.0 0
45 5000 2.90184998512 4999.0 0
46 5000 2.58484387398 4999.0 0
47 5000 2.85134005547 4999.0 0
48 5000 3.07153296471 4999.0 0
49 5000 2.54558801651 4999.0 0
0 67 0.0386390686035 64.0 1
1 14 0.00766515731812 11.0 1
2 35 0.0199248790741 32.0 1
3 59 0.0336389541626 56.0 1
4 58 0.03289103508 55.0 1
5 54 0.0309860706329 51.0 1
6 44 0.0254499912262 41.0 1
7 551 0.318436861038 548.0 1
8 44 0.0250899791718 41.0 1
9 13 0.00689888000488 10.0 1
10 1749 1.01948094368 1746.0 1
11 98 0.0560851097107 95.0 1
12 5000 2.89522004128 4999.0 0
13 5000 2.91352701187 4999.0 0
14 55 0.0296721458435 52.0 1
15 11 0.00499320030212 8.0 1
16 5000 2.99947309494 4999.0 0
17 5000 2.93653988838 4999.0 0
18 5000 2.73012900352 4999.0 0
19 5000 2.47575616837 4999.0 0
20 5000 2.39813494682 4999.0 0
21 5000 2.66859292984 4999.0 0
22 5000 2.27498698235 4999.0 0
23 5000 2.41496920586 4999.0 0
24 17 0.00725388526917 14.0 1
25 24 0.0106799602509 21.0 1
26 9 0.00385093688965 6.0 1
27 14 0.00571608543396 11.0 1
28 29 0.0126252174377 26.0 1
29 15 0.00603103637695 12.0 1
30 11 0.00461316108704 8.0 1
31 5000 2.43109607697 4999.0 0
32 5000 2.18444299698 4999.0 0
33 14 0.00554800033569 11.0 1
34 5000 2.32027316093 4999.0 0
35 5000 2.39790701866 4999.0 0
36 5000 2.48233509064 4999.0 0
37 5000 2.29165816307 4999.0 0
38 5000 2.30300688744 4999.0 0
39 5000 2.44205498695 4999.0 0
40 5000 2.25827503204 4999.0 0
41 5000 2.53774094582 4999.0 0
42 5000 2.52142000198 4999.0 0
43 5000 2.36021494865 4999.0 0
44 5000 2.35785984993 4999.0 0
45 5000 2.34586882591 4999.0 0
46 5000 2.34839200974 4999.0 0
47 5000 2.3445930481 4999.0 0
48 5000 2.30639600754 4999.0 0
49 5000 2.37841391563 4999.0 0
0 101 0.0499129295349 98.0 1
1 58 0.0286209583282 55.0 1
2 61 0.0300450325012 58.0 1
3 45 0.0219948291779 42.0 1
4 126 0.0621590614319 123.0 1
5 137 0.0679881572723 134.0 1
6 191 0.0971570014954 188.0 1
7 78 0.0383841991425 75.0 1
8 5000 2.444272995 4999.0 0
9 5000 2.44282722473 4999.0 0
10 5000 2.4376270771 4999.0 0
11 5000 2.39434909821 4999.0 0
12 5000 2.19409990311 4999.0 0
13 5000 2.26736712456 4999.0 0
14 5000 2.3154361248 4999.0 0
15 5000 2.31148386002 4999.0 0
16 5000 2.33990192413 4999.0 0
17 5000 2.22622013092 4999.0 0
18 5000 2.2078359127 4999.0 0
19 5000 2.16637396812 4999.0 0
20 5000 2.54141688347 4999.0 0
21 5000 2.53634405136 4999.0 0
22 5000 2.49196386337 4999.0 0
23 5000 2.50524401665 4999.0 0
24 5000 2.3957529068 4999.0 0
25 5000 2.42674612999 4999.0 0
26 5000 2.30843901634 4999.0 0
27 5000 3.0938179493 4999.0 0
28 5000 3.56477808952 4999.0 0
29 5000 2.61244797707 4999.0 0
30 5000 2.39148497581 4999.0 0
31 5000 2.48426985741 4999.0 0
32 5000 2.55086994171 4999.0 0
33 5000 2.59205198288 4999.0 0
34 5000 2.57333183289 4999.0 0
35 5000 2.36796498299 4999.0 0
36 5000 3.31575107574 4999.0 0
37 5000 2.4414730072 4999.0 0
38 5000 2.28304505348 4999.0 0
39 5000 2.2795791626 4999.0 0
40 5000 2.50295591354 4999.0 0
41 5000 2.51067209244 4999.0 0
42 5000 2.24126195908 4999.0 0
43 5000 2.17314195633 4999.0 0
44 5000 2.3397731781 4999.0 0
45 5000 2.3328127861 4999.0 0
46 5000 2.38204693794 4999.0 0
47 5000 2.37307596207 4999.0 0
48 5000 2.32370305061 4999.0 0
49 5000 2.31973314285 4999.0 0
