trial, number of steps, runtime, accumulated reward, termination
0 11 0.00455093383789 8.0 1
1 9 0.00365805625916 6.0 1
2 10 0.00385689735413 7.0 1
3 14 0.00555992126465 11.0 1
4 9 0.00347399711609 6.0 1
5 13 0.00513100624084 10.0 1
6 13 0.00515198707581 10.0 1
7 12 0.00463700294495 9.0 1
8 10 0.00387001037598 7.0 1
9 8 0.00301480293274 5.0 1
10 10 0.00388789176941 7.0 1
11 12 0.00950717926025 9.0 1
12 13 0.00531196594238 10.0 1
13 10 0.00386905670166 7.0 1
14 11 0.00426983833313 8.0 1
15 10 0.00424599647522 7.0 1
16 10 0.00384998321533 7.0 1
17 12 0.00469589233398 9.0 1
18 12 0.00469183921814 9.0 1
19 9 0.00356197357178 6.0 1
20 12 0.00560307502747 9.0 1
21 9 0.00412797927856 6.0 1
22 13 0.00612115859985 10.0 1
23 12 0.00548696517944 9.0 1
24 10 0.00394511222839 7.0 1
25 11 0.00436997413635 8.0 1
26 12 0.00470399856567 9.0 1
27 9 0.00359511375427 6.0 1
28 9 0.00397491455078 6.0 1
29 9 0.00361514091492 6.0 1
30 13 0.00564408302307 10.0 1
31 11 0.00508904457092 8.0 1
32 11 0.00511813163757 8.0 1
33 12 0.00556588172913 9.0 1
34 12 0.00557112693787 9.0 1
35 9 0.00350499153137 6.0 1
36 11 0.00434708595276 8.0 1
37 10 0.00390291213989 7.0 1
38 10 0.00387620925903 7.0 1
39 9 0.00382494926453 6.0 1
40 12 0.00527501106262 9.0 1
41 9 0.00371909141541 6.0 1
42 10 0.00433397293091 7.0 1
43 9 0.00394511222839 6.0 1
44 10 0.00457715988159 7.0 1
45 11 0.00512194633484 8.0 1
46 12 0.00560092926025 9.0 1
47 12 0.00508403778076 9.0 1
48 12 0.00466895103455 9.0 1
49 9 0.0033860206604 6.0 1
0 9 0.00348806381226 6.0 1
1 10 0.00438117980957 7.0 1
2 11 0.00481796264648 8.0 1
3 9 0.00408506393433 6.0 1
4 10 0.00456404685974 7.0 1
5 10 0.00457310676575 7.0 1
6 10 0.00428891181946 7.0 1
7 12 0.00470590591431 9.0 1
8 10 0.00377297401428 7.0 1
9 10 0.0038959980011 7.0 1
10 12 0.00615000724792 9.0 1
11 11 0.00469279289246 8.0 1
12 9 0.00396490097046 6.0 1
13 11 0.00471591949463 8.0 1
14 11 0.0047459602356 8.0 1
15 12 0.00462293624878 9.0 1
16 10 0.00388503074646 7.0 1
17 9 0.00332403182983 6.0 1
18 10 0.00368595123291 7.0 1
19 12 0.0046558380127 9.0 1
20 9 0.00360798835754 6.0 1
21 11 0.00434017181396 8.0 1
22 12 0.00485396385193 9.0 1
23 10 0.00390291213989 7.0 1
24 8 0.00310492515564 5.0 1
25 10 0.00380420684814 7.0 1
26 12 0.00481605529785 9.0 1
27 11 0.00436305999756 8.0 1
28 10 0.0039529800415 7.0 1
29 10 0.00397920608521 7.0 1
30 11 0.00439310073853 8.0 1
31 10 0.00389003753662 7.0 1
32 12 0.00473785400391 9.0 1
33 9 0.0035138130188 6.0 1
34 11 0.004390001297 8.0 1
35 8 0.00307202339172 5.0 1
36 12 0.00490999221802 9.0 1
37 10 0.00394988059998 7.0 1
38 10 0.00404381752014 7.0 1
39 11 0.00443601608276 8.0 1
40 12 0.00484585762024 9.0 1
41 11 0.00437998771667 8.0 1
42 12 0.00481390953064 9.0 1
43 11 0.00448608398438 8.0 1
44 12 0.00476384162903 9.0 1
45 8 0.00309300422668 5.0 1
46 9 0.00350284576416 6.0 1
47 9 0.00356316566467 6.0 1
48 9 0.00351500511169 6.0 1
49 12 0.00474095344543 9.0 1
0 8 0.0032811164856 5.0 1
1 8 0.00309586524963 5.0 1
2 11 0.00437211990356 8.0 1
3 12 0.00492095947266 9.0 1
4 10 0.00396394729614 7.0 1
5 9 0.00349998474121 6.0 1
6 10 0.00396490097046 7.0 1
7 10 0.00399398803711 7.0 1
8 13 0.00529193878174 10.0 1
9 8 0.00312304496765 5.0 1
10 10 0.00403499603271 7.0 1
11 10 0.00381898880005 7.0 1
12 12 0.00490999221802 9.0 1
13 13 0.00517821311951 10.0 1
14 11 0.00440001487732 8.0 1
15 10 0.0038800239563 7.0 1
16 8 0.00311899185181 5.0 1
17 10 0.00390696525574 7.0 1
18 11 0.00432896614075 8.0 1
19 10 0.00385212898254 7.0 1
20 9 0.00348496437073 6.0 1
21 9 0.00346708297729 6.0 1
22 12 0.00474286079407 9.0 1
23 8 0.0030779838562 5.0 1
24 8 0.00318503379822 5.0 1
25 8 0.00312495231628 5.0 1
26 8 0.00305604934692 5.0 1
27 11 0.00438499450684 8.0 1
28 12 0.004714012146 9.0 1
29 9 0.00345587730408 6.0 1
30 11 0.00434112548828 8.0 1
31 12 0.00478386878967 9.0 1
32 12 0.00473093986511 9.0 1
33 9 0.00350308418274 6.0 1
34 10 0.00390410423279 7.0 1
35 11 0.0043249130249 8.0 1
36 12 0.00478386878967 9.0 1
37 12 0.00478291511536 9.0 1
38 8 0.00299715995789 5.0 1
39 8 0.00307297706604 5.0 1
40 12 0.00478601455688 9.0 1
41 13 0.00524282455444 10.0 1
42 13 0.00532913208008 10.0 1
43 9 0.00360512733459 6.0 1
44 10 0.00392603874207 7.0 1
45 8 0.00308918952942 5.0 1
46 10 0.00400805473328 7.0 1
47 10 0.00391793251038 7.0 1
48 12 0.00484800338745 9.0 1
49 11 0.00445985794067 8.0 1
0 10 0.00411415100098 7.0 1
1 10 0.00385308265686 7.0 1
2 11 0.00425601005554 8.0 1
3 12 0.00475096702576 9.0 1
4 8 0.00297594070435 5.0 1
5 12 0.00480508804321 9.0 1
6 10 0.0038959980011 7.0 1
7 11 0.0042359828949 8.0 1
8 11 0.00442600250244 8.0 1
9 10 0.0039529800415 7.0 1
10 12 0.00470018386841 9.0 1
11 11 0.00441694259644 8.0 1
12 12 0.00486397743225 9.0 1
13 12 0.00479197502136 9.0 1
14 8 0.00308799743652 5.0 1
15 10 0.00385308265686 7.0 1
16 11 0.00429487228394 8.0 1
17 11 0.00439596176147 8.0 1
18 13 0.00515413284302 10.0 1
19 10 0.00379395484924 7.0 1
20 9 0.00343894958496 6.0 1
21 13 0.00511980056763 10.0 1
22 10 0.00384116172791 7.0 1
23 8 0.00306701660156 5.0 1
24 11 0.00428605079651 8.0 1
25 12 0.00472187995911 9.0 1
26 12 0.00472497940063 9.0 1
27 12 0.00473284721375 9.0 1
28 10 0.00386500358582 7.0 1
29 8 0.00307703018188 5.0 1
30 12 0.00472903251648 9.0 1
31 11 0.00428795814514 8.0 1
32 13 0.00514793395996 10.0 1
33 9 0.00349092483521 6.0 1
34 11 0.00423812866211 8.0 1
35 10 0.00381207466125 7.0 1
36 11 0.00430488586426 8.0 1
37 9 0.00336408615112 6.0 1
38 10 0.0038800239563 7.0 1
39 10 0.00382804870605 7.0 1
40 9 0.00345587730408 6.0 1
41 9 0.00336503982544 6.0 1
42 13 0.00511193275452 10.0 1
43 8 0.00305104255676 5.0 1
44 12 0.00468802452087 9.0 1
45 12 0.00466895103455 9.0 1
46 13 0.00513100624084 10.0 1
47 9 0.00350189208984 6.0 1
48 10 0.00378894805908 7.0 1
49 9 0.00351715087891 6.0 1
0 13 0.00517702102661 10.0 1
1 10 0.00385808944702 7.0 1
2 13 0.00513100624084 10.0 1
3 12 0.00476813316345 9.0 1
4 13 0.00501894950867 10.0 1
5 9 0.00348401069641 6.0 1
6 11 0.00423002243042 8.0 1
7 11 0.00424909591675 8.0 1
8 9 0.00339603424072 6.0 1
9 12 0.00457310676575 9.0 1
10 11 0.00422716140747 8.0 1
11 9 0.00346112251282 6.0 1
12 8 0.00296020507812 5.0 1
13 10 0.00377798080444 7.0 1
14 10 0.00381708145142 7.0 1
15 11 0.00426006317139 8.0 1
16 11 0.00417900085449 8.0 1
17 10 0.00385808944702 7.0 1
18 8 0.00298619270325 5.0 1
19 8 0.00300908088684 5.0 1
20 9 0.00341582298279 6.0 1
21 9 0.00340700149536 6.0 1
22 11 0.00428700447083 8.0 1
23 10 0.00384211540222 7.0 1
24 8 0.00303196907043 5.0 1
25 9 0.00336885452271 6.0 1
26 11 0.00435900688171 8.0 1
27 13 0.00513792037964 10.0 1
28 9 0.00339412689209 6.0 1
29 13 0.0050528049469 10.0 1
30 8 0.00269103050232 5.0 1
31 11 0.0046648979187 8.0 1
32 8 0.00321507453918 5.0 1
33 13 0.0059380531311 10.0 1
34 12 0.00470304489136 9.0 1
35 9 0.00344705581665 6.0 1
36 12 0.00475287437439 9.0 1
37 10 0.00385499000549 7.0 1
38 11 0.00418901443481 8.0 1
39 8 0.00301313400269 5.0 1
40 11 0.00426506996155 8.0 1
41 12 0.00459408760071 9.0 1
42 10 0.00387096405029 7.0 1
43 9 0.0033540725708 6.0 1
44 8 0.00297999382019 5.0 1
45 12 0.00466394424438 9.0 1
46 10 0.00389313697815 7.0 1
47 11 0.00420498847961 8.0 1
48 11 0.00422596931458 8.0 1
49 8 0.00304198265076 5.0 1
0 10 0.00401711463928 7.0 1
1 11 0.00426888465881 8.0 1
2 10 0.00379800796509 7.0 1
3 11 0.00427007675171 8.0 1
4 13 0.00506114959717 10.0 1
5 9 0.00339198112488 6.0 1
6 9 0.00344109535217 6.0 1
7 8 0.00304102897644 5.0 1
8 9 0.00346708297729 6.0 1
9 9 0.00340700149536 6.0 1
10 10 0.00379586219788 7.0 1
11 12 0.004643201828 9.0 1
12 11 0.00428700447083 8.0 1
13 12 0.00464105606079 9.0 1
14 10 0.00377798080444 7.0 1
15 12 0.0046660900116 9.0 1
16 8 0.00294995307922 5.0 1
17 10 0.00385904312134 7.0 1
18 10 0.00379991531372 7.0 1
19 8 0.00296878814697 5.0 1
20 10 0.00374794006348 7.0 1
21 10 0.00387287139893 7.0 1
22 8 0.00305509567261 5.0 1
23 9 0.00339198112488 6.0 1
24 10 0.00376605987549 7.0 1
25 12 0.00465393066406 9.0 1
26 9 0.00335001945496 6.0 1
27 10 0.00379586219788 7.0 1
28 9 0.00334286689758 6.0 1
29 9 0.00346398353577 6.0 1
30 8 0.00296592712402 5.0 1
31 11 0.00422477722168 8.0 1
32 8 0.0029821395874 5.0 1
33 10 0.00377297401428 7.0 1
34 10 0.00380706787109 7.0 1
35 9 0.00338387489319 6.0 1
36 9 0.00343799591064 6.0 1
37 10 0.00376296043396 7.0 1
38 9 0.00345611572266 6.0 1
39 10 0.00376892089844 7.0 1
40 9 0.00344800949097 6.0 1
41 11 0.00426578521729 8.0 1
42 10 0.00384092330933 7.0 1
43 12 0.00467205047607 9.0 1
44 11 0.0042359828949 8.0 1
45 10 0.00382280349731 7.0 1
46 8 0.00300002098083 5.0 1
47 10 0.00384402275085 7.0 1
48 11 0.00421905517578 8.0 1
49 9 0.00336885452271 6.0 1
0 9 0.00349092483521 6.0 1
1 11 0.00439405441284 8.0 1
2 8 0.00296688079834 5.0 1
3 9 0.00397300720215 6.0 1
4 8 0.00302314758301 5.0 1
5 10 0.00382900238037 7.0 1
6 10 0.00384593009949 7.0 1
7 11 0.0042610168457 8.0 1
8 11 0.00428009033203 8.0 1
9 10 0.00381302833557 7.0 1
10 9 0.00347185134888 6.0 1
11 8 0.00299501419067 5.0 1
12 10 0.00379419326782 7.0 1
13 10 0.0038149356842 7.0 1
14 12 0.00465512275696 9.0 1
15 9 0.00339913368225 6.0 1
16 10 0.00384092330933 7.0 1
17 12 0.00465798377991 9.0 1
18 11 0.00423407554626 8.0 1
19 10 0.00378799438477 7.0 1
20 8 0.00298309326172 5.0 1
21 12 0.00470995903015 9.0 1
22 10 0.00383806228638 7.0 1
23 12 0.00466990470886 9.0 1
24 8 0.00299620628357 5.0 1
25 11 0.00421905517578 8.0 1
26 11 0.00419592857361 8.0 1
27 11 0.00428009033203 8.0 1
28 12 0.00466108322144 9.0 1
29 8 0.00295400619507 5.0 1
30 9 0.00343084335327 6.0 1
31 10 0.0037899017334 7.0 1
32 9 0.00345206260681 6.0 1
33 12 0.00468707084656 9.0 1
34 10 0.00380802154541 7.0 1
35 11 0.00430393218994 8.0 1
36 11 0.00427889823914 8.0 1
37 12 0.0046718120575 9.0 1
38 12 0.00460195541382 9.0 1
39 12 0.00468611717224 9.0 1
40 9 0.00348305702209 6.0 1
41 12 0.00473403930664 9.0 1
42 12 0.00463604927063 9.0 1
43 11 0.00419688224792 8.0 1
44 9 0.00343298912048 6.0 1
45 12 0.00466203689575 9.0 1
46 10 0.00380516052246 7.0 1
47 10 0.00390911102295 7.0 1
48 11 0.0041561126709 8.0 1
49 9 0.00344395637512 6.0 1
0 8 0.00315999984741 5.0 1
1 10 0.0037989616394 7.0 1
2 8 0.00298690795898 5.0 1
3 10 0.00381994247437 7.0 1
4 12 0.00464200973511 9.0 1
5 9 0.00332617759705 6.0 1
6 8 0.00299620628357 5.0 1
7 10 0.00378394126892 7.0 1
8 11 0.00424599647522 8.0 1
9 11 0.00420498847961 8.0 1
10 14 0.0053379535675 11.0 1
11 12 0.00467801094055 9.0 1
12 11 0.00418400764465 8.0 1
13 9 0.00342798233032 6.0 1
14 9 0.00341010093689 6.0 1
15 10 0.00384306907654 7.0 1
16 12 0.00471305847168 9.0 1
17 10 0.00376009941101 7.0 1
18 10 0.00378203392029 7.0 1
19 9 0.00337219238281 6.0 1
20 11 0.00422191619873 8.0 1
21 10 0.00383496284485 7.0 1
22 9 0.00347709655762 6.0 1
23 8 0.00295114517212 5.0 1
24 8 0.0029239654541 5.0 1
25 8 0.00295281410217 5.0 1
26 9 0.00344109535217 6.0 1
27 10 0.00385308265686 7.0 1
28 8 0.00301313400269 5.0 1
29 8 0.00300002098083 5.0 1
30 10 0.00383996963501 7.0 1
31 12 0.00462102890015 9.0 1
32 10 0.00396585464478 7.0 1
33 12 0.00446796417236 9.0 1
34 10 0.00378894805908 7.0 1
35 10 0.00386810302734 7.0 1
36 11 0.00419783592224 8.0 1
37 8 0.00296592712402 5.0 1
38 10 0.0038321018219 7.0 1
39 11 0.00424408912659 8.0 1
40 11 0.00429081916809 8.0 1
41 12 0.00464105606079 9.0 1
42 12 0.00462913513184 9.0 1
43 11 0.00420188903809 8.0 1
44 9 0.00342297554016 6.0 1
45 11 0.00422215461731 8.0 1
46 10 0.00375604629517 7.0 1
47 8 0.00293278694153 5.0 1
48 12 0.00463509559631 9.0 1
49 12 0.00466203689575 9.0 1
0 9 0.00350880622864 6.0 1
1 11 0.00426006317139 8.0 1
2 11 0.00421810150146 8.0 1
3 11 0.00429701805115 8.0 1
4 12 0.00464200973511 9.0 1
5 12 0.00465893745422 9.0 1
6 10 0.00385594367981 7.0 1
7 12 0.00467896461487 9.0 1
8 10 0.00386881828308 7.0 1
9 9 0.0034031867981 6.0 1
10 12 0.004714012146 9.0 1
11 11 0.00420999526978 8.0 1
12 11 0.0042769908905 8.0 1
13 9 0.00340795516968 6.0 1
14 11 0.00417709350586 8.0 1
15 9 0.00354790687561 6.0 1
16 9 0.00335001945496 6.0 1
17 10 0.00382685661316 7.0 1
18 10 0.00385403633118 7.0 1
19 9 0.00348305702209 6.0 1
20 11 0.0042359828949 8.0 1
21 10 0.00382494926453 7.0 1
22 10 0.00376415252686 7.0 1
23 13 0.00510501861572 10.0 1
24 12 0.00461506843567 9.0 1
25 10 0.00380277633667 7.0 1
26 11 0.00423383712769 8.0 1
27 10 0.00379610061646 7.0 1
28 8 0.00296497344971 5.0 1
29 10 0.00378704071045 7.0 1
30 10 0.00388097763062 7.0 1
31 11 0.00420999526978 8.0 1
32 9 0.00340604782104 6.0 1
33 8 0.00295805931091 5.0 1
34 10 0.00381994247437 7.0 1
35 9 0.00338101387024 6.0 1
36 13 0.00507116317749 10.0 1
37 12 0.00466394424438 9.0 1
38 13 0.00507998466492 10.0 1
39 10 0.00427198410034 7.0 1
40 12 0.00465512275696 9.0 1
41 10 0.00407791137695 7.0 1
42 11 0.00421619415283 8.0 1
43 11 0.00431609153748 8.0 1
44 12 0.00429105758667 9.0 1
45 10 0.00370001792908 7.0 1
46 12 0.00456190109253 9.0 1
47 10 0.00342702865601 7.0 1
48 12 0.00484704971313 9.0 1
49 11 0.00442910194397 8.0 1
0 8 0.00325679779053 5.0 1
1 9 0.00348114967346 6.0 1
2 11 0.00436997413635 8.0 1
3 11 0.00424194335938 8.0 1
4 12 0.00483512878418 9.0 1
5 12 0.00477981567383 9.0 1
6 8 0.00304985046387 5.0 1
7 8 0.00300002098083 5.0 1
8 10 0.00398683547974 7.0 1
9 8 0.00316596031189 5.0 1
10 11 0.00437808036804 8.0 1
11 8 0.00316500663757 5.0 1
12 12 0.00487804412842 9.0 1
13 13 0.00530695915222 10.0 1
14 10 0.00404214859009 7.0 1
15 11 0.00438690185547 8.0 1
16 12 0.00477004051208 9.0 1
17 10 0.00395798683167 7.0 1
18 10 0.00393199920654 7.0 1
19 11 0.00430607795715 8.0 1
20 8 0.00301384925842 5.0 1
21 11 0.00430393218994 8.0 1
22 9 0.00358510017395 6.0 1
23 11 0.00423192977905 8.0 1
24 11 0.00445199012756 8.0 1
25 11 0.00436806678772 8.0 1
26 11 0.00424599647522 8.0 1
27 12 0.00483298301697 9.0 1
28 9 0.00349497795105 6.0 1
29 10 0.00401210784912 7.0 1
30 12 0.0048770904541 9.0 1
31 12 0.00472187995911 9.0 1
32 8 0.00305604934692 5.0 1
33 8 0.00310301780701 5.0 1
34 10 0.00397396087646 7.0 1
35 9 0.00339603424072 6.0 1
36 10 0.00395202636719 7.0 1
37 11 0.0042998790741 8.0 1
38 9 0.00343108177185 6.0 1
39 12 0.00476884841919 9.0 1
40 10 0.00386691093445 7.0 1
41 9 0.00338387489319 6.0 1
42 11 0.0044379234314 8.0 1
43 10 0.00394606590271 7.0 1
44 12 0.00474405288696 9.0 1
45 14 0.00565195083618 11.0 1
46 10 0.00394606590271 7.0 1
47 10 0.00402307510376 7.0 1
48 11 0.00440907478333 8.0 1
49 11 0.00447607040405 8.0 1
