trial, number of steps, runtime, accumulated reward, termination
0 1484 0.781478881836 -1482.0 1
1 5000 2.84663105011 -4999.0 0
2 5000 3.64085507393 -4999.0 0
3 5000 3.67412495613 -4999.0 0
4 5000 3.60821604729 -4999.0 0
5 5000 3.59599995613 -4999.0 0
6 5000 3.77537894249 -4999.0 0
7 5000 3.82862782478 -4999.0 0
8 5000 3.85596704483 -4999.0 0
9 5000 3.60640096664 -4999.0 0
10 5000 3.43857312202 -4999.0 0
11 5000 3.51892614365 -4999.0 0
12 5000 3.66008901596 -4999.0 0
13 5000 3.69671297073 -4999.0 0
14 5000 3.66318202019 -4999.0 0
15 5000 3.57108688354 -4999.0 0
16 5000 3.50362205505 -4999.0 0
17 5000 3.76343917847 -4999.0 0
18 5000 3.53362393379 -4999.0 0
19 5000 3.90311193466 -4999.0 0
20 5000 3.47420406342 -4999.0 0
21 5000 3.50413513184 -4999.0 0
22 5000 3.50826215744 -4999.0 0
23 5000 3.71956801414 -4999.0 0
24 5000 3.66947102547 -4999.0 0
25 5000 3.72898197174 -4999.0 0
26 5000 3.66308903694 -4999.0 0
27 5000 3.64241480827 -4999.0 0
28 5000 4.29389190674 -4999.0 0
29 5000 3.84109997749 -4999.0 0
30 5000 3.92108511925 -4999.0 0
31 5000 3.51791000366 -4999.0 0
32 5000 3.53888702393 -4999.0 0
33 5000 3.72917103767 -4999.0 0
34 5000 3.9127240181 -4999.0 0
35 5000 4.00501203537 -4999.0 0
36 5000 3.94226503372 -4999.0 0
37 5000 4.06738185883 -4999.0 0
38 5000 3.64162993431 -4999.0 0
39 5000 3.46503186226 -4999.0 0
40 5000 3.46922779083 -4999.0 0
41 5000 3.44591593742 -4999.0 0
42 5000 3.62054181099 -4999.0 0
43 5000 3.50259900093 -4999.0 0
44 5000 3.3148598671 -4999.0 0
45 5000 3.54086399078 -4999.0 0
46 5000 3.35914206505 -4999.0 0
47 5000 4.01041603088 -4999.0 0
48 5000 3.97592592239 -4999.0 0
49 5000 3.5412940979 -4999.0 0
0 1484 0.738864898682 -1482.0 1
1 5000 2.80944895744 -4999.0 0
2 5000 3.44189500809 -4999.0 0
3 5000 3.49408388138 -4999.0 0
4 5000 3.71190714836 -4999.0 0
5 5000 3.72108197212 -4999.0 0
6 5000 3.77572894096 -4999.0 0
7 5000 3.79364299774 -4999.0 0
8 5000 3.71129417419 -4999.0 0
9 5000 3.73124909401 -4999.0 0
10 5000 3.60563397408 -4999.0 0
11 5000 3.64167284966 -4999.0 0
12 5000 3.6060988903 -4999.0 0
13 5000 3.40364313126 -4999.0 0
14 5000 3.43083405495 -4999.0 0
15 5000 3.2992670536 -4999.0 0
16 5000 3.61180996895 -4999.0 0
17 5000 3.67189693451 -4999.0 0
18 5000 3.90600991249 -4999.0 0
19 5000 4.05723500252 -4999.0 0
20 5000 3.782807827 -4999.0 0
21 5000 3.79358410835 -4999.0 0
22 5000 3.52263092995 -4999.0 0
23 5000 3.44821095467 -4999.0 0
24 5000 3.26232409477 -4999.0 0
25 5000 4.06940698624 -4999.0 0
26 5000 3.41784191132 -4999.0 0
27 5000 3.3566608429 -4999.0 0
28 5000 3.43898296356 -4999.0 0
29 5000 3.51233005524 -4999.0 0
30 5000 3.84818911552 -4999.0 0
31 5000 3.91581702232 -4999.0 0
32 5000 3.90189218521 -4999.0 0
33 5000 3.49745607376 -4999.0 0
34 5000 3.66329693794 -4999.0 0
35 5000 3.51356601715 -4999.0 0
36 5000 3.76625204086 -4999.0 0
37 5000 3.58823513985 -4999.0 0
38 5000 3.47631788254 -4999.0 0
39 5000 3.98708701134 -4999.0 0
40 5000 3.78171181679 -4999.0 0
41 5000 3.71112918854 -4999.0 0
42 5000 3.64837288857 -4999.0 0
43 5000 3.50171709061 -4999.0 0
44 5000 3.65448403358 -4999.0 0
45 5000 3.81936192513 -4999.0 0
46 5000 3.60047006607 -4999.0 0
47 5000 3.7411711216 -4999.0 0
48 5000 3.68238282204 -4999.0 0
49 5000 3.32373905182 -4999.0 0
0 1484 0.922517061234 -1482.0 1
1 5000 2.80538201332 -4999.0 0
2 5000 3.56506109238 -4999.0 0
3 5000 3.68894505501 -4999.0 0
4 5000 3.5561299324 -4999.0 0
5 5000 3.59291911125 -4999.0 0
6 5000 3.77872896194 -4999.0 0
7 5000 3.9482960701 -4999.0 0
8 5000 4.31169199944 -4999.0 0
9 5000 4.13736915588 -4999.0 0
10 5000 3.94039607048 -4999.0 0
11 5000 3.31133317947 -4999.0 0
12 5000 3.82867002487 -4999.0 0
13 5000 3.37524914742 -4999.0 0
14 5000 3.50268292427 -4999.0 0
15 5000 3.53879785538 -4999.0 0
16 5000 3.52803087234 -4999.0 0
17 5000 3.48628020287 -4999.0 0
18 5000 3.36883187294 -4999.0 0
19 5000 3.61248803139 -4999.0 0
20 5000 3.26615095139 -4999.0 0
21 5000 3.2347869873 -4999.0 0
22 5000 3.98298788071 -4999.0 0
23 5000 3.69780397415 -4999.0 0
24 5000 4.24384713173 -4999.0 0
25 5000 4.14464092255 -4999.0 0
26 5000 4.19189286232 -4999.0 0
27 5000 3.89701485634 -4999.0 0
28 5000 3.45881295204 -4999.0 0
29 5000 3.67942404747 -4999.0 0
30 5000 3.81773614883 -4999.0 0
31 5000 3.5316491127 -4999.0 0
32 5000 3.65521407127 -4999.0 0
33 5000 3.86831092834 -4999.0 0
34 5000 3.94140791893 -4999.0 0
35 5000 3.65419411659 -4999.0 0
36 5000 3.48256206512 -4999.0 0
37 5000 3.58628487587 -4999.0 0
38 5000 3.55653786659 -4999.0 0
39 5000 3.47072911263 -4999.0 0
40 5000 3.55291104317 -4999.0 0
41 5000 3.74933385849 -4999.0 0
42 5000 3.62168192863 -4999.0 0
43 5000 3.43445014954 -4999.0 0
44 5000 3.77371191978 -4999.0 0
45 5000 3.77759814262 -4999.0 0
46 5000 3.63963389397 -4999.0 0
47 5000 3.7521750927 -4999.0 0
48 5000 3.53527402878 -4999.0 0
49 5000 3.37247014046 -4999.0 0
0 1484 0.740630865097 -1482.0 1
1 5000 2.7199640274 -4999.0 0
2 5000 3.33793997765 -4999.0 0
3 5000 3.57786798477 -4999.0 0
4 5000 3.45225381851 -4999.0 0
5 5000 3.53747487068 -4999.0 0
6 5000 3.36564707756 -4999.0 0
7 5000 3.47052192688 -4999.0 0
8 5000 3.45898985863 -4999.0 0
9 5000 3.56410193443 -4999.0 0
10 5000 3.65547990799 -4999.0 0
11 5000 4.10585713387 -4999.0 0
12 5000 4.15132689476 -4999.0 0
13 5000 3.91160798073 -4999.0 0
14 5000 3.89067292213 -4999.0 0
15 5000 3.86969804764 -4999.0 0
16 5000 3.79377293587 -4999.0 0
17 5000 3.66629290581 -4999.0 0
18 5000 3.62406492233 -4999.0 0
19 5000 3.65994286537 -4999.0 0
20 5000 3.82102608681 -4999.0 0
21 5000 3.51009988785 -4999.0 0
22 5000 3.58315300941 -4999.0 0
23 5000 3.29157209396 -4999.0 0
24 5000 3.49212908745 -4999.0 0
25 5000 3.46276187897 -4999.0 0
26 5000 3.84069991112 -4999.0 0
27 5000 3.66708302498 -4999.0 0
28 5000 3.60503292084 -4999.0 0
29 5000 3.41094517708 -4999.0 0
30 5000 3.86174511909 -4999.0 0
31 5000 3.63516592979 -4999.0 0
32 5000 3.8652150631 -4999.0 0
33 5000 3.60040211678 -4999.0 0
34 5000 3.48963499069 -4999.0 0
35 5000 3.31661081314 -4999.0 0
36 5000 3.70633816719 -4999.0 0
37 5000 3.66034984589 -4999.0 0
38 5000 3.6333091259 -4999.0 0
39 5000 3.70856189728 -4999.0 0
40 5000 3.61366415024 -4999.0 0
41 5000 3.42972707748 -4999.0 0
42 5000 3.6599240303 -4999.0 0
43 5000 3.32755303383 -4999.0 0
44 5000 3.42281103134 -4999.0 0
45 5000 3.43740105629 -4999.0 0
46 5000 3.42321801186 -4999.0 0
47 5000 3.5408539772 -4999.0 0
48 5000 3.83926820755 -4999.0 0
49 5000 3.72938799858 -4999.0 0
0 1484 0.880876064301 -1482.0 1
1 5000 3.10779809952 -4999.0 0
2 5000 3.83000302315 -4999.0 0
3 5000 3.58220100403 -4999.0 0
4 5000 3.76024508476 -4999.0 0
5 5000 3.79953813553 -4999.0 0
6 5000 3.80806589127 -4999.0 0
7 5000 3.83449697495 -4999.0 0
8 5000 3.8997528553 -4999.0 0
9 5000 3.93235898018 -4999.0 0
10 5000 3.94346094131 -4999.0 0
11 5000 3.90017795563 -4999.0 0
12 5000 3.91265106201 -4999.0 0
13 5000 4.00555300713 -4999.0 0
14 5000 3.85781002045 -4999.0 0
15 5000 3.83476185799 -4999.0 0
16 5000 3.84340786934 -4999.0 0
17 5000 4.51511693001 -4999.0 0
18 5000 3.95950198174 -4999.0 0
19 5000 4.12914180756 -4999.0 0
20 5000 3.9367082119 -4999.0 0
21 5000 4.0159599781 -4999.0 0
22 5000 4.17240190506 -4999.0 0
23 5000 3.52595806122 -4999.0 0
24 5000 3.94173407555 -4999.0 0
25 5000 4.15858197212 -4999.0 0
26 5000 3.69730687141 -4999.0 0
27 5000 3.66426897049 -4999.0 0
28 5000 3.80330491066 -4999.0 0
29 5000 3.88358211517 -4999.0 0
30 5000 3.86456298828 -4999.0 0
31 5000 3.94543290138 -4999.0 0
32 5000 4.69356894493 -4999.0 0
33 5000 3.78728699684 -4999.0 0
34 5000 3.91954398155 -4999.0 0
35 5000 4.11218690872 -4999.0 0
36 5000 4.74222588539 -4999.0 0
37 5000 3.77325892448 -4999.0 0
38 5000 3.75559592247 -4999.0 0
39 5000 3.73306107521 -4999.0 0
40 5000 3.39999294281 -4999.0 0
41 5000 3.32701206207 -4999.0 0
42 5000 3.81685495377 -4999.0 0
43 5000 3.7646548748 -4999.0 0
44 5000 3.8896780014 -4999.0 0
45 5000 3.83828401566 -4999.0 0
46 5000 3.83837199211 -4999.0 0
47 5000 3.7122399807 -4999.0 0
48 5000 3.71683502197 -4999.0 0
49 5000 3.5897397995 -4999.0 0
0 1484 0.767394065857 -1482.0 1
1 5000 2.82600212097 -4999.0 0
2 5000 3.6002612114 -4999.0 0
3 5000 3.53307700157 -4999.0 0
4 5000 3.92913579941 -4999.0 0
5 5000 3.82568383217 -4999.0 0
6 5000 3.61187815666 -4999.0 0
7 5000 3.527312994 -4999.0 0
8 5000 3.55738997459 -4999.0 0
9 5000 3.715321064 -4999.0 0
10 5000 3.75249791145 -4999.0 0
11 5000 3.72264695168 -4999.0 0
12 5000 4.01033306122 -4999.0 0
13 5000 3.69850182533 -4999.0 0
14 5000 3.54810786247 -4999.0 0
15 5000 3.54622101784 -4999.0 0
16 5000 3.93349409103 -4999.0 0
17 5000 3.62176990509 -4999.0 0
18 5000 3.61888289452 -4999.0 0
19 5000 3.6283249855 -4999.0 0
20 5000 3.62896680832 -4999.0 0
21 5000 4.20497608185 -4999.0 0
22 5000 3.63488292694 -4999.0 0
23 5000 3.93291401863 -4999.0 0
24 5000 3.61647605896 -4999.0 0
25 5000 3.5133459568 -4999.0 0
26 5000 3.696434021 -4999.0 0
27 5000 3.64283514023 -4999.0 0
28 5000 3.51815414429 -4999.0 0
29 5000 3.63657879829 -4999.0 0
30 5000 3.71898818016 -4999.0 0
31 5000 3.64025616646 -4999.0 0
32 5000 3.51740717888 -4999.0 0
33 5000 4.27749490738 -4999.0 0
34 5000 3.61441993713 -4999.0 0
35 5000 3.87220096588 -4999.0 0
36 5000 3.70529389381 -4999.0 0
37 5000 3.66596007347 -4999.0 0
38 5000 3.6867890358 -4999.0 0
39 5000 3.71513009071 -4999.0 0
40 5000 3.73492884636 -4999.0 0
41 5000 3.77212691307 -4999.0 0
42 5000 3.82468795776 -4999.0 0
43 5000 3.72998809814 -4999.0 0
44 5000 3.79934501648 -4999.0 0
45 5000 3.78966808319 -4999.0 0
46 5000 3.75694894791 -4999.0 0
47 5000 3.7185781002 -4999.0 0
48 5000 3.76293516159 -4999.0 0
49 5000 3.68760299683 -4999.0 0
0 1484 0.84339094162 -1482.0 1
1 5000 2.85014390945 -4999.0 0
2 5000 3.76182985306 -4999.0 0
3 5000 3.70403313637 -4999.0 0
4 5000 3.68128204346 -4999.0 0
5 5000 3.66471505165 -4999.0 0
6 5000 3.71858501434 -4999.0 0
7 5000 3.72686314583 -4999.0 0
8 5000 3.68556308746 -4999.0 0
9 5000 3.74516797066 -4999.0 0
10 5000 3.63888597488 -4999.0 0
11 5000 3.66306209564 -4999.0 0
12 5000 3.70894289017 -4999.0 0
13 5000 3.70383405685 -4999.0 0
14 5000 3.65380311012 -4999.0 0
15 5000 3.68170809746 -4999.0 0
16 5000 3.7045609951 -4999.0 0
17 5000 3.70322608948 -4999.0 0
18 5000 3.69003105164 -4999.0 0
19 5000 3.63054203987 -4999.0 0
20 5000 3.64166116714 -4999.0 0
21 5000 4.03415679932 -4999.0 0
22 5000 4.02758312225 -4999.0 0
23 5000 4.01549100876 -4999.0 0
24 5000 4.09660196304 -4999.0 0
25 5000 4.06201505661 -4999.0 0
26 5000 3.98675394058 -4999.0 0
27 5000 3.98073005676 -4999.0 0
28 5000 3.94841194153 -4999.0 0
29 5000 3.48305511475 -4999.0 0
30 5000 3.52770209312 -4999.0 0
31 5000 3.89475607872 -4999.0 0
32 5000 3.85640311241 -4999.0 0
33 5000 3.84847211838 -4999.0 0
34 5000 3.77973413467 -4999.0 0
35 5000 3.74053001404 -4999.0 0
36 5000 4.25474596024 -4999.0 0
37 5000 4.15832996368 -4999.0 0
38 5000 3.54620504379 -4999.0 0
39 5000 3.89388799667 -4999.0 0
40 5000 3.91050219536 -4999.0 0
41 5000 3.54139399529 -4999.0 0
42 5000 3.62120389938 -4999.0 0
43 5000 3.93662810326 -4999.0 0
44 5000 3.84944105148 -4999.0 0
45 5000 3.62916302681 -4999.0 0
46 5000 3.75304079056 -4999.0 0
47 5000 3.6529250145 -4999.0 0
48 5000 3.72569298744 -4999.0 0
49 5000 3.99932694435 -4999.0 0
0 1484 0.883023023605 -1482.0 1
1 5000 2.77050113678 -4999.0 0
2 5000 3.81495594978 -4999.0 0
3 5000 3.80094909668 -4999.0 0
4 5000 3.49019002914 -4999.0 0
5 5000 3.87094402313 -4999.0 0
6 5000 3.66987800598 -4999.0 0
7 5000 3.75817894936 -4999.0 0
8 5000 3.72406411171 -4999.0 0
9 5000 3.7647330761 -4999.0 0
10 5000 3.72241187096 -4999.0 0
11 5000 3.63178801537 -4999.0 0
12 5000 3.81467700005 -4999.0 0
13 5000 3.76091098785 -4999.0 0
14 5000 3.61959981918 -4999.0 0
15 5000 3.73838496208 -4999.0 0
16 5000 3.77714300156 -4999.0 0
17 5000 3.6470580101 -4999.0 0
18 5000 3.70515489578 -4999.0 0
19 5000 3.51776480675 -4999.0 0
20 5000 3.78249788284 -4999.0 0
21 5000 4.11929297447 -4999.0 0
22 5000 4.20777010918 -4999.0 0
23 5000 4.26582503319 -4999.0 0
24 5000 4.35263299942 -4999.0 0
25 5000 4.10600090027 -4999.0 0
26 5000 4.1024389267 -4999.0 0
27 5000 4.05778503418 -4999.0 0
28 5000 4.20739197731 -4999.0 0
29 5000 4.0720539093 -4999.0 0
30 5000 4.09506487846 -4999.0 0
31 5000 4.24340009689 -4999.0 0
32 5000 4.14379692078 -4999.0 0
33 5000 3.80487895012 -4999.0 0
34 5000 4.81474399567 -4999.0 0
35 5000 4.23870611191 -4999.0 0
36 5000 4.09748411179 -4999.0 0
37 5000 3.37851691246 -4999.0 0
38 5000 3.83296608925 -4999.0 0
39 5000 4.05438709259 -4999.0 0
40 5000 3.51401615143 -4999.0 0
41 5000 3.78928303719 -4999.0 0
42 5000 3.54212498665 -4999.0 0
43 5000 3.90228295326 -4999.0 0
44 5000 3.93366789818 -4999.0 0
45 5000 3.33421301842 -4999.0 0
46 5000 3.99140000343 -4999.0 0
47 5000 3.87867903709 -4999.0 0
48 5000 3.77279400826 -4999.0 0
49 5000 3.8254981041 -4999.0 0
0 1484 0.855113983154 -1482.0 1
1 5000 2.48531293869 -4999.0 0
2 5000 3.14961504936 -4999.0 0
3 5000 3.59326004982 -4999.0 0
4 5000 4.01346683502 -4999.0 0
5 5000 3.72742199898 -4999.0 0
6 5000 3.71454691887 -4999.0 0
7 5000 3.57015705109 -4999.0 0
8 5000 3.93638300896 -4999.0 0
9 5000 3.98673295975 -4999.0 0
10 5000 3.26158905029 -4999.0 0
11 5000 3.2702050209 -4999.0 0
12 5000 3.65366196632 -4999.0 0
13 5000 3.97404909134 -4999.0 0
14 5000 3.89878487587 -4999.0 0
15 5000 3.88634490967 -4999.0 0
16 5000 3.93137288094 -4999.0 0
17 5000 4.21618795395 -4999.0 0
18 5000 4.08955407143 -4999.0 0
19 5000 3.30024790764 -4999.0 0
20 5000 3.29369807243 -4999.0 0
21 5000 4.16449189186 -4999.0 0
22 5000 4.04798603058 -4999.0 0
23 5000 3.4176697731 -4999.0 0
24 5000 3.84335494041 -4999.0 0
25 5000 4.15004086494 -4999.0 0
26 5000 4.02747917175 -4999.0 0
27 5000 3.79138207436 -4999.0 0
28 5000 4.10236692429 -4999.0 0
29 5000 3.78156399727 -4999.0 0
30 5000 3.33459496498 -4999.0 0
31 5000 3.56098794937 -4999.0 0
32 5000 3.14896702766 -4999.0 0
33 5000 3.94319081306 -4999.0 0
34 5000 4.16472697258 -4999.0 0
35 5000 4.60037398338 -4999.0 0
36 5000 4.46310901642 -4999.0 0
37 5000 4.4209458828 -4999.0 0
38 5000 4.39291405678 -4999.0 0
39 5000 4.34284877777 -4999.0 0
40 5000 4.18171811104 -4999.0 0
41 5000 3.84151506424 -4999.0 0
42 5000 3.9971241951 -4999.0 0
43 5000 3.23748397827 -4999.0 0
44 5000 3.7972009182 -4999.0 0
45 5000 3.49850010872 -4999.0 0
46 5000 3.61335396767 -4999.0 0
47 5000 3.77020907402 -4999.0 0
48 5000 3.75736379623 -4999.0 0
49 5000 3.73501181602 -4999.0 0
0 1484 0.857473134995 -1482.0 1
1 5000 2.97219896317 -4999.0 0
2 5000 4.0384478569 -4999.0 0
3 5000 3.91908788681 -4999.0 0
4 5000 4.03700304031 -4999.0 0
5 5000 4.15293693542 -4999.0 0
6 5000 4.03060412407 -4999.0 0
7 5000 3.88192486763 -4999.0 0
8 5000 3.54460501671 -4999.0 0
9 5000 3.88414216042 -4999.0 0
10 5000 3.75217199326 -4999.0 0
11 5000 4.11583614349 -4999.0 0
12 5000 4.09663105011 -4999.0 0
13 5000 4.00601696968 -4999.0 0
14 5000 4.05875396729 -4999.0 0
15 5000 4.07389688492 -4999.0 0
16 5000 4.20711088181 -4999.0 0
17 5000 4.3284330368 -4999.0 0
18 5000 4.71589899063 -4999.0 0
19 5000 4.10942006111 -4999.0 0
20 5000 3.79884791374 -4999.0 0
21 5000 3.97443699837 -4999.0 0
22 5000 3.62130689621 -4999.0 0
23 5000 3.56810808182 -4999.0 0
24 5000 4.04075598717 -4999.0 0
25 5000 4.1928691864 -4999.0 0
26 5000 4.14696717262 -4999.0 0
27 5000 4.31958603859 -4999.0 0
28 5000 4.09157705307 -4999.0 0
29 5000 3.92348814011 -4999.0 0
30 5000 3.80225586891 -4999.0 0
31 5000 3.95660114288 -4999.0 0
32 5000 4.3012638092 -4999.0 0
33 5000 3.9530711174 -4999.0 0
34 5000 4.01159000397 -4999.0 0
35 5000 4.04997301102 -4999.0 0
36 5000 3.74014306068 -4999.0 0
37 5000 3.80825996399 -4999.0 0
38 5000 3.91556191444 -4999.0 0
39 5000 4.01619887352 -4999.0 0
40 5000 3.85545682907 -4999.0 0
41 5000 3.83584690094 -4999.0 0
42 5000 4.01826190948 -4999.0 0
43 5000 3.7508649826 -4999.0 0
44 5000 4.23305106163 -4999.0 0
45 5000 4.02094292641 -4999.0 0
46 5000 4.09168481827 -4999.0 0
47 5000 4.16636109352 -4999.0 0
48 5000 4.14925789833 -4999.0 0
49 5000 3.9299390316 -4999.0 0
