trial, number of steps, runtime, accumulated reward, termination
0 115 0.0488259792328 112.0 1
1 67 0.0273530483246 64.0 1
2 47 0.0188930034637 44.0 1
3 14 0.00567984580994 11.0 1
4 10 0.00393104553223 7.0 1
5 5000 2.24905490875 4999.0 0
6 20 0.00953197479248 17.0 1
7 35 0.0162708759308 32.0 1
8 11 0.00497102737427 8.0 1
9 11 0.00487184524536 8.0 1
10 91 0.0440230369568 88.0 1
11 475 0.235640048981 472.0 1
12 2704 1.20313286781 2701.0 1
13 1814 0.777101039886 1811.0 1
14 5000 2.20038294792 4999.0 0
15 5000 2.23361611366 4999.0 0
16 5000 2.58679509163 4999.0 0
17 5000 2.78118014336 4999.0 0
18 5000 2.7597630024 4999.0 0
19 5000 2.53882694244 4999.0 0
20 5000 2.38626599312 4999.0 0
21 5000 2.32677316666 4999.0 0
22 5000 2.35867500305 4999.0 0
23 5000 2.57987785339 4999.0 0
24 5000 2.50535392761 4999.0 0
25 5000 2.72021698952 4999.0 0
26 5000 2.25788617134 4999.0 0
27 5000 2.29036521912 4999.0 0
28 15 0.00664401054382 12.0 1
29 26 0.0116720199585 23.0 1
30 5000 2.28378796577 4999.0 0
31 5000 2.2947640419 4999.0 0
32 5000 2.38307714462 4999.0 0
33 5000 2.72711110115 4999.0 0
34 5000 2.72450518608 4999.0 0
35 5000 2.76134896278 4999.0 0
36 5000 2.36194014549 4999.0 0
37 5000 2.21056699753 4999.0 0
38 5000 2.2193570137 4999.0 0
39 5000 2.33704710007 4999.0 0
40 5000 2.32787299156 4999.0 0
41 5000 2.2022960186 4999.0 0
42 5000 2.32120203972 4999.0 0
43 5000 2.28619384766 4999.0 0
44 5000 2.32056808472 4999.0 0
45 5000 2.344591856 4999.0 0
46 5000 2.25468587875 4999.0 0
47 5000 2.25094294548 4999.0 0
48 5000 2.35668897629 4999.0 0
49 5000 2.19682884216 4999.0 0
0 132 0.0562460422516 129.0 1
1 35 0.0143239498138 32.0 1
2 138 0.0583488941193 135.0 1
3 131 0.054939031601 128.0 1
4 155 0.0647661685944 152.0 1
5 155 0.0719699859619 152.0 1
6 14 0.00587105751038 11.0 1
7 124 0.0521359443665 121.0 1
8 14 0.0052170753479 11.0 1
9 5000 2.20109987259 4999.0 0
10 5000 2.13270187378 4999.0 0
11 5000 2.24083805084 4999.0 0
12 49 0.0211319923401 46.0 1
13 5000 2.13049197197 4999.0 0
14 5000 2.33083486557 4999.0 0
15 5000 2.45150899887 4999.0 0
16 5000 2.4258389473 4999.0 0
17 5000 2.41302514076 4999.0 0
18 5000 2.24316000938 4999.0 0
19 5000 2.36260890961 4999.0 0
20 5000 2.99959087372 4999.0 0
21 5000 2.74934101105 4999.0 0
22 5000 2.47829794884 4999.0 0
23 5000 2.16275787354 4999.0 0
24 5000 2.18753194809 4999.0 0
25 5000 2.1850669384 4999.0 0
26 5000 2.16145205498 4999.0 0
27 5000 2.31983113289 4999.0 0
28 5000 2.4144411087 4999.0 0
29 5000 2.44145512581 4999.0 0
30 5000 2.47494506836 4999.0 0
31 5000 2.33601713181 4999.0 0
32 5000 2.89875006676 4999.0 0
33 5000 2.7538189888 4999.0 0
34 5000 2.70119190216 4999.0 0
35 5000 2.87012600899 4999.0 0
36 5000 2.91400408745 4999.0 0
37 5000 2.37187600136 4999.0 0
38 5000 2.20952606201 4999.0 0
39 5000 2.20785498619 4999.0 0
40 5000 2.41375017166 4999.0 0
41 5000 2.25532484055 4999.0 0
42 5000 2.48566699028 4999.0 0
43 5000 2.53111600876 4999.0 0
44 5000 2.45620203018 4999.0 0
45 5000 2.28746700287 4999.0 0
46 5000 2.31079816818 4999.0 0
47 5000 2.31096601486 4999.0 0
48 5000 2.28106594086 4999.0 0
49 5000 2.33959293365 4999.0 0
0 65 0.0298550128937 62.0 1
1 44 0.0208251476288 41.0 1
2 15 0.00614500045776 12.0 1
3 102 0.0990750789642 99.0 1
4 51 0.0358610153198 48.0 1
5 13 0.00838804244995 10.0 1
6 139 0.0968918800354 136.0 1
7 132 0.0912671089172 129.0 1
8 471 0.347701787949 468.0 1
9 12 0.00814604759216 9.0 1
10 12 0.00807285308838 9.0 1
11 4439 2.70693302155 4436.0 1
12 5000 2.36433696747 4999.0 0
13 5000 2.30384707451 4999.0 0
14 5000 2.18417882919 4999.0 0
15 5000 2.29043412209 4999.0 0
16 5000 2.17284107208 4999.0 0
17 5000 2.37636709213 4999.0 0
18 5000 2.19150495529 4999.0 0
19 5000 2.39089608192 4999.0 0
20 5000 2.29071092606 4999.0 0
21 5000 2.19190788269 4999.0 0
22 5000 2.16226696968 4999.0 0
23 5000 2.3214070797 4999.0 0
24 5000 2.28316998482 4999.0 0
25 5000 2.39966106415 4999.0 0
26 5000 2.33148407936 4999.0 0
27 5000 2.2213408947 4999.0 0
28 5000 2.34511303902 4999.0 0
29 5000 2.53386211395 4999.0 0
30 5000 2.57308793068 4999.0 0
31 5000 2.3570959568 4999.0 0
32 5000 2.26330494881 4999.0 0
33 5000 2.37299609184 4999.0 0
34 5000 2.28955602646 4999.0 0
35 5000 2.41562795639 4999.0 0
36 5000 2.37945699692 4999.0 0
37 5000 2.24892687798 4999.0 0
38 5000 2.3275449276 4999.0 0
39 5000 2.43079519272 4999.0 0
40 5000 2.34080410004 4999.0 0
41 5000 2.1541121006 4999.0 0
42 5000 2.20298409462 4999.0 0
43 5000 3.10660791397 4999.0 0
44 5000 2.51476120949 4999.0 0
45 5000 2.52090287209 4999.0 0
46 5000 2.17184710503 4999.0 0
47 5000 2.26004600525 4999.0 0
48 5000 2.37845110893 4999.0 0
49 5000 2.60146307945 4999.0 0
0 118 0.0643949508667 115.0 1
1 83 0.0454289913177 80.0 1
2 55 0.0301971435547 52.0 1
3 74 0.0402820110321 71.0 1
4 31 0.0166671276093 28.0 1
5 62 0.0335490703583 59.0 1
6 177 0.0967328548431 174.0 1
7 261 0.141731023788 258.0 1
8 5000 2.76713395119 4999.0 0
9 5000 2.74209308624 4999.0 0
10 5000 2.77729487419 4999.0 0
11 5000 2.70805096626 4999.0 0
12 5000 2.58842611313 4999.0 0
13 5000 2.30723190308 4999.0 0
14 5000 2.53039693832 4999.0 0
15 5000 2.46065497398 4999.0 0
16 5000 2.28217101097 4999.0 0
17 5000 2.3658850193 4999.0 0
18 5000 2.41210794449 4999.0 0
19 5000 2.33052992821 4999.0 0
20 5000 2.46549510956 4999.0 0
21 5000 2.45397281647 4999.0 0
22 5000 2.62428307533 4999.0 0
23 5000 2.65851306915 4999.0 0
24 5000 2.27739787102 4999.0 0
25 5000 2.55809092522 4999.0 0
26 5000 2.6233458519 4999.0 0
27 5000 2.72911310196 4999.0 0
28 5000 2.59702181816 4999.0 0
29 5000 2.50965809822 4999.0 0
30 5000 2.43167304993 4999.0 0
31 5000 2.19503593445 4999.0 0
32 5000 2.28909802437 4999.0 0
33 5000 2.35550403595 4999.0 0
34 5000 2.32562303543 4999.0 0
35 5000 2.35997891426 4999.0 0
36 5000 2.30788493156 4999.0 0
37 5000 2.19356298447 4999.0 0
38 5000 2.38802599907 4999.0 0
39 5000 2.42901802063 4999.0 0
40 5000 2.31259298325 4999.0 0
41 5000 2.34041595459 4999.0 0
42 5000 2.30376815796 4999.0 0
43 5000 2.31639289856 4999.0 0
44 5000 2.30608606339 4999.0 0
45 5000 2.33472800255 4999.0 0
46 5000 2.39863491058 4999.0 0
47 5000 2.31712889671 4999.0 0
48 5000 2.30836200714 4999.0 0
49 5000 2.51961493492 4999.0 0
0 10 0.00477504730225 7.0 1
1 12 0.00563502311707 9.0 1
2 12 0.00564789772034 9.0 1
3 9 0.00401902198792 6.0 1
4 8 0.00347018241882 5.0 1
5 12 0.00557613372803 9.0 1
6 11 0.00502586364746 8.0 1
7 10 0.00460600852966 7.0 1
8 12 0.00554084777832 9.0 1
9 12 0.00555109977722 9.0 1
10 13 0.0061309337616 10.0 1
11 11 0.00520896911621 8.0 1
12 10 0.00462698936462 7.0 1
13 9 0.00411200523376 6.0 1
14 8 0.00365996360779 5.0 1
15 10 0.00475096702576 7.0 1
16 10 0.00466895103455 7.0 1
17 12 0.00573301315308 9.0 1
18 8 0.0036358833313 5.0 1
19 12 0.00551700592041 9.0 1
20 12 0.00560307502747 9.0 1
21 10 0.00474286079407 7.0 1
22 12 0.00559592247009 9.0 1
23 12 0.00580596923828 9.0 1
24 11 0.00519204139709 8.0 1
25 9 0.00453805923462 6.0 1
26 9 0.00422596931458 6.0 1
27 9 0.00414299964905 6.0 1
28 9 0.00417184829712 6.0 1
29 12 0.00593686103821 9.0 1
30 12 0.00570392608643 9.0 1
31 11 0.00530314445496 8.0 1
32 10 0.00470495223999 7.0 1
33 10 0.00484490394592 7.0 1
34 12 0.00575113296509 9.0 1
35 10 0.00474619865417 7.0 1
36 13 0.00620603561401 10.0 1
37 11 0.00518703460693 8.0 1
38 10 0.00474286079407 7.0 1
39 10 0.00465512275696 7.0 1
40 11 0.00522303581238 8.0 1
41 12 0.00565910339355 9.0 1
42 9 0.00406789779663 6.0 1
43 13 0.00633192062378 10.0 1
44 11 0.00507593154907 8.0 1
45 10 0.00473618507385 7.0 1
46 9 0.00411295890808 6.0 1
47 12 0.00567889213562 9.0 1
48 8 0.0036289691925 5.0 1
49 10 0.00460505485535 7.0 1
0 84 0.0424587726593 81.0 1
1 42 0.0209000110626 39.0 1
2 32 0.0157890319824 29.0 1
3 114 0.057186126709 111.0 1
4 92 0.0462231636047 89.0 1
5 55 0.0271561145782 52.0 1
6 12 0.00567317008972 9.0 1
7 454 0.235651016235 451.0 1
8 8 0.00374603271484 5.0 1
9 227 0.116166114807 224.0 1
10 121 0.0609560012817 118.0 1
11 172 0.0898900032043 169.0 1
12 204 0.104207992554 201.0 1
13 33 0.0164580345154 30.0 1
14 8 0.00367093086243 5.0 1
15 151 0.0767269134521 148.0 1
16 140 0.0709929466248 137.0 1
17 9 0.00417804718018 6.0 1
18 9 0.00416088104248 6.0 1
19 14 0.00665092468262 11.0 1
20 13 0.00612306594849 10.0 1
21 11 0.00516700744629 8.0 1
22 9 0.00429105758667 6.0 1
23 8 0.00368404388428 5.0 1
24 11 0.00509309768677 8.0 1
25 35 0.0173120498657 32.0 1
26 9 0.00410509109497 6.0 1
27 130 0.0654690265656 127.0 1
28 162 0.0814261436462 159.0 1
29 5000 2.35459303856 4999.0 0
30 225 0.103048086166 222.0 1
31 5000 2.17211103439 4999.0 0
32 228 0.100656032562 225.0 1
33 13 0.00561809539795 10.0 1
34 43 0.0195169448853 40.0 1
35 8 0.00314879417419 5.0 1
36 893 0.387423038483 890.0 1
37 5000 2.34704589844 4999.0 0
38 4564 2.20486497879 4561.0 1
39 5000 2.43610906601 4999.0 0
40 5000 2.50255012512 4999.0 0
41 5000 2.37129497528 4999.0 0
42 5000 2.34699892998 4999.0 0
43 5000 2.37473201752 4999.0 0
44 5000 2.37618494034 4999.0 0
45 5000 2.36018610001 4999.0 0
46 5000 2.40125989914 4999.0 0
47 25 0.0114891529083 22.0 1
48 9 0.00398898124695 6.0 1
49 12 0.00556302070618 9.0 1
0 66 0.0323879718781 63.0 1
1 70 0.0340621471405 67.0 1
2 28 0.0133509635925 25.0 1
3 44 0.0212340354919 41.0 1
4 52 0.0251569747925 49.0 1
5 14 0.00641894340515 11.0 1
6 40 0.0190589427948 37.0 1
7 12 0.00543689727783 9.0 1
8 5000 2.35272216797 4999.0 0
9 33 0.0144279003143 30.0 1
10 59 0.0246458053589 56.0 1
11 5000 2.44785118103 4999.0 0
12 5000 2.77999281883 4999.0 0
13 5000 2.43510484695 4999.0 0
14 5000 2.28260707855 4999.0 0
15 5000 2.4086689949 4999.0 0
16 5000 2.23611497879 4999.0 0
17 5000 2.29571700096 4999.0 0
18 5000 2.29935288429 4999.0 0
19 5000 2.32275414467 4999.0 0
20 5000 3.52964496613 4999.0 0
21 5000 2.57645201683 4999.0 0
22 5000 2.44611978531 4999.0 0
23 5000 2.42803287506 4999.0 0
24 5000 2.2926030159 4999.0 0
25 5000 2.19788408279 4999.0 0
26 5000 2.33621191978 4999.0 0
27 5000 2.30077409744 4999.0 0
28 5000 2.47880411148 4999.0 0
29 5000 2.51649808884 4999.0 0
30 5000 3.00701212883 4999.0 0
31 5000 2.91261100769 4999.0 0
32 5000 2.24522709846 4999.0 0
33 5000 2.48741817474 4999.0 0
34 5000 2.35096883774 4999.0 0
35 5000 2.41025185585 4999.0 0
36 5000 2.35557103157 4999.0 0
37 5000 2.28311300278 4999.0 0
38 5000 2.47138094902 4999.0 0
39 5000 2.45168113708 4999.0 0
40 5000 2.44090604782 4999.0 0
41 5000 2.51610302925 4999.0 0
42 5000 2.61405396461 4999.0 0
43 5000 2.23671603203 4999.0 0
44 5000 2.68516302109 4999.0 0
45 5000 3.28987312317 4999.0 0
46 5000 2.74419617653 4999.0 0
47 5000 2.4656059742 4999.0 0
48 5000 2.44131708145 4999.0 0
49 5000 2.53718495369 4999.0 0
0 51 0.0237371921539 48.0 1
1 132 0.0598170757294 129.0 1
2 46 0.0206568241119 43.0 1
3 98 0.0439400672913 95.0 1
4 77 0.0343611240387 74.0 1
5 5000 2.46670198441 4999.0 0
6 25 0.0121021270752 22.0 1
7 11 0.00517106056213 8.0 1
8 11 0.005291223526 8.0 1
9 15 0.00706219673157 12.0 1
10 9 0.00407791137695 6.0 1
11 31 0.0156080722809 28.0 1
12 9 0.00410890579224 6.0 1
13 21 0.010195016861 18.0 1
14 19 0.00940012931824 16.0 1
15 8 0.00358104705811 5.0 1
16 9 0.00402498245239 6.0 1
17 19 0.00940489768982 16.0 1
18 29 0.0145819187164 26.0 1
19 9 0.00420999526978 6.0 1
20 8 0.00375509262085 5.0 1
21 53 0.0268340110779 50.0 1
22 16 0.00763392448425 13.0 1
23 56 0.0278990268707 53.0 1
24 14 0.00680685043335 11.0 1
25 20 0.00981998443604 17.0 1
26 9 0.00419902801514 6.0 1
27 30 0.0153110027313 27.0 1
28 32 0.0158298015594 29.0 1
29 10 0.00458312034607 7.0 1
30 8 0.00366902351379 5.0 1
31 66 0.0337800979614 63.0 1
32 74 0.0380759239197 71.0 1
33 18 0.00907707214355 15.0 1
34 9 0.0042450428009 6.0 1
35 67 0.0339868068695 64.0 1
36 9 0.00410008430481 6.0 1
37 178 0.0912349224091 175.0 1
38 176 0.0898950099945 173.0 1
39 232 0.117485046387 229.0 1
40 134 0.0682129859924 131.0 1
41 8 0.00362586975098 5.0 1
42 9 0.00416111946106 6.0 1
43 9 0.00418591499329 6.0 1
44 183 0.0923180580139 180.0 1
45 229 0.115849018097 226.0 1
46 310 0.157604932785 307.0 1
47 12 0.00573301315308 9.0 1
48 13 0.00628185272217 10.0 1
49 34 0.0171430110931 31.0 1
0 60 0.0312190055847 57.0 1
1 50 0.0252768993378 47.0 1
2 42 0.0211200714111 39.0 1
3 80 0.0404241085052 77.0 1
4 108 0.0555989742279 105.0 1
5 114 0.0585088729858 111.0 1
6 148 0.0756070613861 145.0 1
7 133 0.0676980018616 130.0 1
8 5000 2.53203415871 4999.0 0
9 5000 2.57518696785 4999.0 0
10 5000 2.58017897606 4999.0 0
11 50 0.029137134552 47.0 1
12 28 0.0139048099518 25.0 1
13 130 0.0788259506226 127.0 1
14 105 0.0527780056 102.0 1
15 14 0.00690388679504 11.0 1
16 12 0.00575685501099 9.0 1
17 5000 2.57157206535 4999.0 0
18 5000 2.5562980175 4999.0 0
19 5000 2.5921330452 4999.0 0
20 5000 2.55330395699 4999.0 0
21 5000 2.19997215271 4999.0 0
22 5000 2.34108495712 4999.0 0
23 5000 2.33865809441 4999.0 0
24 5000 2.57765007019 4999.0 0
25 4117 2.05559110641 4114.0 1
26 5000 2.52046704292 4999.0 0
27 5000 2.51318788528 4999.0 0
28 16 0.00770211219788 13.0 1
29 27 0.0130968093872 24.0 1
30 5000 2.54509592056 4999.0 0
31 1023 0.499584913254 1020.0 1
32 5000 2.69262909889 4999.0 0
33 5000 2.26769590378 4999.0 0
34 5000 2.5987610817 4999.0 0
35 29 0.0148499011993 26.0 1
36 60 0.0306329727173 57.0 1
37 33 0.0165889263153 30.0 1
38 9 0.00427317619324 6.0 1
39 5000 2.58026790619 4999.0 0
40 5000 2.58367204666 4999.0 0
41 33 0.0170090198517 30.0 1
42 10 0.00483417510986 7.0 1
43 8 0.00364899635315 5.0 1
44 13 0.00632286071777 10.0 1
45 10 0.00475311279297 7.0 1
46 9 0.00425291061401 6.0 1
47 8 0.00361204147339 5.0 1
48 8 0.00355792045593 5.0 1
49 8 0.00364899635315 5.0 1
0 41 0.0207841396332 38.0 1
1 93 0.0474460124969 90.0 1
2 14 0.00702404975891 11.0 1
3 69 0.0352449417114 66.0 1
4 36 0.0177910327911 33.0 1
5 1523 0.773228168488 1520.0 1
6 24 0.0117738246918 21.0 1
7 8 0.00360918045044 5.0 1
8 17 0.00811409950256 14.0 1
9 26 0.0127470493317 23.0 1
10 15 0.00725698471069 12.0 1
11 33 0.0168941020966 30.0 1
12 5000 2.59073996544 4999.0 0
13 5000 2.56850099564 4999.0 0
14 5000 2.51380395889 4999.0 0
15 27 0.012983083725 24.0 1
16 8 0.00364899635315 5.0 1
17 11 0.00494909286499 8.0 1
18 9 0.00413393974304 6.0 1
19 10 0.00459504127502 7.0 1
20 5000 2.58518719673 4999.0 0
21 5000 2.49436807632 4999.0 0
22 543 0.261095046997 540.0 1
23 11 0.00494718551636 8.0 1
24 11 0.00520396232605 8.0 1
25 12 0.00545406341553 9.0 1
26 8 0.00344300270081 5.0 1
27 8 0.00362586975098 5.0 1
28 9 0.00401306152344 6.0 1
29 583 0.278532028198 580.0 1
30 5000 2.35599207878 4999.0 0
31 3299 1.66156196594 3296.0 1
32 11 0.00509309768677 8.0 1
33 28 0.0138261318207 25.0 1
34 9 0.00415301322937 6.0 1
35 10 0.0045599937439 7.0 1
36 9 0.0041229724884 6.0 1
37 10 0.00454211235046 7.0 1
38 11 0.00511693954468 8.0 1
39 10 0.00468301773071 7.0 1
40 97 0.0484309196472 94.0 1
41 9 0.00421619415283 6.0 1
42 241 0.121331930161 238.0 1
43 1829 0.940364122391 1826.0 1
44 5000 2.45912909508 4999.0 0
45 9 0.0041401386261 6.0 1
46 32 0.015438079834 29.0 1
47 11 0.00483417510986 8.0 1
48 5000 2.50427699089 4999.0 0
49 9 0.00417590141296 6.0 1
