trial, number of steps, runtime, accumulated reward, termination
0 1484 0.638227939606 -1482.0 1
1 5000 2.50609493256 -4999.0 0
2 5000 4.02117490768 -4999.0 0
3 5000 3.34437704086 -4999.0 0
4 5000 3.61017990112 -4999.0 0
5 5000 3.25340199471 -4999.0 0
6 5000 3.69097399712 -4999.0 0
7 5000 3.6605360508 -4999.0 0
8 5000 4.14401197433 -4999.0 0
9 5000 3.63976788521 -4999.0 0
10 5000 3.59663891792 -4999.0 0
11 5000 4.09668397903 -4999.0 0
12 5000 3.8262860775 -4999.0 0
13 5000 3.95136404037 -4999.0 0
14 5000 3.95998716354 -4999.0 0
15 5000 3.71452283859 -4999.0 0
16 5000 3.54374599457 -4999.0 0
17 5000 3.47004008293 -4999.0 0
18 5000 3.56698107719 -4999.0 0
19 5000 3.46247315407 -4999.0 0
20 5000 3.50821399689 -4999.0 0
21 5000 3.53617095947 -4999.0 0
22 5000 3.80481004715 -4999.0 0
23 5000 3.76184892654 -4999.0 0
24 5000 3.73157787323 -4999.0 0
25 5000 3.71995210648 -4999.0 0
26 5000 3.79671216011 -4999.0 0
27 5000 3.78952002525 -4999.0 0
28 5000 3.75118017197 -4999.0 0
29 5000 3.70099401474 -4999.0 0
30 5000 3.47376489639 -4999.0 0
31 5000 3.69349789619 -4999.0 0
32 5000 3.47855186462 -4999.0 0
33 5000 3.57707309723 -4999.0 0
34 5000 3.50200009346 -4999.0 0
35 5000 3.46304106712 -4999.0 0
36 5000 3.6200671196 -4999.0 0
37 5000 2.84146285057 -4999.0 0
38 5000 3.57886791229 -4999.0 0
39 5000 3.83699607849 -4999.0 0
40 5000 3.76286196709 -4999.0 0
41 5000 3.56161904335 -4999.0 0
42 5000 3.77474594116 -4999.0 0
43 5000 3.57065200806 -4999.0 0
44 5000 3.45725989342 -4999.0 0
45 5000 4.1627099514 -4999.0 0
46 5000 4.09079003334 -4999.0 0
47 5000 3.85895299911 -4999.0 0
48 5000 4.2396709919 -4999.0 0
49 5000 4.4566590786 -4999.0 0
0 1484 1.09144496918 -1482.0 1
1 5000 3.48100185394 -4999.0 0
2 5000 3.91958594322 -4999.0 0
3 5000 3.88545417786 -4999.0 0
4 5000 3.63528704643 -4999.0 0
5 5000 3.57116389275 -4999.0 0
6 5000 3.55666518211 -4999.0 0
7 5000 3.55907297134 -4999.0 0
8 5000 3.61307001114 -4999.0 0
9 5000 3.63305282593 -4999.0 0
10 5000 3.5557949543 -4999.0 0
11 5000 3.11238098145 -4999.0 0
12 5000 3.77264285088 -4999.0 0
13 5000 3.05368304253 -4999.0 0
14 5000 3.67161011696 -4999.0 0
15 5000 4.18975996971 -4999.0 0
16 5000 4.15346097946 -4999.0 0
17 5000 3.51026201248 -4999.0 0
18 5000 3.37627601624 -4999.0 0
19 5000 3.59504914284 -4999.0 0
20 5000 3.38984012604 -4999.0 0
21 5000 3.67355799675 -4999.0 0
22 5000 3.8542470932 -4999.0 0
23 5000 3.80780887604 -4999.0 0
24 5000 3.53672885895 -4999.0 0
25 5000 3.67333698273 -4999.0 0
26 5000 4.17742991447 -4999.0 0
27 5000 4.0722489357 -4999.0 0
28 5000 4.02462792397 -4999.0 0
29 5000 4.08563303947 -4999.0 0
30 5000 4.16269207001 -4999.0 0
31 5000 4.14295601845 -4999.0 0
32 5000 4.14208006859 -4999.0 0
33 5000 3.94966506958 -4999.0 0
34 5000 3.7646780014 -4999.0 0
35 5000 3.46991205215 -4999.0 0
36 5000 3.66011881828 -4999.0 0
37 5000 3.49812889099 -4999.0 0
38 5000 3.7883439064 -4999.0 0
39 5000 3.8053548336 -4999.0 0
40 5000 3.51406311989 -4999.0 0
41 5000 3.53720808029 -4999.0 0
42 5000 4.32108998299 -4999.0 0
43 5000 4.69840097427 -4999.0 0
44 5000 3.43084216118 -4999.0 0
45 5000 4.04333996773 -4999.0 0
46 5000 3.52774596214 -4999.0 0
47 5000 3.59891915321 -4999.0 0
48 5000 3.52408719063 -4999.0 0
49 5000 3.61610913277 -4999.0 0
0 1484 0.87091588974 -1482.0 1
1 5000 2.84494686127 -4999.0 0
2 5000 3.56107592583 -4999.0 0
3 5000 3.59803104401 -4999.0 0
4 5000 4.27425599098 -4999.0 0
5 5000 3.87097001076 -4999.0 0
6 5000 3.5497379303 -4999.0 0
7 5000 3.49731588364 -4999.0 0
8 5000 3.53137898445 -4999.0 0
9 5000 3.55830597878 -4999.0 0
10 5000 3.42544007301 -4999.0 0
11 5000 3.45723199844 -4999.0 0
12 5000 3.46928405762 -4999.0 0
13 5000 3.66852903366 -4999.0 0
14 5000 3.43839502335 -4999.0 0
15 5000 4.43656396866 -4999.0 0
16 5000 4.86006116867 -4999.0 0
17 5000 4.16324210167 -4999.0 0
18 5000 3.43332600594 -4999.0 0
19 5000 3.4914560318 -4999.0 0
20 5000 3.90872907639 -4999.0 0
21 5000 3.84125089645 -4999.0 0
22 5000 3.67346405983 -4999.0 0
23 5000 3.65826010704 -4999.0 0
24 5000 3.68520498276 -4999.0 0
25 5000 3.51422095299 -4999.0 0
26 5000 3.5994451046 -4999.0 0
27 5000 3.58381199837 -4999.0 0
28 5000 3.55741882324 -4999.0 0
29 5000 3.59819412231 -4999.0 0
30 5000 3.60258817673 -4999.0 0
31 5000 3.6030049324 -4999.0 0
32 5000 3.68338418007 -4999.0 0
33 5000 3.72918391228 -4999.0 0
34 5000 3.56409192085 -4999.0 0
35 5000 3.62044501305 -4999.0 0
36 5000 3.57545304298 -4999.0 0
37 5000 3.60321903229 -4999.0 0
38 5000 3.58993387222 -4999.0 0
39 5000 3.61436915398 -4999.0 0
40 5000 3.58235406876 -4999.0 0
41 5000 3.50245594978 -4999.0 0
42 5000 3.51313304901 -4999.0 0
43 5000 3.4713010788 -4999.0 0
44 5000 3.56532287598 -4999.0 0
45 5000 3.41943907738 -4999.0 0
46 5000 4.0348379612 -4999.0 0
47 5000 4.06059384346 -4999.0 0
48 5000 3.54514598846 -4999.0 0
49 5000 3.56541609764 -4999.0 0
0 1484 0.788428068161 -1482.0 1
1 5000 2.72261095047 -4999.0 0
2 5000 3.64768910408 -4999.0 0
3 5000 3.85659098625 -4999.0 0
4 5000 3.55827999115 -4999.0 0
5 5000 3.64663696289 -4999.0 0
6 5000 4.04345393181 -4999.0 0
7 5000 3.81990003586 -4999.0 0
8 5000 4.2803170681 -4999.0 0
9 5000 4.35208201408 -4999.0 0
10 5000 4.02098608017 -4999.0 0
11 5000 4.23249197006 -4999.0 0
12 5000 4.37879514694 -4999.0 0
13 5000 4.8022351265 -4999.0 0
14 5000 5.43733096123 -4999.0 0
15 5000 3.67869901657 -4999.0 0
16 5000 3.48998880386 -4999.0 0
17 5000 3.36414813995 -4999.0 0
18 5000 3.63481116295 -4999.0 0
19 5000 3.48446798325 -4999.0 0
20 5000 3.55514001846 -4999.0 0
21 5000 3.54594016075 -4999.0 0
22 5000 3.50155901909 -4999.0 0
23 5000 3.50382995605 -4999.0 0
24 5000 3.57977509499 -4999.0 0
25 5000 3.33503293991 -4999.0 0
26 5000 3.50678491592 -4999.0 0
27 5000 3.4804649353 -4999.0 0
28 5000 3.54375386238 -4999.0 0
29 5000 3.38475990295 -4999.0 0
30 5000 3.46409583092 -4999.0 0
31 5000 3.60600018501 -4999.0 0
32 5000 3.39939498901 -4999.0 0
33 5000 3.45134997368 -4999.0 0
34 5000 3.60970187187 -4999.0 0
35 5000 3.52979516983 -4999.0 0
36 5000 3.49107503891 -4999.0 0
37 5000 3.44383597374 -4999.0 0
38 5000 3.91103887558 -4999.0 0
39 5000 4.03743100166 -4999.0 0
40 5000 3.77990603447 -4999.0 0
41 5000 3.85209298134 -4999.0 0
42 5000 3.34342503548 -4999.0 0
43 5000 3.42863702774 -4999.0 0
44 5000 3.61391496658 -4999.0 0
45 5000 3.4120259285 -4999.0 0
46 5000 3.47706604004 -4999.0 0
47 5000 3.97238612175 -4999.0 0
48 5000 3.9251139164 -4999.0 0
49 5000 4.27166700363 -4999.0 0
0 1484 0.852717876434 -1482.0 1
1 5000 2.59841704369 -4999.0 0
2 5000 3.59909486771 -4999.0 0
3 5000 3.79339408875 -4999.0 0
4 5000 3.47086620331 -4999.0 0
5 5000 3.80933499336 -4999.0 0
6 5000 3.46970915794 -4999.0 0
7 5000 3.74350094795 -4999.0 0
8 5000 3.56893491745 -4999.0 0
9 5000 3.49937105179 -4999.0 0
10 5000 3.38654899597 -4999.0 0
11 5000 3.59448599815 -4999.0 0
12 5000 3.84112882614 -4999.0 0
13 5000 3.45523786545 -4999.0 0
14 5000 3.76890015602 -4999.0 0
15 5000 3.5326628685 -4999.0 0
16 5000 3.81988501549 -4999.0 0
17 5000 4.29185891151 -4999.0 0
18 5000 4.27344298363 -4999.0 0
19 5000 4.28465795517 -4999.0 0
20 5000 4.25532007217 -4999.0 0
21 5000 4.48615193367 -4999.0 0
22 5000 4.24962186813 -4999.0 0
23 5000 3.63613891602 -4999.0 0
24 5000 3.5305211544 -4999.0 0
25 5000 3.50812911987 -4999.0 0
26 5000 3.35741090775 -4999.0 0
27 5000 3.53554201126 -4999.0 0
28 5000 3.45762300491 -4999.0 0
29 5000 3.5165169239 -4999.0 0
30 5000 3.46256995201 -4999.0 0
31 5000 3.59061598778 -4999.0 0
32 5000 3.76540207863 -4999.0 0
33 5000 3.55528211594 -4999.0 0
34 5000 3.45519518852 -4999.0 0
35 5000 3.88961696625 -4999.0 0
36 5000 4.12407684326 -4999.0 0
37 5000 3.75582003593 -4999.0 0
38 5000 3.50866699219 -4999.0 0
39 5000 3.33525514603 -4999.0 0
40 5000 3.99663805962 -4999.0 0
41 5000 3.63627314568 -4999.0 0
42 5000 3.50396180153 -4999.0 0
43 5000 3.44205784798 -4999.0 0
44 5000 3.5556910038 -4999.0 0
45 5000 3.60832500458 -4999.0 0
46 5000 3.36506795883 -4999.0 0
47 5000 3.64863204956 -4999.0 0
48 5000 3.48307299614 -4999.0 0
49 5000 3.58808803558 -4999.0 0
0 1484 1.02749300003 -1482.0 1
1 5000 2.71431303024 -4999.0 0
2 5000 3.55238103867 -4999.0 0
3 5000 3.92614293098 -4999.0 0
4 5000 3.82890105247 -4999.0 0
5 5000 4.03644990921 -4999.0 0
6 5000 3.67421483994 -4999.0 0
7 5000 3.80964994431 -4999.0 0
8 5000 3.51749801636 -4999.0 0
9 5000 3.5066409111 -4999.0 0
10 5000 3.46929907799 -4999.0 0
11 5000 4.85053086281 -4999.0 0
12 5000 4.03285598755 -4999.0 0
13 5000 3.64738297462 -4999.0 0
14 5000 3.5633559227 -4999.0 0
15 5000 3.53872013092 -4999.0 0
16 5000 3.58492708206 -4999.0 0
17 5000 3.63220500946 -4999.0 0
18 5000 3.66614794731 -4999.0 0
19 5000 3.65335917473 -4999.0 0
20 5000 3.81625986099 -4999.0 0
21 5000 3.83153605461 -4999.0 0
22 5000 3.80946612358 -4999.0 0
23 5000 3.4699587822 -4999.0 0
24 5000 3.62304806709 -4999.0 0
25 5000 4.00685596466 -4999.0 0
26 5000 3.65026187897 -4999.0 0
27 5000 3.48711204529 -4999.0 0
28 5000 3.46211481094 -4999.0 0
29 5000 3.89964485168 -4999.0 0
30 5000 3.52390789986 -4999.0 0
31 5000 3.39226102829 -4999.0 0
32 5000 3.32897090912 -4999.0 0
33 5000 3.55207800865 -4999.0 0
34 5000 3.55611300468 -4999.0 0
35 5000 4.12204909325 -4999.0 0
36 5000 4.13709115982 -4999.0 0
37 5000 3.72426199913 -4999.0 0
38 5000 3.47554302216 -4999.0 0
39 5000 3.58821702003 -4999.0 0
40 5000 3.50788903236 -4999.0 0
41 5000 3.52128100395 -4999.0 0
42 5000 3.55904006958 -4999.0 0
43 5000 3.46718883514 -4999.0 0
44 5000 3.4877679348 -4999.0 0
45 5000 3.55775618553 -4999.0 0
46 5000 3.69029998779 -4999.0 0
47 5000 3.42353105545 -4999.0 0
48 5000 3.50233602524 -4999.0 0
49 5000 3.55131697655 -4999.0 0
0 1484 0.818824052811 -1482.0 1
1 5000 2.84592199326 -4999.0 0
2 5000 3.71026492119 -4999.0 0
3 5000 3.61013007164 -4999.0 0
4 5000 3.63504815102 -4999.0 0
5 5000 3.79024291039 -4999.0 0
6 5000 3.48265600204 -4999.0 0
7 5000 3.37238717079 -4999.0 0
8 5000 3.56649589539 -4999.0 0
9 5000 3.64687395096 -4999.0 0
10 5000 3.72141098976 -4999.0 0
11 5000 3.26991415024 -4999.0 0
12 5000 3.29741597176 -4999.0 0
13 5000 3.55395197868 -4999.0 0
14 5000 3.40307593346 -4999.0 0
15 5000 3.44013810158 -4999.0 0
16 5000 3.51235604286 -4999.0 0
17 5000 3.70160412788 -4999.0 0
18 5000 3.80722284317 -4999.0 0
19 5000 4.12126803398 -4999.0 0
20 5000 3.46857500076 -4999.0 0
21 5000 3.41107201576 -4999.0 0
22 5000 3.43684601784 -4999.0 0
23 5000 3.49791288376 -4999.0 0
24 5000 3.51990699768 -4999.0 0
25 5000 3.53379011154 -4999.0 0
26 5000 4.1622710228 -4999.0 0
27 5000 3.2813680172 -4999.0 0
28 5000 3.41450405121 -4999.0 0
29 5000 3.43596696854 -4999.0 0
30 5000 3.39598798752 -4999.0 0
31 5000 3.33011007309 -4999.0 0
32 5000 3.45894193649 -4999.0 0
33 5000 3.62754797935 -4999.0 0
34 5000 3.36624097824 -4999.0 0
35 5000 3.52490401268 -4999.0 0
36 5000 3.33528995514 -4999.0 0
37 5000 3.90253210068 -4999.0 0
38 5000 3.50771594048 -4999.0 0
39 5000 3.31333613396 -4999.0 0
40 5000 3.45132398605 -4999.0 0
41 5000 3.41822004318 -4999.0 0
42 5000 3.52666306496 -4999.0 0
43 5000 3.4966340065 -4999.0 0
44 5000 3.67694997787 -4999.0 0
45 5000 3.9671869278 -4999.0 0
46 5000 4.14830303192 -4999.0 0
47 5000 3.8492410183 -4999.0 0
48 5000 3.97694611549 -4999.0 0
49 5000 4.08850312233 -4999.0 0
0 1484 0.759592056274 -1482.0 1
1 5000 2.58628892899 -4999.0 0
2 5000 3.6021130085 -4999.0 0
3 5000 3.53550601006 -4999.0 0
4 5000 3.48229002953 -4999.0 0
5 5000 3.41153883934 -4999.0 0
6 5000 3.34339499474 -4999.0 0
7 5000 3.41605019569 -4999.0 0
8 5000 3.31220817566 -4999.0 0
9 5000 3.49513483047 -4999.0 0
10 5000 3.54159998894 -4999.0 0
11 5000 3.45833301544 -4999.0 0
12 5000 3.58711004257 -4999.0 0
13 5000 3.47668385506 -4999.0 0
14 5000 3.54261207581 -4999.0 0
15 5000 3.47666811943 -4999.0 0
16 5000 3.43939805031 -4999.0 0
17 5000 3.47330379486 -4999.0 0
18 5000 4.04429292679 -4999.0 0
19 5000 3.45153880119 -4999.0 0
20 5000 3.6092941761 -4999.0 0
21 5000 3.61135005951 -4999.0 0
22 5000 3.55143094063 -4999.0 0
23 5000 3.61549186707 -4999.0 0
24 5000 3.44015693665 -4999.0 0
25 5000 3.41049385071 -4999.0 0
26 5000 3.53838515282 -4999.0 0
27 5000 3.74969792366 -4999.0 0
28 5000 3.63840699196 -4999.0 0
29 5000 3.63891386986 -4999.0 0
30 5000 3.55715203285 -4999.0 0
31 5000 3.52235507965 -4999.0 0
32 5000 3.58854699135 -4999.0 0
33 5000 3.35876107216 -4999.0 0
34 5000 3.57219600677 -4999.0 0
35 5000 3.386054039 -4999.0 0
36 5000 3.80827498436 -4999.0 0
37 5000 4.06916594505 -4999.0 0
38 5000 3.76350498199 -4999.0 0
39 5000 3.57694721222 -4999.0 0
40 5000 3.54828095436 -4999.0 0
41 5000 3.46110010147 -4999.0 0
42 5000 3.48190307617 -4999.0 0
43 5000 3.46483707428 -4999.0 0
44 5000 3.56512784958 -4999.0 0
45 5000 3.74069905281 -4999.0 0
46 5000 3.50300121307 -4999.0 0
47 5000 3.66139912605 -4999.0 0
48 5000 3.52332186699 -4999.0 0
49 5000 3.4207649231 -4999.0 0
0 1484 0.744292974472 -1482.0 1
1 5000 2.63858008385 -4999.0 0
2 5000 3.9056019783 -4999.0 0
3 5000 3.54871988297 -4999.0 0
4 5000 3.79412984848 -4999.0 0
5 5000 3.41201210022 -4999.0 0
6 5000 3.66740512848 -4999.0 0
7 5000 3.72822213173 -4999.0 0
8 5000 3.66149997711 -4999.0 0
9 5000 3.88828706741 -4999.0 0
10 5000 3.39848685265 -4999.0 0
11 5000 3.81633520126 -4999.0 0
12 5000 3.77739095688 -4999.0 0
13 5000 3.33490395546 -4999.0 0
14 5000 3.34963107109 -4999.0 0
15 5000 3.34358692169 -4999.0 0
16 5000 3.54391694069 -4999.0 0
17 5000 3.47333097458 -4999.0 0
18 5000 4.07486009598 -4999.0 0
19 5000 3.64482903481 -4999.0 0
20 5000 3.60528707504 -4999.0 0
21 5000 3.47080111504 -4999.0 0
22 5000 3.30413579941 -4999.0 0
23 5000 3.51881480217 -4999.0 0
24 5000 3.30731892586 -4999.0 0
25 5000 3.41322207451 -4999.0 0
26 5000 3.32885313034 -4999.0 0
27 5000 3.33334112167 -4999.0 0
28 5000 3.39578199387 -4999.0 0
29 5000 3.64250993729 -4999.0 0
30 5000 3.42845988274 -4999.0 0
31 5000 3.4620308876 -4999.0 0
32 5000 3.6672770977 -4999.0 0
33 5000 4.29374694824 -4999.0 0
34 5000 3.57266497612 -4999.0 0
35 5000 3.78623700142 -4999.0 0
36 5000 3.79053282738 -4999.0 0
37 5000 3.58212304115 -4999.0 0
38 5000 3.56482291222 -4999.0 0
39 5000 3.5113389492 -4999.0 0
40 5000 3.44637393951 -4999.0 0
41 5000 3.39805293083 -4999.0 0
42 5000 3.54777407646 -4999.0 0
43 5000 3.57463407516 -4999.0 0
44 5000 3.58371400833 -4999.0 0
45 5000 3.60502481461 -4999.0 0
46 5000 3.63130307198 -4999.0 0
47 5000 3.6226580143 -4999.0 0
48 5000 3.56416392326 -4999.0 0
49 5000 3.58931493759 -4999.0 0
0 1484 0.826408863068 -1482.0 1
1 5000 2.76794910431 -4999.0 0
2 5000 3.58590817451 -4999.0 0
3 5000 3.59561610222 -4999.0 0
4 5000 3.61015295982 -4999.0 0
5 5000 3.69190883636 -4999.0 0
6 5000 3.5053331852 -4999.0 0
7 5000 3.4441549778 -4999.0 0
8 5000 3.49015688896 -4999.0 0
9 5000 3.53579711914 -4999.0 0
10 5000 3.4269349575 -4999.0 0
11 5000 3.35174107552 -4999.0 0
12 5000 3.57863402367 -4999.0 0
13 5000 3.81267404556 -4999.0 0
14 5000 3.52349805832 -4999.0 0
15 5000 3.56548500061 -4999.0 0
16 5000 3.45494294167 -4999.0 0
17 5000 3.64971804619 -4999.0 0
18 5000 3.51402401924 -4999.0 0
19 5000 3.43907690048 -4999.0 0
20 5000 3.57655692101 -4999.0 0
21 5000 3.7302210331 -4999.0 0
22 5000 3.48072600365 -4999.0 0
23 5000 3.53408789635 -4999.0 0
24 5000 3.57232618332 -4999.0 0
25 5000 3.58380889893 -4999.0 0
26 5000 3.49972605705 -4999.0 0
27 5000 3.4968829155 -4999.0 0
28 5000 3.42864489555 -4999.0 0
29 5000 3.43641591072 -4999.0 0
30 5000 3.53943586349 -4999.0 0
31 5000 3.38277101517 -4999.0 0
32 5000 3.49185609818 -4999.0 0
33 5000 3.74650597572 -4999.0 0
34 5000 3.54505586624 -4999.0 0
35 5000 3.54901599884 -4999.0 0
36 5000 3.99747800827 -4999.0 0
37 5000 3.81930804253 -4999.0 0
38 5000 3.57202410698 -4999.0 0
39 5000 3.56402111053 -4999.0 0
40 5000 3.58892703056 -4999.0 0
41 5000 3.5563788414 -4999.0 0
42 5000 3.71188998222 -4999.0 0
43 5000 3.70075798035 -4999.0 0
44 5000 3.38965606689 -4999.0 0
45 5000 3.44213104248 -4999.0 0
46 5000 3.50072216988 -4999.0 0
47 5000 3.62183403969 -4999.0 0
48 5000 3.41809797287 -4999.0 0
49 5000 3.65235900879 -4999.0 0
