trial, number of steps, runtime, accumulated reward, termination
0 10 0.00411796569824 7.0 1
1 11 0.00419187545776 8.0 1
2 15 0.00588703155518 12.0 1
3 14 0.00540995597839 11.0 1
4 9 0.00342702865601 6.0 1
5 14 0.00550985336304 11.0 1
6 9 0.00327396392822 6.0 1
7 13 0.00506401062012 10.0 1
8 15 0.00579285621643 12.0 1
9 14 0.00605702400208 11.0 1
10 11 0.00422382354736 8.0 1
11 14 0.00540494918823 11.0 1
12 15 0.0064389705658 12.0 1
13 15 0.00584292411804 12.0 1
14 29 0.0120060443878 26.0 1
15 -1 0.0 0.0 0
16 -1 0.0 0.0 0
17 -1 0.0 0.0 0
18 -1 0.0 0.0 0
19 -1 0.0 0.0 0
20 -1 0.0 0.0 0
21 -1 0.0 0.0 0
22 -1 0.0 0.0 0
23 -1 0.0 0.0 0
24 -1 0.0 0.0 0
25 -1 0.0 0.0 0
26 -1 0.0 0.0 0
27 -1 0.0 0.0 0
28 -1 0.0 0.0 0
29 -1 0.0 0.0 0
30 -1 0.0 0.0 0
31 -1 0.0 0.0 0
32 -1 0.0 0.0 0
33 -1 0.0 0.0 0
34 -1 0.0 0.0 0
35 -1 0.0 0.0 0
36 -1 0.0 0.0 0
37 -1 0.0 0.0 0
38 -1 0.0 0.0 0
39 -1 0.0 0.0 0
40 -1 0.0 0.0 0
41 -1 0.0 0.0 0
42 -1 0.0 0.0 0
43 -1 0.0 0.0 0
44 -1 0.0 0.0 0
45 -1 0.0 0.0 0
46 -1 0.0 0.0 0
47 -1 0.0 0.0 0
48 -1 0.0 0.0 0
49 -1 0.0 0.0 0
0 14 0.00553798675537 11.0 1
1 13 0.00516700744629 10.0 1
2 11 0.00403308868408 8.0 1
3 19 0.00743818283081 16.0 1
4 10 0.00376987457275 7.0 1
5 10 0.00402498245239 7.0 1
6 14 0.0053608417511 11.0 1
7 16 0.00627088546753 13.0 1
8 10 0.0038731098175 7.0 1
9 13 0.00520205497742 10.0 1
10 17 0.00646686553955 14.0 1
11 12 0.00457787513733 9.0 1
12 20 0.00771307945251 17.0 1
13 14 0.00533103942871 11.0 1
14 -1 0.0 0.0 0
15 -1 0.0 0.0 0
16 -1 0.0 0.0 0
17 -1 0.0 0.0 0
18 -1 0.0 0.0 0
19 -1 0.0 0.0 0
20 -1 0.0 0.0 0
21 -1 0.0 0.0 0
22 -1 0.0 0.0 0
23 -1 0.0 0.0 0
24 -1 0.0 0.0 0
25 -1 0.0 0.0 0
26 -1 0.0 0.0 0
27 -1 0.0 0.0 0
28 -1 0.0 0.0 0
29 -1 0.0 0.0 0
30 -1 0.0 0.0 0
31 -1 0.0 0.0 0
32 -1 0.0 0.0 0
33 -1 0.0 0.0 0
34 -1 0.0 0.0 0
35 -1 0.0 0.0 0
36 -1 0.0 0.0 0
37 -1 0.0 0.0 0
38 -1 0.0 0.0 0
39 -1 0.0 0.0 0
40 -1 0.0 0.0 0
41 -1 0.0 0.0 0
42 -1 0.0 0.0 0
43 -1 0.0 0.0 0
44 -1 0.0 0.0 0
45 -1 0.0 0.0 0
46 -1 0.0 0.0 0
47 -1 0.0 0.0 0
48 -1 0.0 0.0 0
49 -1 0.0 0.0 0
0 17 0.00676298141479 14.0 1
1 19 0.00724387168884 16.0 1
2 11 0.00400185585022 8.0 1
3 17 0.0064389705658 14.0 1
4 9 0.00330686569214 6.0 1
5 12 0.00447988510132 9.0 1
6 13 0.00483298301697 10.0 1
7 10 0.00381708145142 7.0 1
8 13 0.00359797477722 10.0 1
9 9 0.00218892097473 6.0 1
10 12 0.00302290916443 9.0 1
11 14 0.00525784492493 11.0 1
12 15 0.00580406188965 12.0 1
13 15 0.00393509864807 12.0 1
14 12 0.00388383865356 9.0 1
15 -1 0.0 0.0 0
16 -1 0.0 0.0 0
17 -1 0.0 0.0 0
18 -1 0.0 0.0 0
19 -1 0.0 0.0 0
20 -1 0.0 0.0 0
21 -1 0.0 0.0 0
22 -1 0.0 0.0 0
23 -1 0.0 0.0 0
24 -1 0.0 0.0 0
25 -1 0.0 0.0 0
26 -1 0.0 0.0 0
27 -1 0.0 0.0 0
28 -1 0.0 0.0 0
29 -1 0.0 0.0 0
30 -1 0.0 0.0 0
31 -1 0.0 0.0 0
32 -1 0.0 0.0 0
33 -1 0.0 0.0 0
34 -1 0.0 0.0 0
35 -1 0.0 0.0 0
36 -1 0.0 0.0 0
37 -1 0.0 0.0 0
38 -1 0.0 0.0 0
39 -1 0.0 0.0 0
40 -1 0.0 0.0 0
41 -1 0.0 0.0 0
42 -1 0.0 0.0 0
43 -1 0.0 0.0 0
44 -1 0.0 0.0 0
45 -1 0.0 0.0 0
46 -1 0.0 0.0 0
47 -1 0.0 0.0 0
48 -1 0.0 0.0 0
49 -1 0.0 0.0 0
0 10 0.00387096405029 7.0 1
1 14 0.00568103790283 11.0 1
2 20 0.00794005393982 17.0 1
3 12 0.0036768913269 9.0 1
4 10 0.00270009040833 7.0 1
5 14 0.00368499755859 11.0 1
6 18 0.00691390037537 15.0 1
7 22 0.00839185714722 19.0 1
8 14 0.00508093833923 11.0 1
9 20 0.0075318813324 17.0 1
10 17 0.006511926651 14.0 1
11 9 0.00308299064636 6.0 1
12 18 0.0106339454651 15.0 1
13 -1 0.0 0.0 0
14 -1 0.0 0.0 0
15 -1 0.0 0.0 0
16 -1 0.0 0.0 0
17 -1 0.0 0.0 0
18 -1 0.0 0.0 0
19 -1 0.0 0.0 0
20 -1 0.0 0.0 0
21 -1 0.0 0.0 0
22 -1 0.0 0.0 0
23 -1 0.0 0.0 0
24 -1 0.0 0.0 0
25 -1 0.0 0.0 0
26 -1 0.0 0.0 0
27 -1 0.0 0.0 0
28 -1 0.0 0.0 0
29 -1 0.0 0.0 0
30 -1 0.0 0.0 0
31 -1 0.0 0.0 0
32 -1 0.0 0.0 0
33 -1 0.0 0.0 0
34 -1 0.0 0.0 0
35 -1 0.0 0.0 0
36 -1 0.0 0.0 0
37 -1 0.0 0.0 0
38 -1 0.0 0.0 0
39 -1 0.0 0.0 0
40 -1 0.0 0.0 0
41 -1 0.0 0.0 0
42 -1 0.0 0.0 0
43 -1 0.0 0.0 0
44 -1 0.0 0.0 0
45 -1 0.0 0.0 0
46 -1 0.0 0.0 0
47 -1 0.0 0.0 0
48 -1 0.0 0.0 0
49 -1 0.0 0.0 0
0 12 0.00473189353943 9.0 1
1 13 0.00502991676331 10.0 1
2 11 0.00415706634521 8.0 1
3 13 0.00486993789673 10.0 1
4 12 0.0046169757843 9.0 1
5 15 0.0058319568634 12.0 1
6 10 0.00379300117493 7.0 1
7 10 0.00386905670166 7.0 1
8 14 0.00561690330505 11.0 1
9 23 0.00942611694336 20.0 1
10 10 0.00416398048401 7.0 1
11 32 0.0129780769348 29.0 1
12 14 0.00535106658936 11.0 1
13 -1 0.0 0.0 0
14 -1 0.0 0.0 0
15 -1 0.0 0.0 0
16 -1 0.0 0.0 0
17 -1 0.0 0.0 0
18 -1 0.0 0.0 0
19 -1 0.0 0.0 0
20 -1 0.0 0.0 0
21 -1 0.0 0.0 0
22 -1 0.0 0.0 0
23 -1 0.0 0.0 0
24 -1 0.0 0.0 0
25 -1 0.0 0.0 0
26 -1 0.0 0.0 0
27 -1 0.0 0.0 0
28 -1 0.0 0.0 0
29 -1 0.0 0.0 0
30 -1 0.0 0.0 0
31 -1 0.0 0.0 0
32 -1 0.0 0.0 0
33 -1 0.0 0.0 0
34 -1 0.0 0.0 0
35 -1 0.0 0.0 0
36 -1 0.0 0.0 0
37 -1 0.0 0.0 0
38 -1 0.0 0.0 0
39 -1 0.0 0.0 0
40 -1 0.0 0.0 0
41 -1 0.0 0.0 0
42 -1 0.0 0.0 0
43 -1 0.0 0.0 0
44 -1 0.0 0.0 0
45 -1 0.0 0.0 0
46 -1 0.0 0.0 0
47 -1 0.0 0.0 0
48 -1 0.0 0.0 0
49 -1 0.0 0.0 0
0 14 0.00612902641296 11.0 1
1 12 0.00430607795715 9.0 1
2 12 0.00452709197998 9.0 1
3 14 0.00465488433838 11.0 1
4 10 0.00288105010986 7.0 1
5 12 0.00398421287537 9.0 1
6 22 0.00820589065552 19.0 1
7 76 0.0314960479736 73.0 1
8 16 0.00628089904785 13.0 1
9 -1 0.0 0.0 0
10 -1 0.0 0.0 0
11 -1 0.0 0.0 0
12 -1 0.0 0.0 0
13 -1 0.0 0.0 0
14 -1 0.0 0.0 0
15 -1 0.0 0.0 0
16 -1 0.0 0.0 0
17 -1 0.0 0.0 0
18 -1 0.0 0.0 0
19 -1 0.0 0.0 0
20 -1 0.0 0.0 0
21 -1 0.0 0.0 0
22 -1 0.0 0.0 0
23 -1 0.0 0.0 0
24 -1 0.0 0.0 0
25 -1 0.0 0.0 0
26 -1 0.0 0.0 0
27 -1 0.0 0.0 0
28 -1 0.0 0.0 0
29 -1 0.0 0.0 0
30 -1 0.0 0.0 0
31 -1 0.0 0.0 0
32 -1 0.0 0.0 0
33 -1 0.0 0.0 0
34 -1 0.0 0.0 0
35 -1 0.0 0.0 0
36 -1 0.0 0.0 0
37 -1 0.0 0.0 0
38 -1 0.0 0.0 0
39 -1 0.0 0.0 0
40 -1 0.0 0.0 0
41 -1 0.0 0.0 0
42 -1 0.0 0.0 0
43 -1 0.0 0.0 0
44 -1 0.0 0.0 0
45 -1 0.0 0.0 0
46 -1 0.0 0.0 0
47 -1 0.0 0.0 0
48 -1 0.0 0.0 0
49 -1 0.0 0.0 0
0 11 0.00473117828369 8.0 1
1 13 0.00537085533142 10.0 1
2 11 0.00419783592224 8.0 1
3 13 0.00515294075012 10.0 1
4 16 0.00643301010132 13.0 1
5 15 0.0061731338501 12.0 1
6 19 0.00664401054382 16.0 1
7 10 0.00422501564026 7.0 1
8 16 0.00693607330322 13.0 1
9 13 0.00498390197754 10.0 1
10 11 0.00429105758667 8.0 1
11 20 0.00904393196106 17.0 1
12 17 0.00749015808105 14.0 1
13 9 0.00394701957703 6.0 1
14 -1 0.0 0.0 0
15 -1 0.0 0.0 0
16 -1 0.0 0.0 0
17 -1 0.0 0.0 0
18 -1 0.0 0.0 0
19 -1 0.0 0.0 0
20 -1 0.0 0.0 0
21 -1 0.0 0.0 0
22 -1 0.0 0.0 0
23 -1 0.0 0.0 0
24 -1 0.0 0.0 0
25 -1 0.0 0.0 0
26 -1 0.0 0.0 0
27 -1 0.0 0.0 0
28 -1 0.0 0.0 0
29 -1 0.0 0.0 0
30 -1 0.0 0.0 0
31 -1 0.0 0.0 0
32 -1 0.0 0.0 0
33 -1 0.0 0.0 0
34 -1 0.0 0.0 0
35 -1 0.0 0.0 0
36 -1 0.0 0.0 0
37 -1 0.0 0.0 0
38 -1 0.0 0.0 0
39 -1 0.0 0.0 0
40 -1 0.0 0.0 0
41 -1 0.0 0.0 0
42 -1 0.0 0.0 0
43 -1 0.0 0.0 0
44 -1 0.0 0.0 0
45 -1 0.0 0.0 0
46 -1 0.0 0.0 0
47 -1 0.0 0.0 0
48 -1 0.0 0.0 0
49 -1 0.0 0.0 0
0 12 0.00534796714783 9.0 1
1 12 0.00522017478943 9.0 1
2 9 0.00370502471924 6.0 1
3 10 0.00402116775513 7.0 1
4 11 0.00444602966309 8.0 1
5 20 0.00884604454041 17.0 1
6 16 0.0062780380249 13.0 1
7 12 0.00465083122253 9.0 1
8 13 0.00520491600037 10.0 1
9 18 0.00731801986694 15.0 1
10 23 0.00946807861328 20.0 1
11 13 0.00542688369751 10.0 1
12 9 0.00365900993347 6.0 1
13 26 0.0107071399689 23.0 1
14 -1 0.0 0.0 0
15 -1 0.0 0.0 0
16 -1 0.0 0.0 0
17 -1 0.0 0.0 0
18 -1 0.0 0.0 0
19 -1 0.0 0.0 0
20 -1 0.0 0.0 0
21 -1 0.0 0.0 0
22 -1 0.0 0.0 0
23 -1 0.0 0.0 0
24 -1 0.0 0.0 0
25 -1 0.0 0.0 0
26 -1 0.0 0.0 0
27 -1 0.0 0.0 0
28 -1 0.0 0.0 0
29 -1 0.0 0.0 0
30 -1 0.0 0.0 0
31 -1 0.0 0.0 0
32 -1 0.0 0.0 0
33 -1 0.0 0.0 0
34 -1 0.0 0.0 0
35 -1 0.0 0.0 0
36 -1 0.0 0.0 0
37 -1 0.0 0.0 0
38 -1 0.0 0.0 0
39 -1 0.0 0.0 0
40 -1 0.0 0.0 0
41 -1 0.0 0.0 0
42 -1 0.0 0.0 0
43 -1 0.0 0.0 0
44 -1 0.0 0.0 0
45 -1 0.0 0.0 0
46 -1 0.0 0.0 0
47 -1 0.0 0.0 0
48 -1 0.0 0.0 0
49 -1 0.0 0.0 0
0 12 0.00464606285095 9.0 1
1 13 0.00487208366394 10.0 1
2 10 0.00370788574219 7.0 1
3 13 0.00507807731628 10.0 1
4 21 0.00843095779419 18.0 1
5 17 0.00684714317322 14.0 1
6 14 0.00550985336304 11.0 1
7 16 0.00504088401794 13.0 1
8 15 0.00384998321533 12.0 1
9 11 0.0026650428772 8.0 1
10 19 0.00482702255249 16.0 1
11 38 0.00949597358704 35.0 1
12 -1 0.0 0.0 0
13 -1 0.0 0.0 0
14 -1 0.0 0.0 0
15 -1 0.0 0.0 0
16 -1 0.0 0.0 0
17 -1 0.0 0.0 0
18 -1 0.0 0.0 0
19 -1 0.0 0.0 0
20 -1 0.0 0.0 0
21 -1 0.0 0.0 0
22 -1 0.0 0.0 0
23 -1 0.0 0.0 0
24 -1 0.0 0.0 0
25 -1 0.0 0.0 0
26 -1 0.0 0.0 0
27 -1 0.0 0.0 0
28 -1 0.0 0.0 0
29 -1 0.0 0.0 0
30 -1 0.0 0.0 0
31 -1 0.0 0.0 0
32 -1 0.0 0.0 0
33 -1 0.0 0.0 0
34 -1 0.0 0.0 0
35 -1 0.0 0.0 0
36 -1 0.0 0.0 0
37 -1 0.0 0.0 0
38 -1 0.0 0.0 0
39 -1 0.0 0.0 0
40 -1 0.0 0.0 0
41 -1 0.0 0.0 0
42 -1 0.0 0.0 0
43 -1 0.0 0.0 0
44 -1 0.0 0.0 0
45 -1 0.0 0.0 0
46 -1 0.0 0.0 0
47 -1 0.0 0.0 0
48 -1 0.0 0.0 0
49 -1 0.0 0.0 0
0 13 0.00451111793518 10.0 1
1 13 0.00512409210205 10.0 1
2 13 0.00519704818726 10.0 1
3 13 0.00511813163757 10.0 1
4 13 0.00508499145508 10.0 1
5 11 0.00424790382385 8.0 1
6 18 0.00718402862549 15.0 1
7 16 0.00625896453857 13.0 1
8 14 0.00583004951477 11.0 1
9 16 0.00634098052979 13.0 1
10 11 0.00423312187195 8.0 1
11 29 0.0116310119629 26.0 1
12 10 0.00398278236389 7.0 1
13 -1 0.0 0.0 0
14 -1 0.0 0.0 0
15 -1 0.0 0.0 0
16 -1 0.0 0.0 0
17 -1 0.0 0.0 0
18 -1 0.0 0.0 0
19 -1 0.0 0.0 0
20 -1 0.0 0.0 0
21 -1 0.0 0.0 0
22 -1 0.0 0.0 0
23 -1 0.0 0.0 0
24 -1 0.0 0.0 0
25 -1 0.0 0.0 0
26 -1 0.0 0.0 0
27 -1 0.0 0.0 0
28 -1 0.0 0.0 0
29 -1 0.0 0.0 0
30 -1 0.0 0.0 0
31 -1 0.0 0.0 0
32 -1 0.0 0.0 0
33 -1 0.0 0.0 0
34 -1 0.0 0.0 0
35 -1 0.0 0.0 0
36 -1 0.0 0.0 0
37 -1 0.0 0.0 0
38 -1 0.0 0.0 0
39 -1 0.0 0.0 0
40 -1 0.0 0.0 0
41 -1 0.0 0.0 0
42 -1 0.0 0.0 0
43 -1 0.0 0.0 0
44 -1 0.0 0.0 0
45 -1 0.0 0.0 0
46 -1 0.0 0.0 0
47 -1 0.0 0.0 0
48 -1 0.0 0.0 0
49 -1 0.0 0.0 0
