trial, number of steps, runtime, accumulated reward, termination
0 14 0.00666618347168 11.0 1
1 8 0.0058331489563 5.0 1
2 10 0.00430393218994 7.0 1
3 18 0.00853896141052 15.0 1
4 12 0.00521612167358 9.0 1
5 10 0.00427889823914 7.0 1
6 13 0.00565195083618 10.0 1
7 8 0.00657916069031 5.0 1
8 10 0.00430297851562 7.0 1
9 12 0.0052011013031 9.0 1
10 8 0.00343203544617 5.0 1
11 13 0.00844192504883 10.0 1
12 11 0.00470995903015 8.0 1
13 12 0.00521802902222 9.0 1
14 8 0.00657820701599 5.0 1
15 12 0.00517606735229 9.0 1
16 9 0.00639700889587 6.0 1
17 9 0.00385785102844 6.0 1
18 10 0.00429892539978 7.0 1
19 11 0.00685477256775 8.0 1
20 12 0.00518083572388 9.0 1
21 9 0.0121619701385 6.0 1
22 12 0.00510716438293 9.0 1
23 12 0.00516414642334 9.0 1
24 12 0.00522994995117 9.0 1
25 10 0.00427198410034 7.0 1
26 10 0.00428199768066 7.0 1
27 9 0.00381302833557 6.0 1
28 11 0.00473594665527 8.0 1
29 12 0.00524687767029 9.0 1
30 10 0.00436091423035 7.0 1
31 9 0.00380301475525 6.0 1
32 8 0.00329613685608 5.0 1
33 9 0.00381302833557 6.0 1
34 13 0.00565099716187 10.0 1
35 12 0.00517606735229 9.0 1
36 10 0.00430297851562 7.0 1
37 13 0.00571513175964 10.0 1
38 8 0.00331282615662 5.0 1
39 11 0.00468611717224 8.0 1
40 11 0.00468707084656 8.0 1
41 10 0.00424909591675 7.0 1
42 10 0.00423097610474 7.0 1
43 13 0.00564384460449 10.0 1
44 10 0.00426006317139 7.0 1
45 10 0.00425291061401 7.0 1
46 11 0.00474095344543 8.0 1
47 11 0.00545501708984 8.0 1
48 9 0.00380206108093 6.0 1
49 13 0.00602388381958 10.0 1
0 12 0.00566911697388 9.0 1
1 14 0.00616502761841 11.0 1
2 15 0.00658011436462 12.0 1
3 8 0.00332498550415 5.0 1
4 8 0.00326800346375 5.0 1
5 14 0.00613784790039 11.0 1
6 9 0.00388097763062 6.0 1
7 10 0.00428986549377 7.0 1
8 10 0.00532388687134 7.0 1
9 9 0.00439810752869 6.0 1
10 11 0.00470995903015 8.0 1
11 8 0.00349283218384 5.0 1
12 11 0.00477719306946 8.0 1
13 10 0.00427317619324 7.0 1
14 10 0.00424790382385 7.0 1
15 13 0.0059061050415 10.0 1
16 10 0.00425791740417 7.0 1
17 9 0.00445508956909 6.0 1
18 11 0.004802942276 8.0 1
19 11 0.00471115112305 8.0 1
20 8 0.00330901145935 5.0 1
21 12 0.00518798828125 9.0 1
22 10 0.00420904159546 7.0 1
23 11 0.00475907325745 8.0 1
24 8 0.00334787368774 5.0 1
25 9 0.00378799438477 6.0 1
26 12 0.00546979904175 9.0 1
27 11 0.00478887557983 8.0 1
28 11 0.00500202178955 8.0 1
29 9 0.00382494926453 6.0 1
30 8 0.00333189964294 5.0 1
31 9 0.00439310073853 6.0 1
32 11 0.0048770904541 8.0 1
33 9 0.00400900840759 6.0 1
34 14 0.00611996650696 11.0 1
35 9 0.00458097457886 6.0 1
36 12 0.00537300109863 9.0 1
37 12 0.00522494316101 9.0 1
38 10 0.00436401367188 7.0 1
39 12 0.00526094436646 9.0 1
40 11 0.00483918190002 8.0 1
41 11 0.00482487678528 8.0 1
42 12 0.00524711608887 9.0 1
43 10 0.00450396537781 7.0 1
44 8 0.00338196754456 5.0 1
45 9 0.00392389297485 6.0 1
46 12 0.00522589683533 9.0 1
47 9 0.00381112098694 6.0 1
48 11 0.00472021102905 8.0 1
49 13 0.00567889213562 10.0 1
0 9 0.00394487380981 6.0 1
1 13 0.00567007064819 10.0 1
2 13 0.00570917129517 10.0 1
3 15 0.0064058303833 12.0 1
4 12 0.00557613372803 9.0 1
5 22 0.00995206832886 19.0 1
6 13 0.00562596321106 10.0 1
7 28 0.0125780105591 25.0 1
8 14 0.00603818893433 11.0 1
9 14 0.006019115448 11.0 1
10 36 0.0160450935364 33.0 1
11 14 0.00608110427856 11.0 1
12 13 0.00552606582642 10.0 1
13 33 0.0147061347961 30.0 1
14 28 0.0124790668488 25.0 1
15 30 0.0133481025696 27.0 1
16 30 0.0141649246216 27.0 1
17 14 0.00610113143921 11.0 1
18 26 0.0120871067047 23.0 1
19 31 0.0144920349121 28.0 1
20 36 0.0165379047394 33.0 1
21 36 0.0166399478912 33.0 1
22 14 0.00634503364563 11.0 1
23 32 0.0146179199219 29.0 1
24 14 0.00647711753845 11.0 1
25 16 0.00712418556213 13.0 1
26 36 0.0167889595032 33.0 1
27 36 0.0217759609222 33.0 1
28 31 0.0143661499023 28.0 1
29 13 0.00584602355957 10.0 1
30 37 0.0174210071564 34.0 1
31 28 0.0125570297241 25.0 1
32 14 0.00613903999329 11.0 1
33 29 0.0131151676178 26.0 1
34 16 0.00705194473267 13.0 1
35 27 0.0120751857758 24.0 1
36 41 0.0185329914093 38.0 1
37 14 0.00604581832886 11.0 1
38 26 0.0115458965302 23.0 1
39 14 0.00600504875183 11.0 1
40 13 0.00566601753235 10.0 1
41 30 0.0133910179138 27.0 1
42 33 0.0150458812714 30.0 1
43 31 0.0138201713562 28.0 1
44 16 0.00694704055786 13.0 1
45 27 0.0120770931244 24.0 1
46 16 0.00712203979492 13.0 1
47 26 0.011549949646 23.0 1
48 36 0.0162410736084 33.0 1
49 31 0.0142629146576 28.0 1
0 15 0.00689005851746 12.0 1
1 18 0.00824904441833 15.0 1
2 12 0.00522112846375 9.0 1
3 10 0.00443005561829 7.0 1
4 14 0.00620603561401 11.0 1
5 12 0.00524592399597 9.0 1
6 10 0.00429511070251 7.0 1
7 12 0.00522708892822 9.0 1
8 11 0.00480604171753 8.0 1
9 10 0.00429701805115 7.0 1
10 9 0.00382304191589 6.0 1
11 9 0.00378394126892 6.0 1
12 8 0.00338912010193 5.0 1
13 10 0.00429391860962 7.0 1
14 12 0.0051908493042 9.0 1
15 8 0.00342106819153 5.0 1
16 11 0.00478315353394 8.0 1
17 11 0.00505709648132 8.0 1
18 12 0.00604391098022 9.0 1
19 12 0.00519585609436 9.0 1
20 9 0.00411701202393 6.0 1
21 11 0.004714012146 8.0 1
22 9 0.00381302833557 6.0 1
23 9 0.00424408912659 6.0 1
24 13 0.00558495521545 10.0 1
25 10 0.00454592704773 7.0 1
26 11 0.00484704971313 8.0 1
27 12 0.00551605224609 9.0 1
28 11 0.00477385520935 8.0 1
29 9 0.00381708145142 6.0 1
30 12 0.00520706176758 9.0 1
31 12 0.00519418716431 9.0 1
32 11 0.00476789474487 8.0 1
33 12 0.00518703460693 9.0 1
34 9 0.0037989616394 6.0 1
35 12 0.00548219680786 9.0 1
36 8 0.00348782539368 5.0 1
37 13 0.00582599639893 10.0 1
38 11 0.00474905967712 8.0 1
39 10 0.00430488586426 7.0 1
40 12 0.0051589012146 9.0 1
41 10 0.00422096252441 7.0 1
42 11 0.00476813316345 8.0 1
43 10 0.00426602363586 7.0 1
44 12 0.00518608093262 9.0 1
45 9 0.00380706787109 6.0 1
46 9 0.00377893447876 6.0 1
47 13 0.00569295883179 10.0 1
48 9 0.00378489494324 6.0 1
49 11 0.00474905967712 8.0 1
0 11 0.00497388839722 8.0 1
1 12 0.00518798828125 9.0 1
2 9 0.00379300117493 6.0 1
3 12 0.00587606430054 9.0 1
4 11 0.00483703613281 8.0 1
5 10 0.00428295135498 7.0 1
6 11 0.00473690032959 8.0 1
7 12 0.00525116920471 9.0 1
8 11 0.00474309921265 8.0 1
9 55 0.0253670215607 52.0 1
10 10 0.00427293777466 7.0 1
11 11 0.00471806526184 8.0 1
12 13 0.00570392608643 10.0 1
13 95 0.0442590713501 92.0 1
14 12 0.00523209571838 9.0 1
15 12 0.0053129196167 9.0 1
16 12 0.00513482093811 9.0 1
17 10 0.00460910797119 7.0 1
18 10 0.00420594215393 7.0 1
19 69 0.0335750579834 66.0 1
20 11 0.00473999977112 8.0 1
21 10 0.00428509712219 7.0 1
22 12 0.00518894195557 9.0 1
23 10 0.00438499450684 7.0 1
24 12 0.00521111488342 9.0 1
25 10 0.00429010391235 7.0 1
26 11 0.00470900535583 8.0 1
27 10 0.00426197052002 7.0 1
28 11 0.00475215911865 8.0 1
29 11 0.00473117828369 8.0 1
30 11 0.00478005409241 8.0 1
31 11 0.00476098060608 8.0 1
32 10 0.00421404838562 7.0 1
33 11 0.00476598739624 8.0 1
34 10 0.00420093536377 7.0 1
35 64 0.0294680595398 61.0 1
36 10 0.00492596626282 7.0 1
37 10 0.00428700447083 7.0 1
38 11 0.00476002693176 8.0 1
39 33 0.0154759883881 30.0 1
40 12 0.00518584251404 9.0 1
41 11 0.00469398498535 8.0 1
42 11 0.0046751499176 8.0 1
43 12 0.00511288642883 9.0 1
44 36 0.0163810253143 33.0 1
45 10 0.00424408912659 7.0 1
46 52 0.0238609313965 49.0 1
47 11 0.00473308563232 8.0 1
48 12 0.00510096549988 9.0 1
49 11 0.00471496582031 8.0 1
0 15 0.00664806365967 12.0 1
1 15 0.00650191307068 12.0 1
2 8 0.00330495834351 5.0 1
3 12 0.00513815879822 9.0 1
4 11 0.0048840045929 8.0 1
5 11 0.00466394424438 8.0 1
6 12 0.00523209571838 9.0 1
7 12 0.00514316558838 9.0 1
8 10 0.00418210029602 7.0 1
9 11 0.00470495223999 8.0 1
10 10 0.00420498847961 7.0 1
11 14 0.0060338973999 11.0 1
12 10 0.00432801246643 7.0 1
13 9 0.00378584861755 6.0 1
14 12 0.00515913963318 9.0 1
15 11 0.00468897819519 8.0 1
16 9 0.00376105308533 6.0 1
17 8 0.00326704978943 5.0 1
18 9 0.00371694564819 6.0 1
19 12 0.00512599945068 9.0 1
20 12 0.00515604019165 9.0 1
21 10 0.00419402122498 7.0 1
22 12 0.00521516799927 9.0 1
23 10 0.00428080558777 7.0 1
24 12 0.0051531791687 9.0 1
25 12 0.00518298149109 9.0 1
26 11 0.00469923019409 8.0 1
27 14 0.00599384307861 11.0 1
28 12 0.00504994392395 9.0 1
29 8 0.00328397750854 5.0 1
30 12 0.00512099266052 9.0 1
31 10 0.00421094894409 7.0 1
32 9 0.00378394126892 6.0 1
33 11 0.00468301773071 8.0 1
34 8 0.00427603721619 5.0 1
35 11 0.00465798377991 8.0 1
36 10 0.0045599937439 7.0 1
37 13 0.00561094284058 10.0 1
38 8 0.00373816490173 5.0 1
39 13 0.00554394721985 10.0 1
40 9 0.00377297401428 6.0 1
41 8 0.00331497192383 5.0 1
42 8 0.00407290458679 5.0 1
43 12 0.00517106056213 9.0 1
44 11 0.00770902633667 8.0 1
45 8 0.00338697433472 5.0 1
46 12 0.00513911247253 9.0 1
47 11 0.00466895103455 8.0 1
48 8 0.00330305099487 5.0 1
49 9 0.00381302833557 6.0 1
0 13 0.00567317008972 10.0 1
1 9 0.00387787818909 6.0 1
2 12 0.00517010688782 9.0 1
3 12 0.00524711608887 9.0 1
4 17 0.00741815567017 14.0 1
5 9 0.00383901596069 6.0 1
6 11 0.00471901893616 8.0 1
7 11 0.00471901893616 8.0 1
8 9 0.00376605987549 6.0 1
9 10 0.00424313545227 7.0 1
10 10 0.00439190864563 7.0 1
11 8 0.00330710411072 5.0 1
12 8 0.00332808494568 5.0 1
13 9 0.00373291969299 6.0 1
14 8 0.00330781936646 5.0 1
15 10 0.0043089389801 7.0 1
16 9 0.00375294685364 6.0 1
17 8 0.00334501266479 5.0 1
18 11 0.00473713874817 8.0 1
19 9 0.00388288497925 6.0 1
20 9 0.00377488136292 6.0 1
21 9 0.00378799438477 6.0 1
22 10 0.00424695014954 7.0 1
23 11 0.00471091270447 8.0 1
24 8 0.00330710411072 5.0 1
25 11 0.0047299861908 8.0 1
26 10 0.00421094894409 7.0 1
27 11 0.00471305847168 8.0 1
28 8 0.00333213806152 5.0 1
29 8 0.00338101387024 5.0 1
30 9 0.00377583503723 6.0 1
31 10 0.00424098968506 7.0 1
32 11 0.0046329498291 8.0 1
33 10 0.00427913665771 7.0 1
34 11 0.00474190711975 8.0 1
35 8 0.00324201583862 5.0 1
36 8 0.00332117080688 5.0 1
37 11 0.00474905967712 8.0 1
38 9 0.00379395484924 6.0 1
39 8 0.0033540725708 5.0 1
40 11 0.00466394424438 8.0 1
41 12 0.00517416000366 9.0 1
42 8 0.00333380699158 5.0 1
43 8 0.00329113006592 5.0 1
44 10 0.00427317619324 7.0 1
45 10 0.00426387786865 7.0 1
46 11 0.00468993186951 8.0 1
47 9 0.00387406349182 6.0 1
48 8 0.00331711769104 5.0 1
49 11 0.00486516952515 8.0 1
0 9 0.00386309623718 6.0 1
1 12 0.00510215759277 9.0 1
2 11 0.00479912757874 8.0 1
3 13 0.00562596321106 10.0 1
4 10 0.00428199768066 7.0 1
5 9 0.00382208824158 6.0 1
6 13 0.00559592247009 10.0 1
7 14 0.00618290901184 11.0 1
8 12 0.0109958648682 9.0 1
9 97 0.0476291179657 94.0 1
10 11 0.0047562122345 8.0 1
11 12 0.005206823349 9.0 1
12 13 0.00585889816284 10.0 1
13 61 0.0293610095978 58.0 1
14 12 0.00550699234009 9.0 1
15 10 0.00426197052002 7.0 1
16 10 0.00447010993958 7.0 1
17 73 0.0358431339264 70.0 1
18 75 0.0360519886017 72.0 1
19 11 0.00499320030212 8.0 1
20 71 0.0328650474548 68.0 1
21 11 0.00465202331543 8.0 1
22 14 0.00602197647095 11.0 1
23 9 0.00374102592468 6.0 1
24 12 0.00508713722229 9.0 1
25 10 0.00427985191345 7.0 1
26 65 0.029892206192 62.0 1
27 12 0.00528717041016 9.0 1
28 12 0.00522112846375 9.0 1
29 11 0.00469708442688 8.0 1
30 44 0.0200750827789 41.0 1
31 13 0.00567698478699 10.0 1
32 10 0.00431609153748 7.0 1
33 12 0.00515103340149 9.0 1
34 13 0.00557422637939 10.0 1
35 61 0.0280561447144 58.0 1
36 87 0.0398569107056 84.0 1
37 11 0.00467896461487 8.0 1
38 10 0.00422310829163 7.0 1
39 11 0.00467395782471 8.0 1
40 11 0.00472807884216 8.0 1
41 10 0.00429701805115 7.0 1
42 11 0.00470590591431 8.0 1
43 11 0.00481295585632 8.0 1
44 11 0.00470209121704 8.0 1
45 10 0.00439596176147 7.0 1
46 12 0.00515103340149 9.0 1
47 13 0.00565481185913 10.0 1
48 11 0.00470495223999 8.0 1
49 12 0.00528907775879 9.0 1
0 17 0.00768613815308 14.0 1
1 13 0.00587201118469 10.0 1
2 13 0.00574994087219 10.0 1
3 11 0.00485396385193 8.0 1
4 14 0.00611114501953 11.0 1
5 11 0.00467705726624 8.0 1
6 11 0.00474500656128 8.0 1
7 12 0.00517892837524 9.0 1
8 11 0.00472807884216 8.0 1
9 10 0.00422692298889 7.0 1
10 12 0.00523209571838 9.0 1
11 8 0.00336098670959 5.0 1
12 12 0.00513291358948 9.0 1
13 11 0.00467991828918 8.0 1
14 10 0.00419497489929 7.0 1
15 8 0.00331497192383 5.0 1
16 12 0.00512599945068 9.0 1
17 11 0.00465393066406 8.0 1
18 12 0.00511598587036 9.0 1
19 12 0.00513291358948 9.0 1
20 12 0.00509405136108 9.0 1
21 8 0.00327110290527 5.0 1
22 12 0.00506615638733 9.0 1
23 10 0.00422811508179 7.0 1
24 12 0.00518703460693 9.0 1
25 9 0.00450396537781 6.0 1
26 12 0.00515294075012 9.0 1
27 10 0.00430798530579 7.0 1
28 11 0.00469207763672 8.0 1
29 10 0.00429511070251 7.0 1
30 11 0.00471305847168 8.0 1
31 12 0.00526905059814 9.0 1
32 9 0.0038640499115 6.0 1
33 12 0.00517606735229 9.0 1
34 12 0.00602602958679 9.0 1
35 11 0.00476717948914 8.0 1
36 13 0.00602602958679 10.0 1
37 9 0.00387597084045 6.0 1
38 10 0.00449109077454 7.0 1
39 12 0.00505900382996 9.0 1
40 12 0.00552797317505 9.0 1
41 9 0.00379490852356 6.0 1
42 10 0.00422191619873 7.0 1
43 9 0.00407004356384 6.0 1
44 8 0.00331211090088 5.0 1
45 9 0.00382494926453 6.0 1
46 10 0.00463318824768 7.0 1
47 12 0.00515604019165 9.0 1
48 10 0.00421786308289 7.0 1
49 12 0.00514101982117 9.0 1
0 12 0.00520205497742 9.0 1
1 14 0.00605297088623 11.0 1
2 11 0.00466704368591 8.0 1
3 13 0.00566506385803 10.0 1
4 9 0.00518703460693 6.0 1
5 10 0.00424599647522 7.0 1
6 11 0.00488305091858 8.0 1
7 12 0.00519514083862 9.0 1
8 10 0.00442099571228 7.0 1
9 12 0.00513792037964 9.0 1
10 11 0.00469207763672 8.0 1
11 11 0.00495886802673 8.0 1
12 11 0.00513100624084 8.0 1
13 11 0.00470304489136 8.0 1
14 11 0.00463199615479 8.0 1
15 11 0.00513100624084 8.0 1
16 12 0.00510501861572 9.0 1
17 10 0.00444793701172 7.0 1
18 9 0.00380992889404 6.0 1
19 10 0.00442600250244 7.0 1
20 10 0.00422692298889 7.0 1
21 10 0.00726199150085 7.0 1
22 10 0.00480699539185 7.0 1
23 12 0.00523591041565 9.0 1
24 12 0.00574779510498 9.0 1
25 11 0.00792598724365 8.0 1
26 11 0.00480008125305 8.0 1
27 12 0.0054190158844 9.0 1
28 10 0.00422811508179 7.0 1
29 11 0.00508308410645 8.0 1
30 13 0.00567483901978 10.0 1
31 10 0.00456285476685 7.0 1
32 12 0.00520300865173 9.0 1
33 11 0.00510311126709 8.0 1
34 10 0.00430202484131 7.0 1
35 12 0.0051748752594 9.0 1
36 8 0.00353288650513 5.0 1
37 13 0.00564503669739 10.0 1
38 12 0.00547790527344 9.0 1
39 8 0.00326013565063 5.0 1
40 8 0.00331211090088 5.0 1
41 12 0.00526595115662 9.0 1
42 12 0.00512790679932 9.0 1
43 12 0.00543808937073 9.0 1
44 10 0.00425601005554 7.0 1
45 13 0.00586605072021 10.0 1
46 9 0.00383186340332 6.0 1
47 10 0.00644302368164 7.0 1
48 8 0.00337290763855 5.0 1
49 11 0.00470805168152 8.0 1
