trial, number of steps, runtime, accumulated reward, termination
0 5000 2.53716897964 -4999.0 0
1 5000 2.76201796532 -4999.0 0
2 5000 2.84601283073 -4999.0 0
3 5000 2.53718805313 -4999.0 0
4 5000 2.69707512856 -4999.0 0
5 5000 3.08810806274 -4999.0 0
6 5000 3.9673769474 -4999.0 0
7 5000 4.03906583786 -4999.0 0
8 5000 3.0272090435 -4999.0 0
9 5000 2.54441905022 -4999.0 0
10 5000 2.6048579216 -4999.0 0
11 5000 3.05711293221 -4999.0 0
12 5000 3.20569086075 -4999.0 0
13 5000 2.83486700058 -4999.0 0
14 5000 2.50831818581 -4999.0 0
15 5000 2.39199399948 -4999.0 0
16 5000 2.41003203392 -4999.0 0
17 5000 2.64310002327 -4999.0 0
18 5000 2.73968911171 -4999.0 0
19 5000 2.739839077 -4999.0 0
20 5000 2.76113200188 -4999.0 0
21 5000 2.74328994751 -4999.0 0
22 5000 2.78580188751 -4999.0 0
23 5000 2.70168209076 -4999.0 0
24 5000 2.66423988342 -4999.0 0
25 5000 2.64325809479 -4999.0 0
26 5000 2.51427102089 -4999.0 0
27 5000 2.7316300869 -4999.0 0
28 5000 2.6449739933 -4999.0 0
29 5000 2.81755185127 -4999.0 0
30 5000 2.8110730648 -4999.0 0
31 5000 2.64117193222 -4999.0 0
32 5000 2.70583200455 -4999.0 0
33 5000 2.55042505264 -4999.0 0
34 5000 2.65582513809 -4999.0 0
35 5000 3.05305600166 -4999.0 0
36 5000 3.15466094017 -4999.0 0
37 5000 2.77204394341 -4999.0 0
38 5000 2.98676419258 -4999.0 0
39 5000 2.76611399651 -4999.0 0
40 5000 2.96454906464 -4999.0 0
41 5000 2.91607379913 -4999.0 0
42 5000 2.7380490303 -4999.0 0
43 5000 3.21219205856 -4999.0 0
44 5000 2.60674715042 -4999.0 0
45 5000 2.68221402168 -4999.0 0
46 5000 2.6235909462 -4999.0 0
47 5000 2.53195905685 -4999.0 0
48 5000 2.56738591194 -4999.0 0
49 5000 2.89040994644 -4999.0 0
0 5000 2.72081112862 -4999.0 0
1 5000 2.59390497208 -4999.0 0
2 5000 2.82769393921 -4999.0 0
3 5000 2.76650595665 -4999.0 0
4 5000 2.65839004517 -4999.0 0
5 5000 2.74431800842 -4999.0 0
6 5000 2.63156104088 -4999.0 0
7 5000 2.64433693886 -4999.0 0
8 5000 2.60845994949 -4999.0 0
9 5000 2.52466201782 -4999.0 0
10 5000 2.80019402504 -4999.0 0
11 5000 2.51374101639 -4999.0 0
12 5000 2.73268008232 -4999.0 0
13 5000 2.83498597145 -4999.0 0
14 5000 2.72849488258 -4999.0 0
15 5000 2.62571001053 -4999.0 0
16 5000 2.75029110909 -4999.0 0
17 5000 2.63826799393 -4999.0 0
18 5000 2.69391989708 -4999.0 0
19 5000 2.62425017357 -4999.0 0
20 5000 2.55293297768 -4999.0 0
21 5000 2.70590615273 -4999.0 0
22 5000 2.97595119476 -4999.0 0
23 5000 2.79363298416 -4999.0 0
24 5000 2.58955693245 -4999.0 0
25 5000 2.72041010857 -4999.0 0
26 5000 2.57189393044 -4999.0 0
27 5000 2.52609992027 -4999.0 0
28 5000 2.94174385071 -4999.0 0
29 5000 2.68632006645 -4999.0 0
30 5000 2.59353995323 -4999.0 0
31 5000 2.54900598526 -4999.0 0
32 5000 2.54457902908 -4999.0 0
33 5000 3.20002198219 -4999.0 0
34 5000 2.68711996078 -4999.0 0
35 5000 2.65761709213 -4999.0 0
36 5000 2.53757810593 -4999.0 0
37 5000 2.67543387413 -4999.0 0
38 5000 2.80972099304 -4999.0 0
39 5000 2.88543105125 -4999.0 0
40 5000 2.59686398506 -4999.0 0
41 5000 2.77647304535 -4999.0 0
42 5000 2.88351392746 -4999.0 0
43 5000 2.67900180817 -4999.0 0
44 5000 2.42008495331 -4999.0 0
45 5000 2.72641897202 -4999.0 0
46 5000 2.63656783104 -4999.0 0
47 5000 2.79057502747 -4999.0 0
48 5000 2.75563597679 -4999.0 0
49 5000 2.7244989872 -4999.0 0
0 2008 1.07651090622 -2006.0 1
1 1681 0.909147977829 -1679.0 1
2 2909 1.55298519135 -2907.0 1
3 4311 2.36202907562 -4309.0 1
4 3263 1.83523201942 -3261.0 1
5 2637 1.39268994331 -2635.0 1
6 2291 1.11337089539 -2289.0 1
7 2552 1.26040101051 -2550.0 1
8 1286 0.673002004623 -1284.0 1
9 5000 2.60366678238 -4999.0 0
10 3432 1.88166189194 -3430.0 1
11 2137 1.27717089653 -2135.0 1
12 2096 1.20496201515 -2094.0 1
13 1410 0.936695098877 -1408.0 1
14 2256 1.37894511223 -2254.0 1
15 2747 1.44657516479 -2745.0 1
16 2822 1.52515912056 -2820.0 1
17 3708 1.84300684929 -3706.0 1
18 4963 2.6825428009 -4961.0 1
19 4798 2.63642692566 -4796.0 1
20 1439 0.89063501358 -1437.0 1
21 2205 1.16325211525 -2203.0 1
22 2125 1.22622108459 -2123.0 1
23 2209 1.09483194351 -2207.0 1
24 1681 0.845661878586 -1679.0 1
25 3361 1.96565294266 -3359.0 1
26 2316 1.22599697113 -2314.0 1
27 2825 1.45573592186 -2823.0 1
28 3541 2.01339912415 -3539.0 1
29 4810 2.87214803696 -4808.0 1
30 2741 1.46127390862 -2739.0 1
31 2255 1.28815603256 -2253.0 1
32 2018 1.1747648716 -2016.0 1
33 1614 0.920006990433 -1612.0 1
34 1419 0.827668905258 -1417.0 1
35 2448 1.22669196129 -2446.0 1
36 4678 2.50863909721 -4676.0 1
37 1760 0.905793905258 -1758.0 1
38 3214 1.89668297768 -3212.0 1
39 3144 1.81620001793 -3142.0 1
40 3137 1.68567705154 -3135.0 1
41 2152 1.12725615501 -2150.0 1
42 2942 1.6832151413 -2940.0 1
43 2518 1.46522498131 -2516.0 1
44 2590 1.47412085533 -2588.0 1
45 3104 1.75157403946 -3102.0 1
46 1796 0.988271951675 -1794.0 1
47 4142 2.38407111168 -4140.0 1
48 5000 2.79727315903 -4999.0 0
49 2940 1.61667084694 -2938.0 1
0 3167 1.74602818489 -3165.0 1
1 4181 2.33371090889 -4179.0 1
2 3346 1.84281182289 -3344.0 1
3 4223 2.34575581551 -4221.0 1
4 5000 2.80273008347 -4999.0 0
5 4223 2.40645098686 -4221.0 1
6 2437 1.33202576637 -2435.0 1
7 2793 1.57809090614 -2791.0 1
8 2950 1.67093086243 -2948.0 1
9 3469 1.91692614555 -3467.0 1
10 2629 1.49166798592 -2627.0 1
11 5000 2.95254302025 -4999.0 0
12 3189 1.81855082512 -3187.0 1
13 4547 2.55556702614 -4545.0 1
14 2696 1.52985906601 -2694.0 1
15 2573 1.43583202362 -2571.0 1
16 2908 1.6944630146 -2906.0 1
17 2772 1.59678316116 -2770.0 1
18 2423 1.41136789322 -2421.0 1
19 3988 2.35924100876 -3986.0 1
20 2871 1.65285396576 -2869.0 1
21 3082 1.62627696991 -3080.0 1
22 2986 1.61302185059 -2984.0 1
23 4780 2.57981395721 -4778.0 1
24 4504 2.43558192253 -4502.0 1
25 4144 2.25402188301 -4142.0 1
26 2856 1.62176895142 -2854.0 1
27 3527 1.86193799973 -3525.0 1
28 2677 1.337444067 -2675.0 1
29 3549 1.80835795403 -3547.0 1
30 3821 2.70064496994 -3819.0 1
31 3712 2.04502892494 -3710.0 1
32 5000 2.51970100403 -4999.0 0
33 4131 2.17342090607 -4129.0 1
34 3442 1.92597913742 -3440.0 1
35 4055 2.19067883492 -4053.0 1
36 3362 1.67119789124 -3360.0 1
37 3458 1.67591190338 -3456.0 1
38 4995 2.63240504265 -4993.0 1
39 5000 2.62638306618 -4999.0 0
40 3352 1.73433303833 -3350.0 1
41 3184 1.62818312645 -3182.0 1
42 2940 1.51052308083 -2938.0 1
43 3949 2.00432896614 -3947.0 1
44 3934 2.1231482029 -3932.0 1
45 5000 2.65510320663 -4999.0 0
46 3026 1.55950307846 -3024.0 1
47 3514 1.96254897118 -3512.0 1
48 2271 1.22939896584 -2269.0 1
49 2790 1.75596404076 -2788.0 1
0 1873 1.26477885246 -1871.0 1
1 2626 1.68765497208 -2624.0 1
2 2276 1.23089289665 -2274.0 1
3 5000 2.67949008942 -4999.0 0
4 3252 1.7684981823 -3250.0 1
5 3604 1.90050077438 -3602.0 1
6 3610 1.93085598946 -3608.0 1
7 2264 1.19606900215 -2262.0 1
8 4278 2.2521250248 -4276.0 1
9 1422 0.782789945602 -1420.0 1
10 2679 1.53607010841 -2677.0 1
11 2420 1.37362408638 -2418.0 1
12 2431 1.35248303413 -2429.0 1
13 5000 2.77422690392 -4999.0 0
14 1812 0.970665931702 -1810.0 1
15 3118 1.73525619507 -3116.0 1
16 3661 1.98347091675 -3659.0 1
17 2230 1.20203495026 -2228.0 1
18 3037 1.80135703087 -3035.0 1
19 2671 1.52642798424 -2669.0 1
20 2036 1.16763496399 -2034.0 1
21 3029 1.64666986465 -3027.0 1
22 2076 1.15140104294 -2074.0 1
23 3136 1.76178193092 -3134.0 1
24 3408 1.99581813812 -3406.0 1
25 2428 1.49181509018 -2426.0 1
26 3178 1.77703309059 -3176.0 1
27 1653 0.899713993073 -1651.0 1
28 1424 0.755791902542 -1422.0 1
29 2935 1.65099000931 -2933.0 1
30 2651 1.45845198631 -2649.0 1
31 5000 2.72486901283 -4999.0 0
32 3087 1.70783615112 -3085.0 1
33 3985 2.15835309029 -3983.0 1
34 2336 1.27032017708 -2334.0 1
35 2869 1.57572078705 -2867.0 1
36 2014 1.08894085884 -2012.0 1
37 3271 1.82797789574 -3269.0 1
38 5000 2.66716313362 -4999.0 0
39 3083 1.71230697632 -3081.0 1
40 4252 2.35915207863 -4250.0 1
41 2588 1.40164804459 -2586.0 1
42 4107 2.19512486458 -4105.0 1
43 3038 1.7388548851 -3036.0 1
44 2586 1.41459393501 -2584.0 1
45 2903 1.9300839901 -2901.0 1
46 3300 1.72538995743 -3298.0 1
47 3457 2.00909805298 -3455.0 1
48 3916 2.26788711548 -3914.0 1
49 1740 0.941364049911 -1738.0 1
0 5000 2.80815696716 -4999.0 0
1 3301 1.88795804977 -3299.0 1
2 2084 1.08473110199 -2082.0 1
3 2765 1.44892501831 -2763.0 1
4 3057 1.67815303802 -3055.0 1
5 2739 1.50581693649 -2737.0 1
6 4626 2.58426403999 -4624.0 1
7 3074 1.7295768261 -3072.0 1
8 2950 1.66004490852 -2948.0 1
9 3195 1.86921191216 -3193.0 1
10 1501 0.72678899765 -1499.0 1
11 1123 0.533270120621 -1121.0 1
12 1284 0.666170120239 -1282.0 1
13 2319 1.1907749176 -2317.0 1
14 2327 1.20290899277 -2325.0 1
15 1991 1.0670042038 -1989.0 1
16 2085 1.15879297256 -2083.0 1
17 3864 2.15081501007 -3862.0 1
18 2450 1.30094790459 -2448.0 1
19 1699 0.949406147003 -1697.0 1
20 4601 2.56828904152 -4599.0 1
21 2475 1.34502100945 -2473.0 1
22 4681 2.547123909 -4679.0 1
23 3197 1.74475908279 -3195.0 1
24 2556 1.43119692802 -2554.0 1
25 2347 1.40547609329 -2345.0 1
26 4658 2.54980301857 -4656.0 1
27 2304 1.2762260437 -2302.0 1
28 3846 2.22987604141 -3844.0 1
29 5000 2.95383691788 -4999.0 0
30 3623 1.99665999413 -3621.0 1
31 5000 2.79043793678 -4999.0 0
32 3475 2.00275588036 -3473.0 1
33 5000 2.81873106956 -4999.0 0
34 2011 1.12517404556 -2009.0 1
35 3536 2.00657200813 -3534.0 1
36 3269 1.85083198547 -3267.0 1
37 5000 2.68800210953 -4999.0 0
38 2496 1.40009784698 -2494.0 1
39 5000 2.66386890411 -4999.0 0
40 4151 2.37931895256 -4149.0 1
41 3030 1.72957611084 -3028.0 1
42 1506 0.842625141144 -1504.0 1
43 2130 1.05632090569 -2128.0 1
44 3717 2.14602994919 -3715.0 1
45 3378 1.9578359127 -3376.0 1
46 2526 1.50218105316 -2524.0 1
47 1810 1.07521295547 -1808.0 1
48 3118 1.88625311852 -3116.0 1
49 2990 1.76566100121 -2988.0 1
0 4962 2.60540914536 -4960.0 1
1 3390 1.83955287933 -3388.0 1
2 2695 1.56844806671 -2693.0 1
3 2202 1.40025305748 -2200.0 1
4 1829 1.11691999435 -1827.0 1
5 2269 1.32357406616 -2267.0 1
6 4014 2.28367590904 -4012.0 1
7 2266 1.33710980415 -2264.0 1
8 3913 2.17126083374 -3911.0 1
9 2254 1.28850197792 -2252.0 1
10 2761 1.6757478714 -2759.0 1
11 5000 2.81183004379 -4999.0 0
12 2927 1.61176300049 -2925.0 1
13 2022 1.20430898666 -2020.0 1
14 3399 1.66887617111 -3397.0 1
15 1658 0.950684070587 -1656.0 1
16 3894 2.25366306305 -3892.0 1
17 3004 1.68289399147 -3002.0 1
18 2843 1.40117383003 -2841.0 1
19 3240 1.94636392593 -3238.0 1
20 2298 1.26264095306 -2296.0 1
21 2251 1.28587794304 -2249.0 1
22 4544 2.72179102898 -4542.0 1
23 1588 1.30514502525 -1586.0 1
24 2173 1.83988904953 -2171.0 1
25 1602 1.30408811569 -1600.0 1
26 5000 3.19051003456 -4999.0 0
27 3732 2.07456302643 -3730.0 1
28 1772 1.00149703026 -1770.0 1
29 4200 2.36053609848 -4198.0 1
30 2808 1.38852906227 -2806.0 1
31 2587 1.3709487915 -2585.0 1
32 4825 2.72067499161 -4823.0 1
33 2635 1.49398803711 -2633.0 1
34 4642 2.36769104004 -4640.0 1
35 3514 1.79598498344 -3512.0 1
36 2885 1.52584791183 -2883.0 1
37 2388 1.29634189606 -2386.0 1
38 2505 1.37706208229 -2503.0 1
39 2545 1.38542890549 -2543.0 1
40 3520 1.8861489296 -3518.0 1
41 2507 1.30181789398 -2505.0 1
42 3338 1.84469819069 -3336.0 1
43 1777 1.12163805962 -1775.0 1
44 3905 2.3100810051 -3903.0 1
45 4502 2.51710104942 -4500.0 1
46 2941 1.59548592567 -2939.0 1
47 2864 1.64025211334 -2862.0 1
48 2337 1.49000597 -2335.0 1
49 2010 1.28893303871 -2008.0 1
0 2973 1.8431429863 -2971.0 1
1 2527 1.52788591385 -2525.0 1
2 2454 1.49008202553 -2452.0 1
3 1995 1.00639104843 -1993.0 1
4 5000 2.94003391266 -4999.0 0
5 4127 2.47404289246 -4125.0 1
6 2516 1.38662695885 -2514.0 1
7 2295 1.3123960495 -2293.0 1
8 5000 2.75538110733 -4999.0 0
9 1990 1.21968507767 -1988.0 1
10 4821 2.80750489235 -4819.0 1
11 5000 2.88972806931 -4999.0 0
12 4771 2.60480093956 -4769.0 1
13 2262 1.56478691101 -2260.0 1
14 5000 2.89820194244 -4999.0 0
15 3222 1.7007291317 -3220.0 1
16 2509 1.31931209564 -2507.0 1
17 2345 1.2510330677 -2343.0 1
18 1831 1.00212597847 -1829.0 1
19 5000 3.53299713135 -4999.0 0
20 4306 2.39848995209 -4304.0 1
21 2838 1.49017596245 -2836.0 1
22 2453 1.27525997162 -2451.0 1
23 1725 0.993944168091 -1723.0 1
24 4277 2.30691480637 -4275.0 1
25 5000 2.8180680275 -4999.0 0
26 1445 0.782070159912 -1443.0 1
27 5000 2.6882109642 -4999.0 0
28 2719 1.4246609211 -2717.0 1
29 4875 3.44168305397 -4873.0 1
30 5000 2.58078885078 -4999.0 0
31 1592 0.741410017014 -1590.0 1
32 3017 1.53809285164 -3015.0 1
33 3276 1.76751494408 -3274.0 1
34 3514 1.92283701897 -3512.0 1
35 2349 1.34584403038 -2347.0 1
36 2746 1.42762899399 -2744.0 1
37 4305 2.42694401741 -4303.0 1
38 2823 1.49056601524 -2821.0 1
39 2450 1.32626104355 -2448.0 1
40 2419 1.31426596642 -2417.0 1
41 4315 2.31758999825 -4313.0 1
42 3032 1.6276512146 -3030.0 1
43 3592 1.86060094833 -3590.0 1
44 2679 1.50569295883 -2677.0 1
45 1941 1.01522707939 -1939.0 1
46 3759 1.96023392677 -3757.0 1
47 2017 1.22030591965 -2015.0 1
48 5000 2.63967680931 -4999.0 0
49 2201 1.25347995758 -2199.0 1
0 4081 2.15564393997 -4079.0 1
1 3086 1.71417403221 -3084.0 1
2 4117 2.23146986961 -4115.0 1
3 5000 2.68616485596 -4999.0 0
4 4733 2.57719492912 -4731.0 1
5 5000 2.6754899025 -4999.0 0
6 3390 1.8486289978 -3388.0 1
7 4968 2.63791298866 -4966.0 1
8 5000 2.6195089817 -4999.0 0
9 4022 2.17110991478 -4020.0 1
10 4352 2.28447699547 -4350.0 1
11 5000 2.65054607391 -4999.0 0
12 5000 2.68010115623 -4999.0 0
13 5000 2.60382604599 -4999.0 0
14 4305 2.24080204964 -4303.0 1
15 2713 1.45011711121 -2711.0 1
16 5000 2.57846093178 -4999.0 0
17 5000 2.49671697617 -4999.0 0
18 5000 2.68987417221 -4999.0 0
19 3312 1.77714109421 -3310.0 1
20 5000 2.63100290298 -4999.0 0
21 4416 2.33691906929 -4414.0 1
22 5000 2.4660179615 -4999.0 0
23 5000 3.15838193893 -4999.0 0
24 5000 2.63232493401 -4999.0 0
25 3882 2.16720294952 -3880.0 1
26 4816 2.86276102066 -4814.0 1
27 5000 2.67939209938 -4999.0 0
28 5000 2.58482909203 -4999.0 0
29 4199 2.20000886917 -4197.0 1
30 5000 2.89629793167 -4999.0 0
31 5000 2.68970608711 -4999.0 0
32 3932 2.072067976 -3930.0 1
33 3944 2.11346316338 -3942.0 1
34 5000 2.63657093048 -4999.0 0
35 2638 1.42848014832 -2636.0 1
36 5000 2.74498581886 -4999.0 0
37 4419 2.33436512947 -4417.0 1
38 5000 2.5842089653 -4999.0 0
39 5000 2.69143390656 -4999.0 0
40 3827 2.24375605583 -3825.0 1
41 3444 1.98021578789 -3442.0 1
42 5000 2.52433991432 -4999.0 0
43 5000 2.77617883682 -4999.0 0
44 4900 2.54997491837 -4898.0 1
45 2922 1.52109599113 -2920.0 1
46 4123 2.03664803505 -4121.0 1
47 3651 1.82026791573 -3649.0 1
48 5000 2.71083593369 -4999.0 0
49 5000 2.69997286797 -4999.0 0
0 2593 1.37949800491 -2591.0 1
1 2165 1.27248692513 -2163.0 1
2 2830 1.6578309536 -2828.0 1
3 3507 1.74654006958 -3505.0 1
4 2056 1.10579681396 -2054.0 1
5 1528 0.732834100723 -1526.0 1
6 1742 0.867802858353 -1740.0 1
7 2898 1.45351600647 -2896.0 1
8 3212 1.99412798882 -3210.0 1
9 1624 0.824600219727 -1622.0 1
10 3616 2.03017401695 -3614.0 1
11 2244 1.28289198875 -2242.0 1
12 1748 1.15853190422 -1746.0 1
13 1944 1.03338003159 -1942.0 1
14 1742 0.965296983719 -1740.0 1
15 5000 2.79749679565 -4999.0 0
16 5000 2.82476305962 -4999.0 0
17 3732 2.16839504242 -3730.0 1
18 1563 0.905396938324 -1561.0 1
19 3760 2.06510901451 -3758.0 1
20 2955 1.61071395874 -2953.0 1
21 3659 1.99378490448 -3657.0 1
22 4593 2.55686807632 -4591.0 1
23 1785 0.994338989258 -1783.0 1
24 2789 1.53750801086 -2787.0 1
25 2084 1.17788696289 -2082.0 1
26 2003 1.12096595764 -2001.0 1
27 3172 1.79899191856 -3170.0 1
28 2279 1.30141401291 -2277.0 1
29 3572 1.89500808716 -3570.0 1
30 3832 1.98770403862 -3830.0 1
31 4461 2.34895992279 -4459.0 1
32 3742 2.90512299538 -3740.0 1
33 1834 1.2724070549 -1832.0 1
34 1467 0.790395021439 -1465.0 1
35 2578 1.31576800346 -2576.0 1
36 4426 2.32086801529 -4424.0 1
37 2302 1.25536799431 -2300.0 1
38 2017 1.07997202873 -2015.0 1
39 1392 0.771816015244 -1390.0 1
40 4065 2.36145210266 -4063.0 1
41 5000 2.73387813568 -4999.0 0
42 3477 2.09186220169 -3475.0 1
43 1659 0.990647792816 -1657.0 1
44 4120 2.47409582138 -4118.0 1
45 2033 1.22665190697 -2031.0 1
46 1463 0.857297897339 -1461.0 1
47 2246 1.34336400032 -2244.0 1
48 3054 1.67567491531 -3052.0 1
49 3176 1.70644497871 -3174.0 1
