trial, number of steps, runtime, accumulated reward, termination
0 1484 0.781921863556 -1482.0 1
1 5000 2.64045000076 -4999.0 0
2 5000 3.49627709389 -4999.0 0
3 5000 3.6332051754 -4999.0 0
4 5000 3.38656997681 -4999.0 0
5 5000 3.36339902878 -4999.0 0
6 5000 3.7438750267 -4999.0 0
7 5000 3.63913583755 -4999.0 0
8 5000 3.80733704567 -4999.0 0
9 5000 3.49836015701 -4999.0 0
10 5000 3.57533884048 -4999.0 0
11 5000 3.61118197441 -4999.0 0
12 5000 3.43972182274 -4999.0 0
13 5000 3.38644218445 -4999.0 0
14 5000 3.42039608955 -4999.0 0
15 5000 3.47438192368 -4999.0 0
16 5000 3.31707501411 -4999.0 0
17 5000 3.52507781982 -4999.0 0
18 5000 3.61814403534 -4999.0 0
19 5000 3.53818392754 -4999.0 0
20 5000 3.62496089935 -4999.0 0
21 5000 3.40260696411 -4999.0 0
22 5000 3.63464212418 -4999.0 0
23 5000 3.39951586723 -4999.0 0
24 5000 3.5878970623 -4999.0 0
25 5000 3.60724902153 -4999.0 0
26 5000 4.05421710014 -4999.0 0
27 5000 3.91984605789 -4999.0 0
28 5000 3.5688700676 -4999.0 0
29 5000 3.31754899025 -4999.0 0
30 5000 3.33653616905 -4999.0 0
31 5000 3.46056699753 -4999.0 0
32 5000 3.36290502548 -4999.0 0
33 5000 3.79343986511 -4999.0 0
34 5000 3.82953596115 -4999.0 0
35 5000 3.77872920036 -4999.0 0
36 5000 3.64127802849 -4999.0 0
37 5000 3.92700195312 -4999.0 0
38 5000 3.82609081268 -4999.0 0
39 5000 3.82505202293 -4999.0 0
40 5000 3.48213386536 -4999.0 0
41 5000 3.48144602776 -4999.0 0
42 5000 3.81773495674 -4999.0 0
43 5000 3.63194894791 -4999.0 0
44 5000 3.3183400631 -4999.0 0
45 5000 3.73528909683 -4999.0 0
46 5000 3.53133797646 -4999.0 0
47 5000 3.37977790833 -4999.0 0
48 5000 3.39577007294 -4999.0 0
49 5000 3.39172387123 -4999.0 0
0 1484 0.756354808807 -1482.0 1
1 5000 2.58550405502 -4999.0 0
2 5000 3.53501009941 -4999.0 0
3 5000 3.52560591698 -4999.0 0
4 5000 3.36752700806 -4999.0 0
5 5000 3.42173600197 -4999.0 0
6 5000 3.4965968132 -4999.0 0
7 5000 3.45095086098 -4999.0 0
8 5000 3.37581801414 -4999.0 0
9 5000 3.30717802048 -4999.0 0
10 5000 3.45888614655 -4999.0 0
11 5000 3.37807202339 -4999.0 0
12 5000 3.45210790634 -4999.0 0
13 5000 3.41881108284 -4999.0 0
14 5000 3.48763895035 -4999.0 0
15 5000 3.45453095436 -4999.0 0
16 5000 3.46742510796 -4999.0 0
17 5000 3.73196601868 -4999.0 0
18 5000 3.45970201492 -4999.0 0
19 5000 3.48724794388 -4999.0 0
20 5000 3.67929387093 -4999.0 0
21 5000 3.50505781174 -4999.0 0
22 5000 3.478525877 -4999.0 0
23 5000 3.34796905518 -4999.0 0
24 5000 3.42297005653 -4999.0 0
25 5000 3.52695703506 -4999.0 0
26 5000 3.36801719666 -4999.0 0
27 5000 3.55564904213 -4999.0 0
28 5000 3.69645619392 -4999.0 0
29 5000 4.17008018494 -4999.0 0
30 5000 4.05375218391 -4999.0 0
31 5000 3.77589607239 -4999.0 0
32 5000 3.47132086754 -4999.0 0
33 5000 3.40280103683 -4999.0 0
34 5000 3.45865392685 -4999.0 0
35 5000 3.43573999405 -4999.0 0
36 5000 3.72519302368 -4999.0 0
37 5000 3.61129307747 -4999.0 0
38 5000 3.51750993729 -4999.0 0
39 5000 3.4448568821 -4999.0 0
40 5000 3.62766504288 -4999.0 0
41 5000 3.56373906136 -4999.0 0
42 5000 3.50445389748 -4999.0 0
43 5000 3.69735193253 -4999.0 0
44 5000 3.46803402901 -4999.0 0
45 5000 3.53294897079 -4999.0 0
46 5000 3.29603004456 -4999.0 0
47 5000 3.55407810211 -4999.0 0
48 5000 3.45867609978 -4999.0 0
49 5000 3.52484107018 -4999.0 0
0 1484 0.771008968353 -1482.0 1
1 5000 2.86161613464 -4999.0 0
2 5000 3.77330207825 -4999.0 0
3 5000 3.38591313362 -4999.0 0
4 5000 3.39091515541 -4999.0 0
5 5000 3.34892296791 -4999.0 0
6 5000 3.78186416626 -4999.0 0
7 5000 3.74537491798 -4999.0 0
8 5000 3.74249505997 -4999.0 0
9 5000 3.36567401886 -4999.0 0
10 5000 3.48271894455 -4999.0 0
11 5000 3.52959299088 -4999.0 0
12 5000 3.43355703354 -4999.0 0
13 5000 3.51265001297 -4999.0 0
14 5000 3.41846895218 -4999.0 0
15 5000 3.4914598465 -4999.0 0
16 5000 3.35370802879 -4999.0 0
17 5000 3.45933914185 -4999.0 0
18 5000 3.61267900467 -4999.0 0
19 5000 3.44703817368 -4999.0 0
20 5000 3.61248898506 -4999.0 0
21 5000 3.55675601959 -4999.0 0
22 5000 3.4967751503 -4999.0 0
23 5000 3.60007190704 -4999.0 0
24 5000 3.37919282913 -4999.0 0
25 5000 3.4553258419 -4999.0 0
26 5000 3.34356594086 -4999.0 0
27 5000 3.42407298088 -4999.0 0
28 5000 3.63579297066 -4999.0 0
29 5000 3.67055916786 -4999.0 0
30 5000 3.42614412308 -4999.0 0
31 5000 3.41858100891 -4999.0 0
32 5000 3.77578306198 -4999.0 0
33 5000 3.6099820137 -4999.0 0
34 5000 3.8281288147 -4999.0 0
35 5000 3.91198992729 -4999.0 0
36 5000 3.87087988853 -4999.0 0
37 5000 3.6492869854 -4999.0 0
38 5000 3.60842609406 -4999.0 0
39 5000 3.55276799202 -4999.0 0
40 5000 3.69849705696 -4999.0 0
41 5000 3.61018896103 -4999.0 0
42 5000 3.85860610008 -4999.0 0
43 5000 3.80768609047 -4999.0 0
44 5000 3.86563491821 -4999.0 0
45 5000 3.73043513298 -4999.0 0
46 5000 3.48027801514 -4999.0 0
47 5000 4.0232770443 -4999.0 0
48 5000 3.55089998245 -4999.0 0
49 5000 3.60535001755 -4999.0 0
0 1484 0.852828979492 -1482.0 1
1 5000 3.07606291771 -4999.0 0
2 5000 3.71245098114 -4999.0 0
3 5000 3.53767800331 -4999.0 0
4 5000 3.54198598862 -4999.0 0
5 5000 3.5336420536 -4999.0 0
6 5000 3.69665503502 -4999.0 0
7 5000 3.41334414482 -4999.0 0
8 5000 3.43281793594 -4999.0 0
9 5000 3.71080112457 -4999.0 0
10 5000 3.99102401733 -4999.0 0
11 5000 3.46293497086 -4999.0 0
12 5000 3.43641710281 -4999.0 0
13 5000 3.45960783958 -4999.0 0
14 5000 3.34458994865 -4999.0 0
15 5000 3.55773305893 -4999.0 0
16 5000 3.65323019028 -4999.0 0
17 5000 3.96882104874 -4999.0 0
18 5000 3.4007370472 -4999.0 0
19 5000 3.93170905113 -4999.0 0
20 5000 3.93916606903 -4999.0 0
21 5000 3.50727295876 -4999.0 0
22 5000 3.49549102783 -4999.0 0
23 5000 3.4296901226 -4999.0 0
24 5000 3.53613305092 -4999.0 0
25 5000 3.37539410591 -4999.0 0
26 5000 3.42420721054 -4999.0 0
27 5000 3.36450791359 -4999.0 0
28 5000 3.50338721275 -4999.0 0
29 5000 4.01084804535 -4999.0 0
30 5000 3.99458098412 -4999.0 0
31 5000 3.77804684639 -4999.0 0
32 5000 3.52184700966 -4999.0 0
33 5000 3.4495511055 -4999.0 0
34 5000 3.85723900795 -4999.0 0
35 5000 3.89662790298 -4999.0 0
36 5000 4.23933506012 -4999.0 0
37 5000 3.50729799271 -4999.0 0
38 5000 3.69179010391 -4999.0 0
39 5000 3.47379207611 -4999.0 0
40 5000 3.47513222694 -4999.0 0
41 5000 3.96480798721 -4999.0 0
42 5000 3.57591915131 -4999.0 0
43 5000 3.63439702988 -4999.0 0
44 5000 3.61944103241 -4999.0 0
45 5000 3.66920089722 -4999.0 0
46 5000 3.60723590851 -4999.0 0
47 5000 3.43431591988 -4999.0 0
48 5000 3.44304704666 -4999.0 0
49 5000 3.55432105064 -4999.0 0
0 1484 0.758355855942 -1482.0 1
1 5000 2.59013605118 -4999.0 0
2 5000 3.69841504097 -4999.0 0
3 5000 3.72339391708 -4999.0 0
4 5000 3.42805886269 -4999.0 0
5 5000 3.48017096519 -4999.0 0
6 5000 3.63519906998 -4999.0 0
7 5000 3.4289059639 -4999.0 0
8 5000 3.3460381031 -4999.0 0
9 5000 3.32563686371 -4999.0 0
10 5000 3.54436397552 -4999.0 0
11 5000 3.39161515236 -4999.0 0
12 5000 3.35410284996 -4999.0 0
13 5000 3.39131784439 -4999.0 0
14 5000 3.50312709808 -4999.0 0
15 5000 3.6723139286 -4999.0 0
16 5000 3.50160098076 -4999.0 0
17 5000 3.76481103897 -4999.0 0
18 5000 3.75776600838 -4999.0 0
19 5000 3.44031882286 -4999.0 0
20 5000 3.41680502892 -4999.0 0
21 5000 3.3540699482 -4999.0 0
22 5000 3.41952204704 -4999.0 0
23 5000 3.45891594887 -4999.0 0
24 5000 3.47628498077 -4999.0 0
25 5000 3.69266796112 -4999.0 0
26 5000 3.81426620483 -4999.0 0
27 5000 3.42828083038 -4999.0 0
28 5000 3.63949298859 -4999.0 0
29 5000 3.73547887802 -4999.0 0
30 5000 3.57029223442 -4999.0 0
31 5000 3.8619158268 -4999.0 0
32 5000 3.35001802444 -4999.0 0
33 5000 3.40128087997 -4999.0 0
34 5000 3.46472001076 -4999.0 0
35 5000 3.36892390251 -4999.0 0
36 5000 3.3610060215 -4999.0 0
37 5000 3.56235718727 -4999.0 0
38 5000 3.39960598946 -4999.0 0
39 5000 3.61888980865 -4999.0 0
40 5000 3.56030416489 -4999.0 0
41 5000 3.53138113022 -4999.0 0
42 5000 3.47615003586 -4999.0 0
43 5000 3.57888293266 -4999.0 0
44 5000 3.39500808716 -4999.0 0
45 5000 3.53598308563 -4999.0 0
46 5000 3.48047399521 -4999.0 0
47 5000 3.35128903389 -4999.0 0
48 5000 3.50719809532 -4999.0 0
49 5000 3.4987308979 -4999.0 0
0 1484 0.796422958374 -1482.0 1
1 5000 2.71607708931 -4999.0 0
2 5000 3.59783816338 -4999.0 0
3 5000 3.44884490967 -4999.0 0
4 5000 3.37473607063 -4999.0 0
5 5000 3.39432001114 -4999.0 0
6 5000 3.48549485207 -4999.0 0
7 5000 3.66465187073 -4999.0 0
8 5000 3.56055212021 -4999.0 0
9 5000 3.62270092964 -4999.0 0
10 5000 3.81510305405 -4999.0 0
11 5000 4.23214507103 -4999.0 0
12 5000 3.58201098442 -4999.0 0
13 5000 3.6040930748 -4999.0 0
14 5000 3.62465977669 -4999.0 0
15 5000 3.66127705574 -4999.0 0
16 5000 3.60126686096 -4999.0 0
17 5000 3.58574390411 -4999.0 0
18 5000 3.58947992325 -4999.0 0
19 5000 3.65958309174 -4999.0 0
20 5000 3.71640610695 -4999.0 0
21 5000 3.51160097122 -4999.0 0
22 5000 3.5294148922 -4999.0 0
23 5000 3.50099301338 -4999.0 0
24 5000 3.80481696129 -4999.0 0
25 5000 3.57365107536 -4999.0 0
26 5000 3.57934904099 -4999.0 0
27 5000 4.06166005135 -4999.0 0
28 5000 3.64921402931 -4999.0 0
29 5000 3.49435400963 -4999.0 0
30 5000 3.6912779808 -4999.0 0
31 5000 3.65989089012 -4999.0 0
32 5000 3.87640094757 -4999.0 0
33 5000 3.87150287628 -4999.0 0
34 5000 3.67922616005 -4999.0 0
35 5000 3.66188812256 -4999.0 0
36 5000 3.3520989418 -4999.0 0
37 5000 3.6871240139 -4999.0 0
38 5000 3.38034510612 -4999.0 0
39 5000 3.57117199898 -4999.0 0
40 5000 3.58673906326 -4999.0 0
41 5000 3.60730004311 -4999.0 0
42 5000 3.61296796799 -4999.0 0
43 5000 3.62681484222 -4999.0 0
44 5000 3.59324908257 -4999.0 0
45 5000 3.62832212448 -4999.0 0
46 5000 3.61115908623 -4999.0 0
47 5000 3.6846408844 -4999.0 0
48 5000 3.612637043 -4999.0 0
49 5000 3.54890108109 -4999.0 0
0 1484 0.832635879517 -1482.0 1
1 5000 2.79611301422 -4999.0 0
2 5000 3.41383385658 -4999.0 0
3 5000 3.49725699425 -4999.0 0
4 5000 3.82595705986 -4999.0 0
5 5000 3.59554600716 -4999.0 0
6 5000 3.56698799133 -4999.0 0
7 5000 3.6758620739 -4999.0 0
8 5000 3.60100603104 -4999.0 0
9 5000 3.4092259407 -4999.0 0
10 5000 3.6346449852 -4999.0 0
11 5000 3.5133638382 -4999.0 0
12 5000 3.85009598732 -4999.0 0
13 5000 4.04443502426 -4999.0 0
14 5000 4.27916288376 -4999.0 0
15 5000 3.7831799984 -4999.0 0
16 5000 3.49758005142 -4999.0 0
17 5000 3.50458598137 -4999.0 0
18 5000 3.75214004517 -4999.0 0
19 5000 3.97196793556 -4999.0 0
20 5000 3.84745883942 -4999.0 0
21 5000 3.85911512375 -4999.0 0
22 5000 3.76932311058 -4999.0 0
23 5000 3.495221138 -4999.0 0
24 5000 3.52029705048 -4999.0 0
25 5000 3.77564716339 -4999.0 0
26 5000 3.86430120468 -4999.0 0
27 5000 3.62953209877 -4999.0 0
28 5000 3.96256709099 -4999.0 0
29 5000 3.94664001465 -4999.0 0
30 5000 4.5827460289 -4999.0 0
31 5000 3.92469501495 -4999.0 0
32 5000 4.15141701698 -4999.0 0
33 5000 4.30234503746 -4999.0 0
34 5000 4.32467484474 -4999.0 0
35 5000 4.26603293419 -4999.0 0
36 5000 3.80231404305 -4999.0 0
37 5000 3.46619296074 -4999.0 0
38 5000 3.59634900093 -4999.0 0
39 5000 3.69203495979 -4999.0 0
40 5000 3.54433822632 -4999.0 0
41 5000 3.70075416565 -4999.0 0
42 5000 3.60145711899 -4999.0 0
43 5000 3.37904191017 -4999.0 0
44 5000 3.62454080582 -4999.0 0
45 5000 3.56879687309 -4999.0 0
46 5000 3.54995393753 -4999.0 0
47 5000 3.44527101517 -4999.0 0
48 5000 3.47839713097 -4999.0 0
49 5000 3.46699309349 -4999.0 0
0 1484 0.818516969681 -1482.0 1
1 5000 2.75179505348 -4999.0 0
2 5000 3.46827697754 -4999.0 0
3 5000 3.6319899559 -4999.0 0
4 5000 3.61986899376 -4999.0 0
5 5000 3.52184391022 -4999.0 0
6 5000 3.45249199867 -4999.0 0
7 5000 3.6737370491 -4999.0 0
8 5000 3.58642697334 -4999.0 0
9 5000 3.47502994537 -4999.0 0
10 5000 3.6007809639 -4999.0 0
11 5000 3.63006401062 -4999.0 0
12 5000 3.66739201546 -4999.0 0
13 5000 3.59053897858 -4999.0 0
14 5000 3.41047692299 -4999.0 0
15 5000 3.38998413086 -4999.0 0
16 5000 3.69555211067 -4999.0 0
17 5000 3.36932396889 -4999.0 0
18 5000 3.3576540947 -4999.0 0
19 5000 3.65632200241 -4999.0 0
20 5000 3.74848985672 -4999.0 0
21 5000 3.72691488266 -4999.0 0
22 5000 3.70080089569 -4999.0 0
23 5000 3.67404413223 -4999.0 0
24 5000 3.97261714935 -4999.0 0
25 5000 4.1310749054 -4999.0 0
26 5000 4.008425951 -4999.0 0
27 5000 3.93121314049 -4999.0 0
28 5000 3.97096920013 -4999.0 0
29 5000 3.87807297707 -4999.0 0
30 5000 3.58582496643 -4999.0 0
31 5000 3.64478302002 -4999.0 0
32 5000 3.82575011253 -4999.0 0
33 5000 3.85561394691 -4999.0 0
34 5000 3.7865550518 -4999.0 0
35 5000 3.7540678978 -4999.0 0
36 5000 3.44021081924 -4999.0 0
37 5000 3.50322008133 -4999.0 0
38 5000 3.41167402267 -4999.0 0
39 5000 3.39644408226 -4999.0 0
40 5000 3.41933393478 -4999.0 0
41 5000 3.63913202286 -4999.0 0
42 5000 3.50068092346 -4999.0 0
43 5000 3.45291090012 -4999.0 0
44 5000 3.49104690552 -4999.0 0
45 5000 3.46876597404 -4999.0 0
46 5000 3.42497396469 -4999.0 0
47 5000 3.49382686615 -4999.0 0
48 5000 3.62085485458 -4999.0 0
49 5000 3.62697887421 -4999.0 0
0 1484 0.754343986511 -1482.0 1
1 5000 2.75828003883 -4999.0 0
2 5000 3.42929196358 -4999.0 0
3 5000 3.58883595467 -4999.0 0
4 5000 3.39185190201 -4999.0 0
5 5000 3.33072686195 -4999.0 0
6 5000 3.43876504898 -4999.0 0
7 5000 3.66194701195 -4999.0 0
8 5000 3.6426320076 -4999.0 0
9 5000 3.40240097046 -4999.0 0
10 5000 3.5879650116 -4999.0 0
11 5000 3.40047383308 -4999.0 0
12 5000 3.58215022087 -4999.0 0
13 5000 3.72301292419 -4999.0 0
14 5000 3.64909291267 -4999.0 0
15 5000 3.48620796204 -4999.0 0
16 5000 3.58060789108 -4999.0 0
17 5000 4.03158092499 -4999.0 0
18 5000 3.52632784843 -4999.0 0
19 5000 3.69350910187 -4999.0 0
20 5000 3.51325893402 -4999.0 0
21 5000 3.72750306129 -4999.0 0
22 5000 3.38220095634 -4999.0 0
23 5000 3.42457509041 -4999.0 0
24 5000 3.53378415108 -4999.0 0
25 5000 3.45826482773 -4999.0 0
26 5000 3.58945202827 -4999.0 0
27 5000 3.65299987793 -4999.0 0
28 5000 3.720058918 -4999.0 0
29 5000 3.658411026 -4999.0 0
30 5000 3.60090303421 -4999.0 0
31 5000 3.53456807137 -4999.0 0
32 5000 3.52225184441 -4999.0 0
33 5000 3.58627009392 -4999.0 0
34 5000 3.60798692703 -4999.0 0
35 5000 3.65851092339 -4999.0 0
36 5000 4.20345401764 -4999.0 0
37 5000 3.77543997765 -4999.0 0
38 5000 3.60957503319 -4999.0 0
39 5000 3.70984601974 -4999.0 0
40 5000 3.70059108734 -4999.0 0
41 5000 4.0558578968 -4999.0 0
42 5000 4.10438108444 -4999.0 0
43 5000 3.92041802406 -4999.0 0
44 5000 3.66441512108 -4999.0 0
45 5000 3.52848505974 -4999.0 0
46 5000 3.52804899216 -4999.0 0
47 5000 3.52192091942 -4999.0 0
48 5000 3.74466013908 -4999.0 0
49 5000 3.76901984215 -4999.0 0
0 1484 0.872965812683 -1482.0 1
1 5000 2.96119999886 -4999.0 0
2 5000 3.67245984077 -4999.0 0
3 5000 3.52161693573 -4999.0 0
4 5000 3.66864013672 -4999.0 0
5 5000 3.59336209297 -4999.0 0
6 5000 3.57895517349 -4999.0 0
7 5000 3.64798998833 -4999.0 0
8 5000 3.60889291763 -4999.0 0
9 5000 3.70707821846 -4999.0 0
10 5000 3.75611686707 -4999.0 0
11 5000 3.43204402924 -4999.0 0
12 5000 3.54141402245 -4999.0 0
13 5000 3.50694417953 -4999.0 0
14 5000 4.18657302856 -4999.0 0
15 5000 4.2481970787 -4999.0 0
16 5000 3.54917788506 -4999.0 0
17 5000 3.40542507172 -4999.0 0
18 5000 3.54262208939 -4999.0 0
19 5000 3.52967691422 -4999.0 0
20 5000 3.34531092644 -4999.0 0
21 5000 3.41608786583 -4999.0 0
22 5000 3.68355083466 -4999.0 0
23 5000 3.4438149929 -4999.0 0
24 5000 3.44960093498 -4999.0 0
25 5000 3.44271993637 -4999.0 0
26 5000 3.41361904144 -4999.0 0
27 5000 3.58770704269 -4999.0 0
28 5000 3.59437298775 -4999.0 0
29 5000 3.59707713127 -4999.0 0
30 5000 3.52689695358 -4999.0 0
31 5000 3.52316594124 -4999.0 0
32 5000 3.34836196899 -4999.0 0
33 5000 3.47280097008 -4999.0 0
34 5000 3.6173350811 -4999.0 0
35 5000 3.5829949379 -4999.0 0
36 5000 3.36112880707 -4999.0 0
37 5000 3.58652710915 -4999.0 0
38 5000 3.68254804611 -4999.0 0
39 5000 3.61777496338 -4999.0 0
40 5000 3.63434004784 -4999.0 0
41 5000 3.6310839653 -4999.0 0
42 5000 3.45854687691 -4999.0 0
43 5000 3.61392903328 -4999.0 0
44 5000 3.70764493942 -4999.0 0
45 5000 3.4937441349 -4999.0 0
46 5000 3.62325716019 -4999.0 0
47 5000 3.63989710808 -4999.0 0
48 5000 3.5852458477 -4999.0 0
49 5000 3.6001830101 -4999.0 0
