trial, number of steps, runtime, accumulated reward, termination
0 1484 0.769896030426 -1482.0 1
1 5000 2.75694203377 -4999.0 0
2 5000 3.38390898705 -4999.0 0
3 5000 3.75657200813 -4999.0 0
4 5000 4.04090595245 -4999.0 0
5 5000 3.72663593292 -4999.0 0
6 5000 3.62116003036 -4999.0 0
7 5000 3.43752002716 -4999.0 0
8 5000 4.07373404503 -4999.0 0
9 5000 3.72699308395 -4999.0 0
10 5000 3.97060990334 -4999.0 0
11 5000 3.70645999908 -4999.0 0
12 5000 3.78430294991 -4999.0 0
13 5000 3.59077501297 -4999.0 0
14 5000 3.60120391846 -4999.0 0
15 5000 3.79410290718 -4999.0 0
16 5000 3.60669112206 -4999.0 0
17 5000 3.38246798515 -4999.0 0
18 5000 3.80150699615 -4999.0 0
19 5000 3.83137822151 -4999.0 0
20 5000 3.60993599892 -4999.0 0
21 5000 3.73451900482 -4999.0 0
22 5000 3.57420015335 -4999.0 0
23 5000 3.50772309303 -4999.0 0
24 5000 3.41192007065 -4999.0 0
25 5000 3.82317590714 -4999.0 0
26 5000 3.92152190208 -4999.0 0
27 5000 3.74464797974 -4999.0 0
28 5000 3.63925290108 -4999.0 0
29 5000 3.65759801865 -4999.0 0
30 5000 3.75731801987 -4999.0 0
31 5000 3.76829600334 -4999.0 0
32 5000 3.73679804802 -4999.0 0
33 5000 3.98402309418 -4999.0 0
34 5000 3.96628499031 -4999.0 0
35 5000 3.57009792328 -4999.0 0
36 5000 3.82172203064 -4999.0 0
37 5000 3.78618383408 -4999.0 0
38 5000 3.57924389839 -4999.0 0
39 5000 3.54391098022 -4999.0 0
40 5000 3.37589097023 -4999.0 0
41 5000 3.50843214989 -4999.0 0
42 5000 3.36059999466 -4999.0 0
43 5000 3.63425302505 -4999.0 0
44 5000 4.09920692444 -4999.0 0
45 5000 3.58989787102 -4999.0 0
46 5000 3.9168279171 -4999.0 0
47 5000 3.68468379974 -4999.0 0
48 5000 3.43105506897 -4999.0 0
49 5000 3.67231297493 -4999.0 0
0 1484 0.862114906311 -1482.0 1
1 5000 2.78742909431 -4999.0 0
2 5000 3.62332510948 -4999.0 0
3 5000 3.68829107285 -4999.0 0
4 5000 3.66315889359 -4999.0 0
5 5000 3.74231505394 -4999.0 0
6 5000 4.09429502487 -4999.0 0
7 5000 4.11956310272 -4999.0 0
8 5000 4.22517299652 -4999.0 0
9 5000 4.146930933 -4999.0 0
10 5000 3.67775511742 -4999.0 0
11 5000 3.54469394684 -4999.0 0
12 5000 3.784263134 -4999.0 0
13 5000 4.27976489067 -4999.0 0
14 5000 3.44209480286 -4999.0 0
15 5000 3.44392609596 -4999.0 0
16 5000 3.39344596863 -4999.0 0
17 5000 3.86065793037 -4999.0 0
18 5000 4.60188913345 -4999.0 0
19 5000 4.31318807602 -4999.0 0
20 5000 4.01146101952 -4999.0 0
21 5000 3.6280298233 -4999.0 0
22 5000 3.69173312187 -4999.0 0
23 5000 3.92023205757 -4999.0 0
24 5000 4.20068693161 -4999.0 0
25 5000 3.58084392548 -4999.0 0
26 5000 3.67561006546 -4999.0 0
27 5000 3.69782710075 -4999.0 0
28 5000 3.51005506516 -4999.0 0
29 5000 3.62098789215 -4999.0 0
30 5000 3.51768898964 -4999.0 0
31 5000 3.57821297646 -4999.0 0
32 5000 3.52872300148 -4999.0 0
33 5000 3.88816809654 -4999.0 0
34 5000 3.51420903206 -4999.0 0
35 5000 3.67304897308 -4999.0 0
36 5000 3.58331203461 -4999.0 0
37 5000 4.22751712799 -4999.0 0
38 5000 3.59678602219 -4999.0 0
39 5000 3.60743498802 -4999.0 0
40 5000 3.52280807495 -4999.0 0
41 5000 3.37993001938 -4999.0 0
42 5000 3.18155384064 -4999.0 0
43 5000 4.04718184471 -4999.0 0
44 5000 3.57235407829 -4999.0 0
45 5000 3.52427005768 -4999.0 0
46 5000 3.48284697533 -4999.0 0
47 5000 3.45373392105 -4999.0 0
48 5000 3.47019386292 -4999.0 0
49 5000 3.43143391609 -4999.0 0
0 1484 0.789547204971 -1482.0 1
1 5000 2.64369010925 -4999.0 0
2 5000 3.49734687805 -4999.0 0
3 5000 3.64258003235 -4999.0 0
4 5000 3.7428290844 -4999.0 0
5 5000 3.55521202087 -4999.0 0
6 5000 3.56855201721 -4999.0 0
7 5000 3.69628000259 -4999.0 0
8 5000 3.83454203606 -4999.0 0
9 5000 3.52083396912 -4999.0 0
10 5000 3.52232694626 -4999.0 0
11 5000 3.61813116074 -4999.0 0
12 5000 3.49133110046 -4999.0 0
13 5000 4.04658985138 -4999.0 0
14 5000 3.79649114609 -4999.0 0
15 5000 3.58046913147 -4999.0 0
16 5000 3.5511200428 -4999.0 0
17 5000 3.60203003883 -4999.0 0
18 5000 3.57167315483 -4999.0 0
19 5000 3.58537197113 -4999.0 0
20 5000 3.51534581184 -4999.0 0
21 5000 3.54515099525 -4999.0 0
22 5000 3.76629400253 -4999.0 0
23 5000 3.77688598633 -4999.0 0
24 5000 3.58224606514 -4999.0 0
25 5000 3.40087199211 -4999.0 0
26 5000 3.62982201576 -4999.0 0
27 5000 3.52402591705 -4999.0 0
28 5000 3.58538603783 -4999.0 0
29 5000 3.68189811707 -4999.0 0
30 5000 3.81361579895 -4999.0 0
31 5000 3.68079090118 -4999.0 0
32 5000 3.85144305229 -4999.0 0
33 5000 3.81659698486 -4999.0 0
34 5000 3.9802031517 -4999.0 0
35 5000 3.72324895859 -4999.0 0
36 5000 3.71759605408 -4999.0 0
37 5000 3.71209216118 -4999.0 0
38 5000 3.8307299614 -4999.0 0
39 5000 3.8149330616 -4999.0 0
40 5000 3.71097183228 -4999.0 0
41 5000 3.83936285973 -4999.0 0
42 5000 3.40999293327 -4999.0 0
43 5000 3.51818299294 -4999.0 0
44 5000 3.70213913918 -4999.0 0
45 5000 3.68799614906 -4999.0 0
46 5000 3.68143510818 -4999.0 0
47 5000 3.60696816444 -4999.0 0
48 5000 3.6290371418 -4999.0 0
49 5000 3.55036997795 -4999.0 0
0 1484 0.817049026489 -1482.0 1
1 5000 2.77981495857 -4999.0 0
2 5000 3.55978107452 -4999.0 0
3 5000 3.5672981739 -4999.0 0
4 5000 3.56116485596 -4999.0 0
5 5000 3.55363297462 -4999.0 0
6 5000 3.62927293777 -4999.0 0
7 5000 3.62748408318 -4999.0 0
8 5000 3.5759999752 -4999.0 0
9 5000 3.49097490311 -4999.0 0
10 5000 3.85775208473 -4999.0 0
11 5000 3.90315389633 -4999.0 0
12 5000 3.57048511505 -4999.0 0
13 5000 3.72360491753 -4999.0 0
14 5000 3.67055106163 -4999.0 0
15 5000 3.31799316406 -4999.0 0
16 5000 3.40816402435 -4999.0 0
17 5000 3.49256491661 -4999.0 0
18 5000 3.57065582275 -4999.0 0
19 5000 3.59624505043 -4999.0 0
20 5000 3.57947301865 -4999.0 0
21 5000 3.66358399391 -4999.0 0
22 5000 3.85635495186 -4999.0 0
23 5000 3.56311988831 -4999.0 0
24 5000 3.73294615746 -4999.0 0
25 5000 3.57260107994 -4999.0 0
26 5000 3.31373500824 -4999.0 0
27 5000 3.49152517319 -4999.0 0
28 5000 3.62027287483 -4999.0 0
29 5000 3.78396010399 -4999.0 0
30 5000 3.96696686745 -4999.0 0
31 5000 3.75812315941 -4999.0 0
32 5000 3.53372812271 -4999.0 0
33 5000 3.56968092918 -4999.0 0
34 5000 3.55412602425 -4999.0 0
35 5000 3.34338402748 -4999.0 0
36 5000 3.50906896591 -4999.0 0
37 5000 3.56379199028 -4999.0 0
38 5000 3.64580392838 -4999.0 0
39 5000 3.49832701683 -4999.0 0
40 5000 3.78023386002 -4999.0 0
41 5000 3.85736393929 -4999.0 0
42 5000 3.84855508804 -4999.0 0
43 5000 3.72158384323 -4999.0 0
44 5000 3.38684606552 -4999.0 0
45 5000 3.5644569397 -4999.0 0
46 5000 3.81170201302 -4999.0 0
47 5000 3.69655990601 -4999.0 0
48 5000 3.91878986359 -4999.0 0
49 5000 3.86939191818 -4999.0 0
0 1484 0.873465061188 -1482.0 1
1 5000 2.65863704681 -4999.0 0
2 5000 3.49033904076 -4999.0 0
3 5000 3.41267609596 -4999.0 0
4 5000 3.53535485268 -4999.0 0
5 5000 3.57896900177 -4999.0 0
6 5000 3.80330109596 -4999.0 0
7 5000 3.94717407227 -4999.0 0
8 5000 3.60757398605 -4999.0 0
9 5000 3.65014696121 -4999.0 0
10 5000 3.79167580605 -4999.0 0
11 5000 4.0131149292 -4999.0 0
12 5000 3.59880495071 -4999.0 0
13 5000 4.13121914864 -4999.0 0
14 5000 3.59599089622 -4999.0 0
15 5000 3.85103011131 -4999.0 0
16 5000 3.53832101822 -4999.0 0
17 5000 3.80167984962 -4999.0 0
18 5000 3.77248311043 -4999.0 0
19 5000 3.61645698547 -4999.0 0
20 5000 4.00541996956 -4999.0 0
21 5000 3.78579998016 -4999.0 0
22 5000 3.56282305717 -4999.0 0
23 5000 4.13323998451 -4999.0 0
24 5000 3.60318112373 -4999.0 0
25 5000 3.71473288536 -4999.0 0
26 5000 3.56244778633 -4999.0 0
27 5000 3.60054898262 -4999.0 0
28 5000 3.74484181404 -4999.0 0
29 5000 3.4675450325 -4999.0 0
30 5000 3.58785009384 -4999.0 0
31 5000 3.88957881927 -4999.0 0
32 5000 3.71134185791 -4999.0 0
33 5000 3.50814604759 -4999.0 0
34 5000 3.66045808792 -4999.0 0
35 5000 3.75446200371 -4999.0 0
36 5000 4.06667494774 -4999.0 0
37 5000 3.66134190559 -4999.0 0
38 5000 3.46679186821 -4999.0 0
39 5000 3.52718496323 -4999.0 0
40 5000 3.87213301659 -4999.0 0
41 5000 3.79758787155 -4999.0 0
42 5000 3.8256251812 -4999.0 0
43 5000 3.65229606628 -4999.0 0
44 5000 3.90730190277 -4999.0 0
45 5000 3.67658996582 -4999.0 0
46 5000 3.66691398621 -4999.0 0
47 5000 3.76941609383 -4999.0 0
48 5000 3.79631900787 -4999.0 0
49 5000 3.64214491844 -4999.0 0
0 1484 1.0438170433 -1482.0 1
1 5000 3.34667205811 -4999.0 0
2 5000 3.99118995667 -4999.0 0
3 5000 3.63746500015 -4999.0 0
4 5000 3.71738004684 -4999.0 0
5 5000 3.43078780174 -4999.0 0
6 5000 3.8856511116 -4999.0 0
7 5000 3.61136603355 -4999.0 0
8 5000 3.71595788002 -4999.0 0
9 5000 3.51408696175 -4999.0 0
10 5000 3.43320798874 -4999.0 0
11 5000 3.47836399078 -4999.0 0
12 5000 3.71016788483 -4999.0 0
13 5000 3.74376893044 -4999.0 0
14 5000 3.59005498886 -4999.0 0
15 5000 3.53380084038 -4999.0 0
16 5000 4.07311201096 -4999.0 0
17 5000 3.48404097557 -4999.0 0
18 5000 3.74922299385 -4999.0 0
19 5000 3.83395290375 -4999.0 0
20 5000 3.76168704033 -4999.0 0
21 5000 3.84197306633 -4999.0 0
22 5000 3.65050792694 -4999.0 0
23 5000 3.64532613754 -4999.0 0
24 5000 3.71302294731 -4999.0 0
25 5000 3.67826914787 -4999.0 0
26 5000 3.89500689507 -4999.0 0
27 5000 4.00846719742 -4999.0 0
28 5000 4.04317712784 -4999.0 0
29 5000 3.69175195694 -4999.0 0
30 5000 3.65646409988 -4999.0 0
31 5000 3.65773296356 -4999.0 0
32 5000 3.91436696053 -4999.0 0
33 5000 3.65344309807 -4999.0 0
34 5000 3.71396899223 -4999.0 0
35 5000 4.03605103493 -4999.0 0
36 5000 4.05634498596 -4999.0 0
37 5000 3.8083820343 -4999.0 0
38 5000 3.75467801094 -4999.0 0
39 5000 3.49464201927 -4999.0 0
40 5000 3.42258191109 -4999.0 0
41 5000 3.68109297752 -4999.0 0
42 5000 3.78493094444 -4999.0 0
43 5000 3.77652597427 -4999.0 0
44 5000 3.69006204605 -4999.0 0
45 5000 3.64056396484 -4999.0 0
46 5000 3.45129489899 -4999.0 0
47 5000 3.70691084862 -4999.0 0
48 5000 3.57051897049 -4999.0 0
49 5000 3.64211797714 -4999.0 0
0 1484 0.822552919388 -1482.0 1
1 5000 2.82955002785 -4999.0 0
2 5000 3.71671414375 -4999.0 0
3 5000 3.65293812752 -4999.0 0
4 5000 3.69411587715 -4999.0 0
5 5000 4.73265385628 -4999.0 0
6 5000 4.95493388176 -4999.0 0
7 5000 4.42790389061 -4999.0 0
8 5000 3.40880513191 -4999.0 0
9 5000 3.49688601494 -4999.0 0
10 5000 3.56368398666 -4999.0 0
11 5000 3.56899404526 -4999.0 0
12 5000 3.46883511543 -4999.0 0
13 5000 3.73716497421 -4999.0 0
14 5000 4.05221605301 -4999.0 0
15 5000 3.50157594681 -4999.0 0
16 5000 3.89183998108 -4999.0 0
17 5000 4.13438105583 -4999.0 0
18 5000 4.08312416077 -4999.0 0
19 5000 3.42617607117 -4999.0 0
20 5000 3.6467602253 -4999.0 0
21 5000 3.79383397102 -4999.0 0
22 5000 3.73724484444 -4999.0 0
23 5000 3.56284809113 -4999.0 0
24 5000 3.89607191086 -4999.0 0
25 5000 3.83430695534 -4999.0 0
26 5000 3.96778082848 -4999.0 0
27 5000 3.69386005402 -4999.0 0
28 5000 3.99315309525 -4999.0 0
29 5000 3.83773708344 -4999.0 0
30 5000 4.07858300209 -4999.0 0
31 5000 3.91143894196 -4999.0 0
32 5000 3.76564002037 -4999.0 0
33 5000 3.86796188354 -4999.0 0
34 5000 3.95043182373 -4999.0 0
35 5000 3.66442108154 -4999.0 0
36 5000 3.66693115234 -4999.0 0
37 5000 3.63391304016 -4999.0 0
38 5000 3.82601714134 -4999.0 0
39 5000 3.65200018883 -4999.0 0
40 5000 3.97858595848 -4999.0 0
41 5000 3.75131797791 -4999.0 0
42 5000 3.81642889977 -4999.0 0
43 5000 3.72878813744 -4999.0 0
44 5000 3.76022696495 -4999.0 0
45 5000 3.51332807541 -4999.0 0
46 5000 3.68608212471 -4999.0 0
47 5000 3.76513290405 -4999.0 0
48 5000 3.67537999153 -4999.0 0
49 5000 3.56040716171 -4999.0 0
0 1484 0.822375059128 -1482.0 1
1 5000 2.83060598373 -4999.0 0
2 5000 3.63758397102 -4999.0 0
3 5000 3.65781998634 -4999.0 0
4 5000 3.63095116615 -4999.0 0
5 5000 3.82417011261 -4999.0 0
6 5000 3.77811288834 -4999.0 0
7 5000 4.26491808891 -4999.0 0
8 5000 4.46814393997 -4999.0 0
9 5000 3.3735499382 -4999.0 0
10 5000 3.68659806252 -4999.0 0
11 5000 3.74376106262 -4999.0 0
12 5000 3.48661804199 -4999.0 0
13 5000 3.69424295425 -4999.0 0
14 5000 3.45468592644 -4999.0 0
15 5000 3.60634493828 -4999.0 0
16 5000 3.67908906937 -4999.0 0
17 5000 4.04804706573 -4999.0 0
18 5000 3.74214100838 -4999.0 0
19 5000 3.71174407005 -4999.0 0
20 5000 3.70762491226 -4999.0 0
21 5000 3.69341397285 -4999.0 0
22 5000 3.46493577957 -4999.0 0
23 5000 3.93546819687 -4999.0 0
24 5000 3.83787989616 -4999.0 0
25 5000 3.77727985382 -4999.0 0
26 5000 4.36933302879 -4999.0 0
27 5000 3.50118899345 -4999.0 0
28 5000 3.6733648777 -4999.0 0
29 5000 3.80907011032 -4999.0 0
30 5000 3.52724218369 -4999.0 0
31 5000 3.78083896637 -4999.0 0
32 5000 3.85184502602 -4999.0 0
33 5000 3.74970197678 -4999.0 0
34 5000 3.45462989807 -4999.0 0
35 5000 3.4799258709 -4999.0 0
36 5000 3.54292392731 -4999.0 0
37 5000 3.53334593773 -4999.0 0
38 5000 3.45595598221 -4999.0 0
39 5000 3.48242092133 -4999.0 0
40 5000 3.56792902946 -4999.0 0
41 5000 3.42105507851 -4999.0 0
42 5000 3.68882489204 -4999.0 0
43 5000 3.85739994049 -4999.0 0
44 5000 4.11496400833 -4999.0 0
45 5000 3.63712096214 -4999.0 0
46 5000 3.62210392952 -4999.0 0
47 5000 3.73521614075 -4999.0 0
48 5000 3.63714885712 -4999.0 0
49 5000 4.01160216331 -4999.0 0
0 1484 0.841172933578 -1482.0 1
1 5000 2.89662790298 -4999.0 0
2 5000 3.78257703781 -4999.0 0
3 5000 3.8386900425 -4999.0 0
4 5000 3.72408390045 -4999.0 0
5 5000 3.6509180069 -4999.0 0
6 5000 3.83296394348 -4999.0 0
7 5000 3.74077796936 -4999.0 0
8 5000 3.61482095718 -4999.0 0
9 5000 3.52380514145 -4999.0 0
10 5000 3.65537905693 -4999.0 0
11 5000 3.76989507675 -4999.0 0
12 5000 3.70623683929 -4999.0 0
13 5000 3.72780203819 -4999.0 0
14 5000 3.77511000633 -4999.0 0
15 5000 3.94466590881 -4999.0 0
16 5000 3.54136800766 -4999.0 0
17 5000 3.81186890602 -4999.0 0
18 5000 3.92241096497 -4999.0 0
19 5000 3.81337499619 -4999.0 0
20 5000 3.45964217186 -4999.0 0
21 5000 3.92160606384 -4999.0 0
22 5000 3.65886807442 -4999.0 0
23 5000 3.69319486618 -4999.0 0
24 5000 4.08782100677 -4999.0 0
25 5000 3.98197007179 -4999.0 0
26 5000 3.81988382339 -4999.0 0
27 5000 3.8756840229 -4999.0 0
28 5000 3.73669600487 -4999.0 0
29 5000 3.79382205009 -4999.0 0
30 5000 3.48970890045 -4999.0 0
31 5000 3.58101582527 -4999.0 0
32 5000 3.47332906723 -4999.0 0
33 5000 3.37171888351 -4999.0 0
34 5000 3.60907697678 -4999.0 0
35 5000 3.62442684174 -4999.0 0
36 5000 3.65341591835 -4999.0 0
37 5000 3.63387513161 -4999.0 0
38 5000 3.66149806976 -4999.0 0
39 5000 3.81212997437 -4999.0 0
40 5000 3.677287817 -4999.0 0
41 5000 3.61277914047 -4999.0 0
42 5000 3.63650488853 -4999.0 0
43 5000 3.83536100388 -4999.0 0
44 5000 3.61633896828 -4999.0 0
45 5000 3.88986706734 -4999.0 0
46 5000 3.81596112251 -4999.0 0
47 5000 3.67554497719 -4999.0 0
48 5000 3.72668099403 -4999.0 0
49 5000 3.58718085289 -4999.0 0
0 1484 0.900315999985 -1482.0 1
1 5000 3.1813659668 -4999.0 0
2 5000 3.80333089828 -4999.0 0
3 5000 3.7155790329 -4999.0 0
4 5000 3.51337504387 -4999.0 0
5 5000 3.67560005188 -4999.0 0
6 5000 3.80938410759 -4999.0 0
7 5000 3.88578891754 -4999.0 0
8 5000 3.86858296394 -4999.0 0
9 5000 3.5822160244 -4999.0 0
10 5000 3.76054906845 -4999.0 0
11 5000 3.62305879593 -4999.0 0
12 5000 3.75353312492 -4999.0 0
13 5000 3.65303993225 -4999.0 0
14 5000 3.76247215271 -4999.0 0
15 5000 3.70134615898 -4999.0 0
16 5000 4.22830891609 -4999.0 0
17 5000 4.38305997849 -4999.0 0
18 5000 3.67042613029 -4999.0 0
19 5000 3.59887099266 -4999.0 0
20 5000 3.70488095284 -4999.0 0
21 5000 3.81559109688 -4999.0 0
22 5000 3.65830397606 -4999.0 0
23 5000 3.91183805466 -4999.0 0
24 5000 3.69565200806 -4999.0 0
25 5000 3.80109405518 -4999.0 0
26 5000 3.82447218895 -4999.0 0
27 5000 3.64620399475 -4999.0 0
28 5000 3.61657190323 -4999.0 0
29 5000 3.66505599022 -4999.0 0
30 5000 3.73831295967 -4999.0 0
31 5000 3.80182814598 -4999.0 0
32 5000 3.78883600235 -4999.0 0
33 5000 3.82376098633 -4999.0 0
34 5000 3.75611901283 -4999.0 0
35 5000 3.83130407333 -4999.0 0
36 5000 3.7874751091 -4999.0 0
37 5000 3.65707087517 -4999.0 0
38 5000 3.85051989555 -4999.0 0
39 5000 3.7449028492 -4999.0 0
40 5000 4.13512206078 -4999.0 0
41 5000 3.91528201103 -4999.0 0
42 5000 3.779722929 -4999.0 0
43 5000 3.8123459816 -4999.0 0
44 5000 3.89040112495 -4999.0 0
45 5000 3.96598505974 -4999.0 0
46 5000 3.67224693298 -4999.0 0
47 5000 3.63712406158 -4999.0 0
48 5000 3.60458302498 -4999.0 0
49 5000 4.43495607376 -4999.0 0
