trial, number of steps, runtime, accumulated reward, termination
0 11 0.00426602363586 8.0 1
1 9 0.013277053833 6.0 1
2 10 0.00351786613464 7.0 1
3 11 0.0205099582672 8.0 1
4 8 0.0029079914093 5.0 1
5 9 0.00329089164734 6.0 1
6 10 0.0167970657349 7.0 1
7 12 0.00439596176147 9.0 1
8 12 0.0128679275513 9.0 1
9 12 0.00426483154297 9.0 1
10 12 0.00704288482666 9.0 1
11 10 0.00320100784302 7.0 1
12 11 0.00387597084045 8.0 1
13 11 0.00576090812683 8.0 1
14 10 0.00348305702209 7.0 1
15 12 0.00644683837891 9.0 1
16 10 0.00783896446228 7.0 1
17 12 0.00474381446838 9.0 1
18 9 0.00400495529175 6.0 1
19 12 0.00484085083008 9.0 1
20 10 0.0081570148468 7.0 1
21 10 0.00390601158142 7.0 1
22 11 0.00421595573425 8.0 1
23 12 0.00474095344543 9.0 1
24 12 0.00476408004761 9.0 1
25 9 0.00352811813354 6.0 1
26 11 0.00439786911011 8.0 1
27 9 0.00425100326538 6.0 1
28 8 0.00307607650757 5.0 1
29 9 0.00354814529419 6.0 1
30 10 0.00415110588074 7.0 1
31 9 0.00353598594666 6.0 1
32 10 0.00394201278687 7.0 1
33 10 0.00392985343933 7.0 1
34 9 0.00354814529419 6.0 1
35 8 0.00322294235229 5.0 1
36 12 0.00475811958313 9.0 1
37 12 0.00510001182556 9.0 1
38 11 0.00444197654724 8.0 1
39 9 0.00360679626465 6.0 1
40 9 0.00376796722412 6.0 1
41 12 0.00487208366394 9.0 1
42 9 0.00383591651917 6.0 1
43 9 0.00343799591064 6.0 1
44 9 0.00332117080688 6.0 1
45 8 0.00288200378418 5.0 1
46 10 0.00393509864807 7.0 1
47 11 0.0042290687561 8.0 1
48 11 0.00449299812317 8.0 1
49 10 0.00395488739014 7.0 1
0 10 0.00401210784912 7.0 1
1 9 0.00352787971497 6.0 1
2 9 0.00356101989746 6.0 1
3 10 0.00387096405029 7.0 1
4 9 0.00332403182983 6.0 1
5 8 0.00301384925842 5.0 1
6 10 0.00408887863159 7.0 1
7 11 0.0046820640564 8.0 1
8 9 0.00327801704407 6.0 1
9 11 0.00399208068848 8.0 1
10 15 0.00546789169312 12.0 1
11 10 0.00430107116699 7.0 1
12 11 0.00471901893616 8.0 1
13 8 0.00357484817505 5.0 1
14 9 0.00348997116089 6.0 1
15 12 0.00583600997925 9.0 1
16 8 0.00312185287476 5.0 1
17 9 0.00370407104492 6.0 1
18 9 0.00433897972107 6.0 1
19 12 0.00508522987366 9.0 1
20 10 0.00636410713196 7.0 1
21 8 0.00449419021606 5.0 1
22 8 0.00284600257874 5.0 1
23 10 0.00358295440674 7.0 1
24 10 0.00356197357178 7.0 1
25 14 0.00580811500549 11.0 1
26 9 0.0034658908844 6.0 1
27 10 0.00437116622925 7.0 1
28 8 0.00294303894043 5.0 1
29 9 0.00399613380432 6.0 1
30 8 0.00370788574219 5.0 1
31 12 0.00549292564392 9.0 1
32 8 0.00341796875 5.0 1
33 13 0.00543689727783 10.0 1
34 11 0.00402879714966 8.0 1
35 12 0.00437498092651 9.0 1
36 8 0.00282406806946 5.0 1
37 11 0.00489497184753 8.0 1
38 11 0.00552415847778 8.0 1
39 9 0.00390100479126 6.0 1
40 14 0.00684905052185 11.0 1
41 13 0.00637078285217 10.0 1
42 10 0.00474691390991 7.0 1
43 11 0.00506901741028 8.0 1
44 13 0.0058650970459 10.0 1
45 11 0.00518894195557 8.0 1
46 11 0.00499606132507 8.0 1
47 12 0.00567412376404 9.0 1
48 10 0.00446510314941 7.0 1
49 8 0.00384998321533 5.0 1
0 13 0.00624108314514 10.0 1
1 76 0.0373139381409 73.0 1
2 64 0.0320289134979 61.0 1
3 46 0.0224618911743 43.0 1
4 40 0.0190708637238 37.0 1
5 82 0.040764093399 79.0 1
6 126 0.0600118637085 123.0 1
7 88 0.0352811813354 85.0 1
8 98 0.0441451072693 95.0 1
9 77 0.0331840515137 74.0 1
10 94 0.0390160083771 91.0 1
11 39 0.0156729221344 36.0 1
12 51 0.0201749801636 48.0 1
13 122 0.0507321357727 119.0 1
14 47 0.0195529460907 44.0 1
15 173 0.0691468715668 170.0 1
16 153 0.0656380653381 150.0 1
17 355 0.180419921875 352.0 1
18 15 0.00645589828491 12.0 1
19 175 0.0742650032043 172.0 1
20 315 0.132777929306 312.0 1
21 86 0.0380830764771 83.0 1
22 158 0.0728688240051 155.0 1
23 14 0.00606393814087 11.0 1
24 90 0.0399408340454 87.0 1
25 359 0.154085159302 356.0 1
26 354 0.146784067154 351.0 1
27 458 0.191020011902 455.0 1
28 5000 2.14519119263 4999.0 0
29 5000 2.05365610123 4999.0 0
30 5000 2.34263706207 4999.0 0
31 5000 2.2197740078 4999.0 0
32 5000 2.09180998802 4999.0 0
33 5000 2.04370212555 4999.0 0
34 5000 2.34272503853 4999.0 0
35 5000 2.30986404419 4999.0 0
36 5000 2.10768699646 4999.0 0
37 5000 2.34972691536 4999.0 0
38 5000 2.34929585457 4999.0 0
39 5000 2.38923001289 4999.0 0
40 5000 2.31954598427 4999.0 0
41 5000 2.12092399597 4999.0 0
42 5000 2.22029304504 4999.0 0
43 5000 2.22264885902 4999.0 0
44 5000 2.2499499321 4999.0 0
45 5000 2.20509290695 4999.0 0
46 5000 2.17018198967 4999.0 0
47 5000 2.17100191116 4999.0 0
48 5000 2.15561699867 4999.0 0
49 5000 2.19518995285 4999.0 0
0 12 0.00489115715027 9.0 1
1 8 0.00310587882996 5.0 1
2 9 0.00347900390625 6.0 1
3 8 0.0030460357666 5.0 1
4 8 0.00303792953491 5.0 1
5 10 0.00391793251038 7.0 1
6 10 0.00388312339783 7.0 1
7 8 0.0030779838562 5.0 1
8 9 0.00348806381226 6.0 1
9 10 0.00387978553772 7.0 1
10 11 0.00428318977356 8.0 1
11 12 0.00472092628479 9.0 1
12 11 0.00427103042603 8.0 1
13 9 0.0034601688385 6.0 1
14 9 0.00347018241882 6.0 1
15 12 0.004714012146 9.0 1
16 11 0.00431203842163 8.0 1
17 10 0.00386595726013 7.0 1
18 12 0.00470805168152 9.0 1
19 10 0.0038731098175 7.0 1
20 8 0.00303792953491 5.0 1
21 9 0.00344300270081 6.0 1
22 8 0.00310397148132 5.0 1
23 11 0.00430107116699 8.0 1
24 9 0.00347089767456 6.0 1
25 10 0.00390100479126 7.0 1
26 10 0.00388097763062 7.0 1
27 10 0.0039210319519 7.0 1
28 12 0.00472116470337 9.0 1
29 12 0.00472021102905 9.0 1
30 9 0.00349593162537 6.0 1
31 12 0.0048999786377 9.0 1
32 12 0.00475597381592 9.0 1
33 8 0.00295090675354 5.0 1
34 11 0.00433301925659 8.0 1
35 11 0.00438904762268 8.0 1
36 8 0.00307393074036 5.0 1
37 9 0.00347495079041 6.0 1
38 12 0.00477600097656 9.0 1
39 11 0.00430107116699 8.0 1
40 9 0.00344681739807 6.0 1
41 13 0.0051600933075 10.0 1
42 12 0.00476503372192 9.0 1
43 11 0.00429201126099 8.0 1
44 10 0.00392389297485 7.0 1
45 8 0.00305414199829 5.0 1
46 10 0.00390601158142 7.0 1
47 13 0.00513792037964 10.0 1
48 10 0.00391101837158 7.0 1
49 11 0.0043158531189 8.0 1
0 9 0.00356388092041 6.0 1
1 10 0.00388312339783 7.0 1
2 11 0.00428605079651 8.0 1
3 11 0.00436687469482 8.0 1
4 8 0.00305104255676 5.0 1
5 11 0.00430297851562 8.0 1
6 10 0.00392389297485 7.0 1
7 11 0.00433897972107 8.0 1
8 12 0.00471901893616 9.0 1
9 8 0.00308799743652 5.0 1
10 12 0.00469708442688 9.0 1
11 12 0.004723072052 9.0 1
12 12 0.00480699539185 9.0 1
13 12 0.00476002693176 9.0 1
14 13 0.00514006614685 10.0 1
15 8 0.00308394432068 5.0 1
16 9 0.00354218482971 6.0 1
17 11 0.00433301925659 8.0 1
18 10 0.00391387939453 7.0 1
19 12 0.00475192070007 9.0 1
20 12 0.00479316711426 9.0 1
21 9 0.00345802307129 6.0 1
22 10 0.00388407707214 7.0 1
23 12 0.00473213195801 9.0 1
24 10 0.00389790534973 7.0 1
25 9 0.00352597236633 6.0 1
26 12 0.00471997261047 9.0 1
27 12 0.00477409362793 9.0 1
28 8 0.0030300617218 5.0 1
29 9 0.00344300270081 6.0 1
30 10 0.00388503074646 7.0 1
31 12 0.0047070980072 9.0 1
32 8 0.00303602218628 5.0 1
33 8 0.00307512283325 5.0 1
34 9 0.00353002548218 6.0 1
35 10 0.00396513938904 7.0 1
36 10 0.0040009021759 7.0 1
37 13 0.00529003143311 10.0 1
38 10 0.00398206710815 7.0 1
39 10 0.0041229724884 7.0 1
40 8 0.00323486328125 5.0 1
41 13 0.0054759979248 10.0 1
42 11 0.00453591346741 8.0 1
43 10 0.00421690940857 7.0 1
44 11 0.00467395782471 8.0 1
45 12 0.00511407852173 9.0 1
46 12 0.0051441192627 9.0 1
47 12 0.00511002540588 9.0 1
48 10 0.00404500961304 7.0 1
49 12 0.00496006011963 9.0 1
0 8 0.00358700752258 5.0 1
1 10 0.00405216217041 7.0 1
2 9 0.00360989570618 6.0 1
3 9 0.00368118286133 6.0 1
4 9 0.0036940574646 6.0 1
5 8 0.00324821472168 5.0 1
6 9 0.00369501113892 6.0 1
7 9 0.00374007225037 6.0 1
8 10 0.00411176681519 7.0 1
9 8 0.00321698188782 5.0 1
10 10 0.00406813621521 7.0 1
11 10 0.00409388542175 7.0 1
12 11 0.00454616546631 8.0 1
13 10 0.00416111946106 7.0 1
14 11 0.00450301170349 8.0 1
15 8 0.00322079658508 5.0 1
16 11 0.00453901290894 8.0 1
17 10 0.004065990448 7.0 1
18 10 0.00417494773865 7.0 1
19 9 0.00374579429626 6.0 1
20 11 0.00463008880615 8.0 1
21 11 0.00486016273499 8.0 1
22 9 0.00393605232239 6.0 1
23 8 0.00339698791504 5.0 1
24 10 0.00432682037354 7.0 1
25 8 0.00340104103088 5.0 1
26 10 0.00439500808716 7.0 1
27 11 0.0048840045929 8.0 1
28 9 0.0038468837738 6.0 1
29 8 0.00341701507568 5.0 1
30 9 0.00392484664917 6.0 1
31 12 0.00524592399597 9.0 1
32 12 0.00502991676331 9.0 1
33 10 0.00415706634521 7.0 1
34 10 0.0041139125824 7.0 1
35 9 0.00375890731812 6.0 1
36 11 0.00465893745422 8.0 1
37 11 0.00460314750671 8.0 1
38 11 0.00461578369141 8.0 1
39 11 0.00458812713623 8.0 1
40 11 0.00458312034607 8.0 1
41 12 0.00527715682983 9.0 1
42 11 0.00470185279846 8.0 1
43 12 0.00517511367798 9.0 1
44 10 0.00427293777466 7.0 1
45 11 0.0047459602356 8.0 1
46 13 0.00567984580994 10.0 1
47 8 0.00338292121887 5.0 1
48 13 0.00549793243408 10.0 1
49 12 0.00510096549988 9.0 1
0 12 0.00517606735229 9.0 1
1 9 0.00366497039795 6.0 1
2 9 0.00376486778259 6.0 1
3 8 0.00322699546814 5.0 1
4 8 0.00330781936646 5.0 1
5 12 0.00511693954468 9.0 1
6 8 0.00326609611511 5.0 1
7 11 0.00476789474487 8.0 1
8 9 0.00357890129089 6.0 1
9 11 0.0044059753418 8.0 1
10 10 0.00398707389832 7.0 1
11 12 0.00490808486938 9.0 1
12 10 0.00400519371033 7.0 1
13 11 0.00445508956909 8.0 1
14 13 0.00510501861572 10.0 1
15 8 0.0031201839447 5.0 1
16 12 0.00475597381592 9.0 1
17 8 0.00312805175781 5.0 1
18 9 0.00351905822754 6.0 1
19 11 0.00443410873413 8.0 1
20 11 0.00443196296692 8.0 1
21 10 0.00396800041199 7.0 1
22 11 0.00445103645325 8.0 1
23 10 0.00398802757263 7.0 1
24 12 0.00486183166504 9.0 1
25 10 0.00399112701416 7.0 1
26 10 0.00394082069397 7.0 1
27 11 0.00435018539429 8.0 1
28 9 0.00349879264832 6.0 1
29 9 0.00354099273682 6.0 1
30 9 0.00353693962097 6.0 1
31 9 0.00354790687561 6.0 1
32 8 0.00315284729004 5.0 1
33 12 0.00482702255249 9.0 1
34 10 0.00391912460327 7.0 1
35 11 0.00436496734619 8.0 1
36 12 0.00481200218201 9.0 1
37 8 0.00312495231628 5.0 1
38 13 0.00525498390198 10.0 1
39 10 0.00403785705566 7.0 1
40 10 0.0040819644928 7.0 1
41 9 0.00358486175537 6.0 1
42 8 0.00310516357422 5.0 1
43 10 0.00394082069397 7.0 1
44 11 0.00434684753418 8.0 1
45 8 0.00321984291077 5.0 1
46 12 0.00487184524536 9.0 1
47 11 0.00435209274292 8.0 1
48 11 0.00443005561829 8.0 1
49 10 0.00398802757263 7.0 1
0 10 0.00402212142944 7.0 1
1 11 0.00432801246643 8.0 1
2 12 0.00474691390991 9.0 1
3 9 0.00349998474121 6.0 1
4 9 0.00343799591064 6.0 1
5 9 0.00344514846802 6.0 1
6 11 0.00432109832764 8.0 1
7 11 0.00433301925659 8.0 1
8 13 0.005126953125 10.0 1
9 12 0.0048041343689 9.0 1
10 11 0.00428199768066 8.0 1
11 8 0.00307893753052 5.0 1
12 8 0.00304794311523 5.0 1
13 9 0.00350403785706 6.0 1
14 10 0.00400710105896 7.0 1
15 8 0.00306105613708 5.0 1
16 9 0.00349903106689 6.0 1
17 9 0.00343799591064 6.0 1
18 11 0.00427103042603 8.0 1
19 8 0.00302505493164 5.0 1
20 8 0.00308299064636 5.0 1
21 10 0.00387597084045 7.0 1
22 11 0.00424003601074 8.0 1
23 10 0.00386095046997 7.0 1
24 10 0.00387287139893 7.0 1
25 8 0.00303196907043 5.0 1
26 8 0.00302410125732 5.0 1
27 12 0.00468993186951 9.0 1
28 12 0.0046980381012 9.0 1
29 9 0.00348401069641 6.0 1
30 12 0.00471496582031 9.0 1
31 10 0.00388693809509 7.0 1
32 12 0.00468921661377 9.0 1
33 10 0.00388312339783 7.0 1
34 10 0.0038480758667 7.0 1
35 12 0.00480198860168 9.0 1
36 10 0.00390315055847 7.0 1
37 8 0.00302696228027 5.0 1
38 12 0.00475311279297 9.0 1
39 10 0.0038959980011 7.0 1
40 12 0.00477004051208 9.0 1
41 12 0.00478315353394 9.0 1
42 13 0.00510787963867 10.0 1
43 12 0.00477695465088 9.0 1
44 10 0.00388813018799 7.0 1
45 8 0.0030529499054 5.0 1
46 9 0.00348806381226 6.0 1
47 8 0.00307512283325 5.0 1
48 8 0.00302004814148 5.0 1
49 10 0.00396299362183 7.0 1
0 10 0.00404000282288 7.0 1
1 8 0.00317883491516 5.0 1
2 8 0.00305104255676 5.0 1
3 10 0.0039689540863 7.0 1
4 12 0.00476312637329 9.0 1
5 10 0.00388216972351 7.0 1
6 8 0.0030620098114 5.0 1
7 12 0.00473213195801 9.0 1
8 11 0.00437903404236 8.0 1
9 8 0.00308299064636 5.0 1
10 9 0.00348711013794 6.0 1
11 11 0.00436210632324 8.0 1
12 10 0.00393486022949 7.0 1
13 9 0.00351309776306 6.0 1
14 9 0.00347709655762 6.0 1
15 12 0.00469279289246 9.0 1
16 9 0.00350594520569 6.0 1
17 10 0.00390911102295 7.0 1
18 12 0.00480198860168 9.0 1
19 9 0.00347685813904 6.0 1
20 8 0.00307607650757 5.0 1
21 8 0.0031099319458 5.0 1
22 9 0.00349688529968 6.0 1
23 10 0.00392198562622 7.0 1
24 9 0.00354695320129 6.0 1
25 11 0.00435781478882 8.0 1
26 9 0.00353312492371 6.0 1
27 11 0.00436496734619 8.0 1
28 11 0.00431990623474 8.0 1
29 11 0.00440907478333 8.0 1
30 9 0.00347805023193 6.0 1
31 9 0.00354480743408 6.0 1
32 10 0.00392913818359 7.0 1
33 9 0.00351405143738 6.0 1
34 11 0.004399061203 8.0 1
35 11 0.00434899330139 8.0 1
36 12 0.00479793548584 9.0 1
37 10 0.00390291213989 7.0 1
38 10 0.00389814376831 7.0 1
39 12 0.004714012146 9.0 1
40 8 0.00314092636108 5.0 1
41 12 0.00474715232849 9.0 1
42 10 0.00387477874756 7.0 1
43 12 0.00471496582031 9.0 1
44 10 0.00383615493774 7.0 1
45 9 0.00351500511169 6.0 1
46 12 0.00483202934265 9.0 1
47 10 0.0039050579071 7.0 1
48 10 0.0040009021759 7.0 1
49 12 0.00471782684326 9.0 1
0 14 0.00569295883179 11.0 1
1 11 0.00432109832764 8.0 1
2 10 0.00391006469727 7.0 1
3 10 0.00391578674316 7.0 1
4 10 0.00392007827759 7.0 1
5 12 0.00472092628479 9.0 1
6 9 0.00346612930298 6.0 1
7 13 0.00517106056213 10.0 1
8 12 0.00477981567383 9.0 1
9 10 0.00385189056396 7.0 1
10 10 0.00393199920654 7.0 1
11 14 0.00559616088867 11.0 1
12 8 0.00310301780701 5.0 1
13 11 0.00427889823914 8.0 1
14 9 0.00341820716858 6.0 1
15 9 0.00349307060242 6.0 1
16 10 0.00391697883606 7.0 1
17 9 0.00348997116089 6.0 1
18 12 0.00472187995911 9.0 1
19 10 0.00393795967102 7.0 1
20 10 0.00395178794861 7.0 1
21 10 0.00391793251038 7.0 1
22 9 0.00344705581665 6.0 1
23 11 0.00430512428284 8.0 1
24 8 0.00304985046387 5.0 1
25 14 0.00562214851379 11.0 1
26 12 0.00469017028809 9.0 1
27 11 0.00431704521179 8.0 1
28 11 0.00430393218994 8.0 1
29 9 0.00346994400024 6.0 1
30 9 0.00353193283081 6.0 1
31 9 0.00349998474121 6.0 1
32 11 0.00438189506531 8.0 1
33 11 0.00432705879211 8.0 1
34 12 0.00483393669128 9.0 1
35 12 0.00481486320496 9.0 1
36 11 0.00435280799866 8.0 1
37 12 0.00485610961914 9.0 1
38 12 0.00476908683777 9.0 1
39 10 0.00395011901855 7.0 1
40 11 0.00438690185547 8.0 1
41 10 0.00387907028198 7.0 1
42 9 0.00342702865601 6.0 1
43 11 0.0043158531189 8.0 1
44 10 0.00393414497375 7.0 1
45 10 0.0039210319519 7.0 1
46 11 0.00435996055603 8.0 1
47 10 0.0038628578186 7.0 1
48 9 0.00346899032593 6.0 1
49 13 0.00512099266052 10.0 1
