trial, number of steps, runtime, accumulated reward, termination
0 12 0.00498700141907 9.0 1
1 10 0.00386595726013 7.0 1
2 8 0.00293517112732 5.0 1
3 11 0.00423002243042 8.0 1
4 12 0.00464200973511 9.0 1
5 8 0.00301003456116 5.0 1
6 9 0.00336909294128 6.0 1
7 11 0.00415301322937 8.0 1
8 13 0.00572609901428 10.0 1
9 12 0.00462698936462 9.0 1
10 13 0.00493788719177 10.0 1
11 9 0.00331902503967 6.0 1
12 10 0.00373601913452 7.0 1
13 9 0.0035080909729 6.0 1
14 8 0.00295305252075 5.0 1
15 11 0.00432205200195 8.0 1
16 12 0.00515294075012 9.0 1
17 12 0.0058069229126 9.0 1
18 10 0.004958152771 7.0 1
19 10 0.00524497032166 7.0 1
20 10 0.00349688529968 7.0 1
21 13 0.00460982322693 10.0 1
22 11 0.00515699386597 8.0 1
23 8 0.00275206565857 5.0 1
24 12 0.00423002243042 9.0 1
25 9 0.00309705734253 6.0 1
26 12 0.00478601455688 9.0 1
27 11 0.00453591346741 8.0 1
28 9 0.00326418876648 6.0 1
29 8 0.00274205207825 5.0 1
30 11 0.00384402275085 8.0 1
31 8 0.00271320343018 5.0 1
32 8 0.00271391868591 5.0 1
33 11 0.00399398803711 8.0 1
34 11 0.00388598442078 8.0 1
35 8 0.00275921821594 5.0 1
36 12 0.00469994544983 9.0 1
37 10 0.00361108779907 7.0 1
38 11 0.00386786460876 8.0 1
39 13 0.00534510612488 10.0 1
40 11 0.00394606590271 8.0 1
41 12 0.00433897972107 9.0 1
42 9 0.00310492515564 6.0 1
43 11 0.00414299964905 8.0 1
44 12 0.00473213195801 9.0 1
45 9 0.00313806533813 6.0 1
46 11 0.00390005111694 8.0 1
47 10 0.00347805023193 7.0 1
48 9 0.00311803817749 6.0 1
49 10 0.00351881980896 7.0 1
0 10 0.00355291366577 7.0 1
1 9 0.0034601688385 6.0 1
2 12 0.00461292266846 9.0 1
3 10 0.00365591049194 7.0 1
4 9 0.00310707092285 6.0 1
5 12 0.00471115112305 9.0 1
6 11 0.00395512580872 8.0 1
7 11 0.00392198562622 8.0 1
8 11 0.0038731098175 8.0 1
9 10 0.00349712371826 7.0 1
10 9 0.00314688682556 6.0 1
11 11 0.00393986701965 8.0 1
12 10 0.00353288650513 7.0 1
13 12 0.00522518157959 9.0 1
14 10 0.00441408157349 7.0 1
15 11 0.00397396087646 8.0 1
16 11 0.00394010543823 8.0 1
17 11 0.00398707389832 8.0 1
18 10 0.0039701461792 7.0 1
19 11 0.00417113304138 8.0 1
20 13 0.00601887702942 10.0 1
21 12 0.00423812866211 9.0 1
22 12 0.00434398651123 9.0 1
23 9 0.0031590461731 6.0 1
24 9 0.00308609008789 6.0 1
25 9 0.00340890884399 6.0 1
26 11 0.00397801399231 8.0 1
27 12 0.00459289550781 9.0 1
28 11 0.00384211540222 8.0 1
29 12 0.00524187088013 9.0 1
30 11 0.00391006469727 8.0 1
31 11 0.00386309623718 8.0 1
32 10 0.00348401069641 7.0 1
33 9 0.00309109687805 6.0 1
34 10 0.00347900390625 7.0 1
35 12 0.0042200088501 9.0 1
36 12 0.00432515144348 9.0 1
37 10 0.00430297851562 7.0 1
38 10 0.00350499153137 7.0 1
39 12 0.00420784950256 9.0 1
40 10 0.00346183776855 7.0 1
41 11 0.00387191772461 8.0 1
42 11 0.00457882881165 8.0 1
43 10 0.0036289691925 7.0 1
44 10 0.00349807739258 7.0 1
45 11 0.00383591651917 8.0 1
46 12 0.00421190261841 9.0 1
47 10 0.00347304344177 7.0 1
48 9 0.00309181213379 6.0 1
49 9 0.00352907180786 6.0 1
0 11 0.00396800041199 8.0 1
1 12 0.00424408912659 9.0 1
2 12 0.00468802452087 9.0 1
3 9 0.00330901145935 6.0 1
4 13 0.00472378730774 10.0 1
5 11 0.0037989616394 8.0 1
6 12 0.00424909591675 9.0 1
7 9 0.00311684608459 6.0 1
8 11 0.0038890838623 8.0 1
9 9 0.00309991836548 6.0 1
10 12 0.0048508644104 9.0 1
11 10 0.00410103797913 7.0 1
12 9 0.00309705734253 6.0 1
13 11 0.00381898880005 8.0 1
14 13 0.00524711608887 10.0 1
15 12 0.00424289703369 9.0 1
16 9 0.00308799743652 6.0 1
17 10 0.00349497795105 7.0 1
18 11 0.00382995605469 8.0 1
19 12 0.00444102287292 9.0 1
20 12 0.00466585159302 9.0 1
21 10 0.00374913215637 7.0 1
22 11 0.00391697883606 8.0 1
23 10 0.0040910243988 7.0 1
24 9 0.00315308570862 6.0 1
25 10 0.0036039352417 7.0 1
26 8 0.0027449131012 5.0 1
27 12 0.0047779083252 9.0 1
28 10 0.00365114212036 7.0 1
29 9 0.00308394432068 6.0 1
30 10 0.00346398353577 7.0 1
31 11 0.00385618209839 8.0 1
32 11 0.00394797325134 8.0 1
33 10 0.00353193283081 7.0 1
34 9 0.00320100784302 6.0 1
35 9 0.00346708297729 6.0 1
36 10 0.00385284423828 7.0 1
37 12 0.00478506088257 9.0 1
38 12 0.00422191619873 9.0 1
39 11 0.00387501716614 8.0 1
40 9 0.00368905067444 6.0 1
41 11 0.00386118888855 8.0 1
42 12 0.00430703163147 9.0 1
43 9 0.00312185287476 6.0 1
44 9 0.0030791759491 6.0 1
45 9 0.00309491157532 6.0 1
46 10 0.00347590446472 7.0 1
47 10 0.00425505638123 7.0 1
48 11 0.00387716293335 8.0 1
49 10 0.00392198562622 7.0 1
0 9 0.00324487686157 6.0 1
1 8 0.0027129650116 5.0 1
2 11 0.00413107872009 8.0 1
3 8 0.00273585319519 5.0 1
4 12 0.00421118736267 9.0 1
5 8 0.00270581245422 5.0 1
6 12 0.00437092781067 9.0 1
7 10 0.00345897674561 7.0 1
8 8 0.00270891189575 5.0 1
9 9 0.003084897995 6.0 1
10 12 0.00419187545776 9.0 1
11 10 0.00363898277283 7.0 1
12 12 0.00438904762268 9.0 1
13 11 0.00388097763062 8.0 1
14 10 0.00345897674561 7.0 1
15 11 0.00420093536377 8.0 1
16 10 0.00350999832153 7.0 1
17 11 0.00385403633118 8.0 1
18 13 0.00457811355591 10.0 1
19 10 0.00383496284485 7.0 1
20 9 0.00310707092285 6.0 1
21 10 0.00346302986145 7.0 1
22 9 0.00322508811951 6.0 1
23 8 0.00271606445312 5.0 1
24 11 0.00419497489929 8.0 1
25 11 0.0038321018219 8.0 1
26 8 0.00271916389465 5.0 1
27 11 0.00383710861206 8.0 1
28 9 0.00337982177734 6.0 1
29 12 0.00428104400635 9.0 1
30 11 0.00386214256287 8.0 1
31 10 0.00353407859802 7.0 1
32 9 0.00310206413269 6.0 1
33 12 0.0043568611145 9.0 1
34 11 0.00385189056396 8.0 1
35 9 0.0031099319458 6.0 1
36 10 0.00391602516174 7.0 1
37 12 0.0047390460968 9.0 1
38 10 0.00349402427673 7.0 1
39 12 0.00422096252441 9.0 1
40 11 0.00389289855957 8.0 1
41 10 0.00364017486572 7.0 1
42 10 0.00372695922852 7.0 1
43 9 0.00311684608459 6.0 1
44 10 0.00345492362976 7.0 1
45 9 0.00307607650757 6.0 1
46 12 0.00422501564026 9.0 1
47 9 0.0031681060791 6.0 1
48 10 0.00346684455872 7.0 1
49 11 0.0041708946228 8.0 1
0 11 0.00420498847961 8.0 1
1 10 0.00349402427673 7.0 1
2 12 0.00419783592224 9.0 1
3 12 0.0048041343689 9.0 1
4 8 0.00274801254272 5.0 1
5 10 0.00346207618713 7.0 1
6 8 0.00271105766296 5.0 1
7 12 0.00422787666321 9.0 1
8 8 0.00271201133728 5.0 1
9 8 0.00270700454712 5.0 1
10 9 0.00319194793701 6.0 1
11 9 0.00309491157532 6.0 1
12 10 0.00360107421875 7.0 1
13 12 0.00399994850159 9.0 1
14 10 0.00345492362976 7.0 1
15 12 0.00420808792114 9.0 1
16 12 0.00419497489929 9.0 1
17 11 0.00383496284485 8.0 1
18 10 0.00346899032593 7.0 1
19 12 0.00432896614075 9.0 1
20 12 0.00422501564026 9.0 1
21 12 0.00424599647522 9.0 1
22 10 0.00352191925049 7.0 1
23 12 0.00447297096252 9.0 1
24 10 0.00246691703796 7.0 1
25 10 0.00238108634949 7.0 1
26 10 0.00266599655151 7.0 1
27 11 0.00265598297119 8.0 1
28 12 0.00399589538574 9.0 1
29 11 0.00415396690369 8.0 1
30 8 0.00289583206177 5.0 1
31 10 0.00344800949097 7.0 1
32 12 0.00449395179749 9.0 1
33 12 0.00453996658325 9.0 1
34 9 0.00316691398621 6.0 1
35 9 0.00315308570862 6.0 1
36 9 0.00312805175781 6.0 1
37 11 0.00421380996704 8.0 1
38 10 0.00335597991943 7.0 1
39 9 0.003338098526 6.0 1
40 8 0.00290608406067 5.0 1
41 9 0.0031270980835 6.0 1
42 13 0.00504899024963 10.0 1
43 10 0.00336909294128 7.0 1
44 12 0.00430297851562 9.0 1
45 12 0.004390001297 9.0 1
46 12 0.0033130645752 9.0 1
47 9 0.00212502479553 6.0 1
48 13 0.00502586364746 10.0 1
49 10 0.00368213653564 7.0 1
0 10 0.00403594970703 7.0 1
1 12 0.00434494018555 9.0 1
2 12 0.00437188148499 9.0 1
3 10 0.00354409217834 7.0 1
4 11 0.00382304191589 8.0 1
5 9 0.00221800804138 6.0 1
6 9 0.00326108932495 6.0 1
7 12 0.00373983383179 9.0 1
8 11 0.00402593612671 8.0 1
9 12 0.00429797172546 9.0 1
10 8 0.00278210639954 5.0 1
11 12 0.00464606285095 9.0 1
12 11 0.00434613227844 8.0 1
13 11 0.0042929649353 8.0 1
14 11 0.00427889823914 8.0 1
15 12 0.00430297851562 9.0 1
16 10 0.00353097915649 7.0 1
17 8 0.00310206413269 5.0 1
18 11 0.00396585464478 8.0 1
19 12 0.00431299209595 9.0 1
20 11 0.00440907478333 8.0 1
21 11 0.0044322013855 8.0 1
22 10 0.00356483459473 7.0 1
23 9 0.00315499305725 6.0 1
24 10 0.00370192527771 7.0 1
25 10 0.00373196601868 7.0 1
26 9 0.00335597991943 6.0 1
27 12 0.00437998771667 9.0 1
28 10 0.00374794006348 7.0 1
29 11 0.00426506996155 8.0 1
30 9 0.00342106819153 6.0 1
31 10 0.00378608703613 7.0 1
32 13 0.00505399703979 10.0 1
33 8 0.00302386283875 5.0 1
34 10 0.00382113456726 7.0 1
35 10 0.00387597084045 7.0 1
36 11 0.00409293174744 8.0 1
37 11 0.00390005111694 8.0 1
38 10 0.00358986854553 7.0 1
39 10 0.00382399559021 7.0 1
40 8 0.00298285484314 5.0 1
41 11 0.00435090065002 8.0 1
42 10 0.00373601913452 7.0 1
43 10 0.0038149356842 7.0 1
44 10 0.0037739276886 7.0 1
45 11 0.00415301322937 8.0 1
46 9 0.00245904922485 6.0 1
47 11 0.00261902809143 8.0 1
48 12 0.00288581848145 9.0 1
49 9 0.00211882591248 6.0 1
0 12 0.00309085845947 9.0 1
1 9 0.00354409217834 6.0 1
2 10 0.00397396087646 7.0 1
3 11 0.00433588027954 8.0 1
4 10 0.00386190414429 7.0 1
5 10 0.00383496284485 7.0 1
6 13 0.00497102737427 10.0 1
7 10 0.00366711616516 7.0 1
8 10 0.00365614891052 7.0 1
9 10 0.00366401672363 7.0 1
10 12 0.004478931427 9.0 1
11 14 0.00526714324951 11.0 1
12 10 0.00364089012146 7.0 1
13 12 0.00456309318542 9.0 1
14 9 0.00344300270081 6.0 1
15 14 0.00548386573792 11.0 1
16 10 0.00384497642517 7.0 1
17 13 0.00509810447693 10.0 1
18 8 0.003005027771 5.0 1
19 10 0.00382280349731 7.0 1
20 9 0.00341606140137 6.0 1
21 11 0.00430393218994 8.0 1
22 9 0.00309801101685 6.0 1
23 12 0.0042610168457 9.0 1
24 12 0.00478076934814 9.0 1
25 12 0.00422596931458 9.0 1
26 12 0.004390001297 9.0 1
27 9 0.0030689239502 6.0 1
28 11 0.0042040348053 8.0 1
29 9 0.00320219993591 6.0 1
30 13 0.00496196746826 10.0 1
31 8 0.00281691551208 5.0 1
32 11 0.00392889976501 8.0 1
33 8 0.00284099578857 5.0 1
34 11 0.00428199768066 8.0 1
35 12 0.00454497337341 9.0 1
36 11 0.00396394729614 8.0 1
37 9 0.00315618515015 6.0 1
38 11 0.0039918422699 8.0 1
39 8 0.00290298461914 5.0 1
40 9 0.00332808494568 6.0 1
41 9 0.00340890884399 6.0 1
42 11 0.00361895561218 8.0 1
43 13 0.0043089389801 10.0 1
44 13 0.00492811203003 10.0 1
45 9 0.00333595275879 6.0 1
46 11 0.00417590141296 8.0 1
47 9 0.00332880020142 6.0 1
48 9 0.00326108932495 6.0 1
49 9 0.00326609611511 6.0 1
0 9 0.00328898429871 6.0 1
1 11 0.00399112701416 8.0 1
2 12 0.00435304641724 9.0 1
3 9 0.00319695472717 6.0 1
4 12 0.00468611717224 9.0 1
5 12 0.00427198410034 9.0 1
6 10 0.00551891326904 7.0 1
7 9 0.00314998626709 6.0 1
8 9 0.00314211845398 6.0 1
9 10 0.00347399711609 7.0 1
10 10 0.00351905822754 7.0 1
11 10 0.00354385375977 7.0 1
12 11 0.00386810302734 8.0 1
13 11 0.00387001037598 8.0 1
14 12 0.0062210559845 9.0 1
15 11 0.00386500358582 8.0 1
16 8 0.00273299217224 5.0 1
17 8 0.00271987915039 5.0 1
18 11 0.00384521484375 8.0 1
19 12 0.00430488586426 9.0 1
20 11 0.0042290687561 8.0 1
21 10 0.00350499153137 7.0 1
22 9 0.00639796257019 6.0 1
23 9 0.00313997268677 6.0 1
24 9 0.00311803817749 6.0 1
25 9 0.00505781173706 6.0 1
26 10 0.00354313850403 7.0 1
27 10 0.0035138130188 7.0 1
28 12 0.00582981109619 9.0 1
29 10 0.00356793403625 7.0 1
30 9 0.00315093994141 6.0 1
31 13 0.00484490394592 10.0 1
32 10 0.00351405143738 7.0 1
33 11 0.00565195083618 8.0 1
34 10 0.00346207618713 7.0 1
35 10 0.0111849308014 7.0 1
36 12 0.00426411628723 9.0 1
37 13 0.0122361183167 10.0 1
38 9 0.00332808494568 6.0 1
39 13 0.00495409965515 10.0 1
40 9 0.00361800193787 6.0 1
41 9 0.00338315963745 6.0 1
42 9 0.00344896316528 6.0 1
43 12 0.00475597381592 9.0 1
44 11 0.00440096855164 8.0 1
45 12 0.00468492507935 9.0 1
46 9 0.00347399711609 6.0 1
47 11 0.00431990623474 8.0 1
48 10 0.00385999679565 7.0 1
49 9 0.00354194641113 6.0 1
0 9 0.00346517562866 6.0 1
1 11 0.00434613227844 8.0 1
2 10 0.00375318527222 7.0 1
3 13 0.0049889087677 10.0 1
4 11 0.00418210029602 8.0 1
5 11 0.00444102287292 8.0 1
6 10 0.00390696525574 7.0 1
7 9 0.00316905975342 6.0 1
8 9 0.00315117835999 6.0 1
9 11 0.00410604476929 8.0 1
10 11 0.00464391708374 8.0 1
11 9 0.00363612174988 6.0 1
12 11 0.00640988349915 8.0 1
13 11 0.00443196296692 8.0 1
14 11 0.00444293022156 8.0 1
15 9 0.00344491004944 6.0 1
16 9 0.0036289691925 6.0 1
17 11 0.00438904762268 8.0 1
18 10 0.00394916534424 7.0 1
19 8 0.00309205055237 5.0 1
20 10 0.00392889976501 7.0 1
21 11 0.00442504882812 8.0 1
22 10 0.00392913818359 7.0 1
23 9 0.00356292724609 6.0 1
24 8 0.00307703018188 5.0 1
25 11 0.00439882278442 8.0 1
26 14 0.00568914413452 11.0 1
27 13 0.00526809692383 10.0 1
28 10 0.00397300720215 7.0 1
29 11 0.00438213348389 8.0 1
30 9 0.00350713729858 6.0 1
31 9 0.00365495681763 6.0 1
32 8 0.00312805175781 5.0 1
33 9 0.00354099273682 6.0 1
34 11 0.00438904762268 8.0 1
35 12 0.00482106208801 9.0 1
36 8 0.00322008132935 5.0 1
37 13 0.005215883255 10.0 1
38 12 0.00492310523987 9.0 1
39 11 0.00433397293091 8.0 1
40 10 0.00397396087646 7.0 1
41 9 0.00350999832153 6.0 1
42 10 0.00392889976501 7.0 1
43 12 0.00481104850769 9.0 1
44 9 0.00347995758057 6.0 1
45 11 0.00438618659973 8.0 1
46 12 0.00484585762024 9.0 1
47 10 0.00401711463928 7.0 1
48 11 0.00434494018555 8.0 1
49 9 0.00355291366577 6.0 1
0 13 0.00530791282654 10.0 1
1 11 0.00438809394836 8.0 1
2 12 0.00479412078857 9.0 1
3 11 0.00430703163147 8.0 1
4 8 0.0031111240387 5.0 1
5 12 0.0047709941864 9.0 1
6 10 0.00393891334534 7.0 1
7 12 0.0049262046814 9.0 1
8 9 0.00351500511169 6.0 1
9 9 0.00353288650513 6.0 1
10 12 0.00484490394592 9.0 1
11 12 0.00478601455688 9.0 1
12 9 0.00344514846802 6.0 1
13 9 0.00357508659363 6.0 1
14 9 0.00358986854553 6.0 1
15 11 0.0042769908905 8.0 1
16 9 0.00347685813904 6.0 1
17 11 0.00438594818115 8.0 1
18 12 0.0048508644104 9.0 1
19 13 0.00523591041565 10.0 1
20 12 0.00476694107056 9.0 1
21 8 0.00305891036987 5.0 1
22 12 0.0048360824585 9.0 1
23 12 0.00480604171753 9.0 1
24 9 0.00358295440674 6.0 1
25 11 0.00429391860962 8.0 1
26 9 0.00361704826355 6.0 1
27 10 0.00384593009949 7.0 1
28 11 0.00433492660522 8.0 1
29 12 0.00473308563232 9.0 1
30 10 0.00397300720215 7.0 1
31 12 0.00479912757874 9.0 1
32 11 0.00450682640076 8.0 1
33 10 0.00405788421631 7.0 1
34 10 0.00399017333984 7.0 1
35 14 0.00563192367554 11.0 1
36 11 0.00437784194946 8.0 1
37 9 0.00345492362976 6.0 1
38 10 0.00408887863159 7.0 1
39 11 0.00440096855164 8.0 1
40 11 0.00441002845764 8.0 1
41 10 0.00399112701416 7.0 1
42 10 0.00392913818359 7.0 1
43 11 0.00440001487732 8.0 1
44 9 0.00360918045044 6.0 1
45 13 0.0053129196167 10.0 1
46 12 0.00476694107056 9.0 1
47 12 0.00480699539185 9.0 1
48 9 0.0035240650177 6.0 1
49 12 0.00494003295898 9.0 1
