trial, number of steps, runtime, accumulated reward, termination
0 10 0.00433301925659 7.0 1
1 10 0.00407600402832 7.0 1
2 9 0.00367188453674 6.0 1
3 8 0.00315380096436 5.0 1
4 12 0.00488686561584 9.0 1
5 9 0.0035879611969 6.0 1
6 9 0.00359702110291 6.0 1
7 12 0.00799298286438 9.0 1
8 10 0.00406408309937 7.0 1
9 8 0.00315594673157 5.0 1
10 9 0.00358605384827 6.0 1
11 10 0.00400900840759 7.0 1
12 9 0.00358510017395 6.0 1
13 10 0.00398397445679 7.0 1
14 12 0.00490307807922 9.0 1
15 10 0.00409913063049 7.0 1
16 10 0.00428104400635 7.0 1
17 9 0.00371193885803 6.0 1
18 12 0.00502395629883 9.0 1
19 12 0.00493502616882 9.0 1
20 9 0.00360798835754 6.0 1
21 9 0.00371909141541 6.0 1
22 9 0.00365400314331 6.0 1
23 8 0.00320601463318 5.0 1
24 12 0.0049991607666 9.0 1
25 10 0.00403809547424 7.0 1
26 11 0.00456404685974 8.0 1
27 10 0.00411796569824 7.0 1
28 11 0.00454306602478 8.0 1
29 12 0.00499606132507 9.0 1
30 10 0.00411105155945 7.0 1
31 11 0.00455212593079 8.0 1
32 12 0.00506401062012 9.0 1
33 12 0.00508999824524 9.0 1
34 11 0.00468897819519 8.0 1
35 8 0.00323009490967 5.0 1
36 9 0.00365996360779 6.0 1
37 12 0.00499582290649 9.0 1
38 11 0.00452518463135 8.0 1
39 11 0.00451803207397 8.0 1
40 12 0.00499486923218 9.0 1
41 11 0.00459098815918 8.0 1
42 10 0.00407981872559 7.0 1
43 10 0.0040819644928 7.0 1
44 11 0.00456309318542 8.0 1
45 13 0.00549697875977 10.0 1
46 9 0.00367093086243 6.0 1
47 8 0.00320506095886 5.0 1
48 11 0.00461411476135 8.0 1
49 9 0.00369381904602 6.0 1
0 9 0.0037989616394 6.0 1
1 10 0.00413608551025 7.0 1
2 9 0.00364780426025 6.0 1
3 9 0.0036449432373 6.0 1
4 13 0.00543403625488 10.0 1
5 10 0.00411605834961 7.0 1
6 12 0.00500702857971 9.0 1
7 9 0.00365114212036 6.0 1
8 11 0.00453591346741 8.0 1
9 13 0.00540399551392 10.0 1
10 10 0.00405097007751 7.0 1
11 10 0.00404906272888 7.0 1
12 10 0.00413012504578 7.0 1
13 8 0.00319790840149 5.0 1
14 10 0.0041139125824 7.0 1
15 12 0.00501012802124 9.0 1
16 9 0.00369310379028 6.0 1
17 9 0.00366806983948 6.0 1
18 12 0.00498914718628 9.0 1
19 11 0.00459909439087 8.0 1
20 9 0.00489616394043 6.0 1
21 11 0.00480985641479 8.0 1
22 12 0.00509905815125 9.0 1
23 8 0.00319981575012 5.0 1
24 9 0.00363898277283 6.0 1
25 9 0.00367212295532 6.0 1
26 13 0.00547981262207 10.0 1
27 9 0.00367999076843 6.0 1
28 11 0.0045120716095 8.0 1
29 9 0.00362396240234 6.0 1
30 11 0.00462889671326 8.0 1
31 11 0.00383996963501 8.0 1
32 11 0.00379991531372 8.0 1
33 12 0.00458717346191 9.0 1
34 10 0.0038959980011 7.0 1
35 10 0.00389695167542 7.0 1
36 13 0.00522589683533 10.0 1
37 10 0.00395011901855 7.0 1
38 12 0.0046980381012 9.0 1
39 12 0.00473690032959 9.0 1
40 8 0.00311493873596 5.0 1
41 8 0.00305199623108 5.0 1
42 11 0.00431299209595 8.0 1
43 12 0.00473499298096 9.0 1
44 9 0.00349903106689 6.0 1
45 10 0.0039210319519 7.0 1
46 11 0.00458288192749 8.0 1
47 9 0.00377988815308 6.0 1
48 13 0.00535202026367 10.0 1
49 9 0.0036358833313 6.0 1
0 8 0.00321698188782 5.0 1
1 8 0.00307989120483 5.0 1
2 8 0.00301289558411 5.0 1
3 10 0.00448203086853 7.0 1
4 8 0.00310921669006 5.0 1
5 8 0.00314402580261 5.0 1
6 8 0.00310587882996 5.0 1
7 10 0.00403213500977 7.0 1
8 9 0.00345087051392 6.0 1
9 11 0.00439214706421 8.0 1
10 10 0.00403594970703 7.0 1
11 10 0.00397801399231 7.0 1
12 10 0.00391411781311 7.0 1
13 12 0.00472903251648 9.0 1
14 9 0.0034499168396 6.0 1
15 10 0.00392913818359 7.0 1
16 12 0.00479102134705 9.0 1
17 8 0.00305986404419 5.0 1
18 12 0.00464105606079 9.0 1
19 9 0.00350499153137 6.0 1
20 9 0.00346302986145 6.0 1
21 12 0.00472116470337 9.0 1
22 10 0.0038640499115 7.0 1
23 9 0.00346302986145 6.0 1
24 10 0.00389504432678 7.0 1
25 10 0.00389409065247 7.0 1
26 12 0.0047550201416 9.0 1
27 8 0.00301194190979 5.0 1
28 9 0.00350093841553 6.0 1
29 13 0.00518798828125 10.0 1
30 10 0.00400495529175 7.0 1
31 8 0.00317001342773 5.0 1
32 11 0.00448107719421 8.0 1
33 12 0.00484108924866 9.0 1
34 10 0.00403213500977 7.0 1
35 10 0.00408482551575 7.0 1
36 12 0.00501108169556 9.0 1
37 12 0.00488090515137 9.0 1
38 8 0.00313711166382 5.0 1
39 8 0.00319290161133 5.0 1
40 10 0.0040111541748 7.0 1
41 9 0.00361299514771 6.0 1
42 14 0.00575709342957 11.0 1
43 9 0.00362610816956 6.0 1
44 9 0.00350093841553 6.0 1
45 10 0.0039758682251 7.0 1
46 10 0.00400018692017 7.0 1
47 9 0.00351285934448 6.0 1
48 8 0.00308108329773 5.0 1
49 11 0.0044150352478 8.0 1
0 12 0.00497198104858 9.0 1
1 10 0.00400996208191 7.0 1
2 10 0.00405287742615 7.0 1
3 12 0.0048999786377 9.0 1
4 8 0.00318789482117 5.0 1
5 11 0.00441098213196 8.0 1
6 9 0.00356602668762 6.0 1
7 9 0.00361800193787 6.0 1
8 10 0.00410914421082 7.0 1
9 10 0.00397491455078 7.0 1
10 11 0.0044469833374 8.0 1
11 8 0.00312304496765 5.0 1
12 9 0.00354218482971 6.0 1
13 11 0.00444412231445 8.0 1
14 8 0.00318598747253 5.0 1
15 9 0.00360012054443 6.0 1
16 10 0.0040340423584 7.0 1
17 11 0.00445508956909 8.0 1
18 12 0.00487303733826 9.0 1
19 11 0.0045428276062 8.0 1
20 11 0.0045051574707 8.0 1
21 12 0.00488114356995 9.0 1
22 13 0.00537395477295 10.0 1
23 9 0.00356912612915 6.0 1
24 10 0.00407099723816 7.0 1
25 8 0.00315403938293 5.0 1
26 9 0.00360488891602 6.0 1
27 12 0.00495576858521 9.0 1
28 11 0.0044538974762 8.0 1
29 8 0.00314497947693 5.0 1
30 12 0.00519108772278 9.0 1
31 12 0.00490188598633 9.0 1
32 8 0.00311517715454 5.0 1
33 10 0.00408387184143 7.0 1
34 12 0.00496506690979 9.0 1
35 12 0.00492906570435 9.0 1
36 12 0.00491905212402 9.0 1
37 12 0.0049409866333 9.0 1
38 9 0.00360608100891 6.0 1
39 9 0.00369191169739 6.0 1
40 11 0.00455284118652 8.0 1
41 11 0.00450801849365 8.0 1
42 8 0.00319290161133 5.0 1
43 8 0.00316214561462 5.0 1
44 12 0.00481200218201 9.0 1
45 9 0.0035879611969 6.0 1
46 11 0.00448107719421 8.0 1
47 13 0.00546598434448 10.0 1
48 9 0.00368499755859 6.0 1
49 10 0.00408315658569 7.0 1
0 8 0.00321292877197 5.0 1
1 11 0.00456380844116 8.0 1
2 12 0.00504398345947 9.0 1
3 12 0.00498104095459 9.0 1
4 11 0.0045211315155 8.0 1
5 11 0.00453305244446 8.0 1
6 13 0.0054018497467 10.0 1
7 11 0.00447797775269 8.0 1
8 11 0.00448608398438 8.0 1
9 12 0.00497198104858 9.0 1
10 10 0.00406289100647 7.0 1
11 12 0.00493407249451 9.0 1
12 9 0.00366401672363 6.0 1
13 10 0.00408005714417 7.0 1
14 12 0.00496292114258 9.0 1
15 9 0.00363302230835 6.0 1
16 9 0.00362610816956 6.0 1
17 13 0.00537419319153 10.0 1
18 8 0.00318908691406 5.0 1
19 10 0.00405406951904 7.0 1
20 11 0.00452017784119 8.0 1
21 12 0.00491619110107 9.0 1
22 10 0.00406002998352 7.0 1
23 8 0.00322985649109 5.0 1
24 13 0.00539493560791 10.0 1
25 13 0.00543618202209 10.0 1
26 9 0.00363111495972 6.0 1
27 14 0.00573205947876 11.0 1
28 8 0.00319194793701 5.0 1
29 8 0.00318193435669 5.0 1
30 11 0.0045177936554 8.0 1
31 11 0.00451898574829 8.0 1
32 11 0.00452089309692 8.0 1
33 10 0.00410485267639 7.0 1
34 11 0.0044960975647 8.0 1
35 13 0.00539898872375 10.0 1
36 13 0.00541400909424 10.0 1
37 10 0.0040180683136 7.0 1
38 11 0.00451993942261 8.0 1
39 9 0.00362396240234 6.0 1
40 9 0.0036289691925 6.0 1
41 10 0.00409293174744 7.0 1
42 9 0.0036199092865 6.0 1
43 8 0.00319910049438 5.0 1
44 11 0.00447082519531 8.0 1
45 12 0.00518298149109 9.0 1
46 8 0.00321698188782 5.0 1
47 10 0.00408315658569 7.0 1
48 9 0.00370311737061 6.0 1
49 10 0.00405693054199 7.0 1
0 12 0.00500702857971 9.0 1
1 11 0.004478931427 8.0 1
2 8 0.00322794914246 5.0 1
3 10 0.00406694412231 7.0 1
4 10 0.00405097007751 7.0 1
5 10 0.00402808189392 7.0 1
6 10 0.004065990448 7.0 1
7 11 0.0045428276062 8.0 1
8 12 0.00496411323547 9.0 1
9 10 0.00407004356384 7.0 1
10 11 0.00452089309692 8.0 1
11 12 0.00497889518738 9.0 1
12 13 0.00531911849976 10.0 1
13 9 0.003662109375 6.0 1
14 11 0.00452303886414 8.0 1
15 13 0.00568604469299 10.0 1
16 11 0.00450587272644 8.0 1
17 10 0.00410509109497 7.0 1
18 8 0.00320100784302 5.0 1
19 11 0.00452399253845 8.0 1
20 11 0.00457906723022 8.0 1
21 11 0.00452995300293 8.0 1
22 8 0.00321698188782 5.0 1
23 11 0.00458693504333 8.0 1
24 10 0.00405216217041 7.0 1
25 10 0.00410389900208 7.0 1
26 10 0.00429487228394 7.0 1
27 10 0.00433397293091 7.0 1
28 10 0.00475597381592 7.0 1
29 9 0.00383687019348 6.0 1
30 12 0.00508904457092 9.0 1
31 10 0.0041069984436 7.0 1
32 9 0.00376892089844 6.0 1
33 12 0.00506806373596 9.0 1
34 9 0.00376009941101 6.0 1
35 11 0.00467395782471 8.0 1
36 12 0.00511908531189 9.0 1
37 11 0.00460314750671 8.0 1
38 11 0.00453901290894 8.0 1
39 10 0.00411796569824 7.0 1
40 11 0.00451397895813 8.0 1
41 12 0.00491094589233 9.0 1
42 9 0.00364112854004 6.0 1
43 11 0.00451898574829 8.0 1
44 12 0.00493407249451 9.0 1
45 10 0.0040979385376 7.0 1
46 9 0.00363707542419 6.0 1
47 9 0.00356197357178 6.0 1
48 9 0.00359201431274 6.0 1
49 11 0.00448608398438 8.0 1
0 11 0.0045599937439 8.0 1
1 11 0.00458908081055 8.0 1
2 12 0.00495576858521 9.0 1
3 13 0.00591611862183 10.0 1
4 9 0.00365400314331 6.0 1
5 10 0.00406002998352 7.0 1
6 10 0.0040237903595 7.0 1
7 10 0.00412797927856 7.0 1
8 12 0.00495386123657 9.0 1
9 13 0.00540900230408 10.0 1
10 9 0.00362086296082 6.0 1
11 12 0.00487399101257 9.0 1
12 10 0.00405788421631 7.0 1
13 14 0.00573492050171 11.0 1
14 10 0.00390195846558 7.0 1
15 12 0.00474286079407 9.0 1
16 9 0.00528979301453 6.0 1
17 10 0.00392293930054 7.0 1
18 8 0.00307106971741 5.0 1
19 9 0.00353693962097 6.0 1
20 13 0.00524401664734 10.0 1
21 10 0.00389504432678 7.0 1
22 11 0.00451397895813 8.0 1
23 10 0.00391387939453 7.0 1
24 9 0.00351715087891 6.0 1
25 9 0.00351095199585 6.0 1
26 13 0.00520205497742 10.0 1
27 9 0.00349593162537 6.0 1
28 11 0.00432515144348 8.0 1
29 12 0.00481796264648 9.0 1
30 11 0.00436902046204 8.0 1
31 8 0.00305891036987 5.0 1
32 12 0.00481009483337 9.0 1
33 13 0.00513410568237 10.0 1
34 12 0.00474786758423 9.0 1
35 12 0.00473213195801 9.0 1
36 12 0.00470805168152 9.0 1
37 8 0.00305891036987 5.0 1
38 14 0.00571799278259 11.0 1
39 8 0.0030529499054 5.0 1
40 12 0.00477290153503 9.0 1
41 12 0.00474405288696 9.0 1
42 11 0.0042998790741 8.0 1
43 8 0.00302886962891 5.0 1
44 8 0.00312685966492 5.0 1
45 8 0.00305891036987 5.0 1
46 13 0.00522398948669 10.0 1
47 11 0.00436782836914 8.0 1
48 11 0.00432515144348 8.0 1
49 12 0.00474381446838 9.0 1
0 10 0.00398898124695 7.0 1
1 15 0.00617480278015 12.0 1
2 10 0.00397610664368 7.0 1
3 12 0.00487399101257 9.0 1
4 11 0.00439500808716 8.0 1
5 11 0.00436806678772 8.0 1
6 12 0.00480699539185 9.0 1
7 11 0.00428581237793 8.0 1
8 10 0.00393986701965 7.0 1
9 11 0.00437808036804 8.0 1
10 9 0.00351810455322 6.0 1
11 10 0.00394105911255 7.0 1
12 11 0.00432109832764 8.0 1
13 12 0.00468182563782 9.0 1
14 8 0.00305414199829 5.0 1
15 10 0.00389003753662 7.0 1
16 9 0.00348091125488 6.0 1
17 12 0.00482201576233 9.0 1
18 9 0.00343894958496 6.0 1
19 9 0.00348687171936 6.0 1
20 11 0.00434708595276 8.0 1
21 11 0.00432705879211 8.0 1
22 11 0.00429201126099 8.0 1
23 11 0.00430393218994 8.0 1
24 9 0.00344681739807 6.0 1
25 9 0.00350999832153 6.0 1
26 11 0.00432705879211 8.0 1
27 11 0.00429010391235 8.0 1
28 9 0.00346684455872 6.0 1
29 11 0.00431609153748 8.0 1
30 9 0.00346088409424 6.0 1
31 12 0.00469613075256 9.0 1
32 11 0.0043580532074 8.0 1
33 11 0.00433993339539 8.0 1
34 9 0.00351309776306 6.0 1
35 11 0.00429797172546 8.0 1
36 12 0.00479698181152 9.0 1
37 10 0.00424981117249 7.0 1
38 11 0.00436782836914 8.0 1
39 10 0.00391101837158 7.0 1
40 8 0.00308799743652 5.0 1
41 11 0.00431299209595 8.0 1
42 11 0.00430393218994 8.0 1
43 11 0.00432705879211 8.0 1
44 11 0.00436186790466 8.0 1
45 9 0.00347089767456 6.0 1
46 10 0.00390601158142 7.0 1
47 11 0.00432300567627 8.0 1
48 10 0.00392317771912 7.0 1
49 9 0.00349307060242 6.0 1
0 11 0.00444388389587 8.0 1
1 10 0.0039279460907 7.0 1
2 9 0.00352191925049 6.0 1
3 13 0.00531697273254 10.0 1
4 9 0.00355505943298 6.0 1
5 12 0.00484681129456 9.0 1
6 14 0.00584197044373 11.0 1
7 11 0.00447010993958 8.0 1
8 10 0.00395822525024 7.0 1
9 11 0.00445818901062 8.0 1
10 8 0.00316190719604 5.0 1
11 12 0.00487089157104 9.0 1
12 12 0.00479006767273 9.0 1
13 9 0.00350880622864 6.0 1
14 10 0.00396203994751 7.0 1
15 9 0.00346684455872 6.0 1
16 10 0.00389719009399 7.0 1
17 12 0.00473713874817 9.0 1
18 10 0.0038468837738 7.0 1
19 10 0.0038800239563 7.0 1
20 12 0.00468516349792 9.0 1
21 8 0.00304198265076 5.0 1
22 10 0.00377297401428 7.0 1
23 10 0.00388216972351 7.0 1
24 9 0.00351595878601 6.0 1
25 11 0.00430798530579 8.0 1
26 8 0.00305199623108 5.0 1
27 9 0.00354599952698 6.0 1
28 8 0.00309610366821 5.0 1
29 11 0.0043261051178 8.0 1
30 10 0.00391101837158 7.0 1
31 13 0.0052011013031 10.0 1
32 11 0.00443196296692 8.0 1
33 10 0.00394010543823 7.0 1
34 9 0.0035388469696 6.0 1
35 11 0.00435709953308 8.0 1
36 10 0.00397706031799 7.0 1
37 13 0.00527715682983 10.0 1
38 11 0.00435900688171 8.0 1
39 12 0.00481510162354 9.0 1
40 11 0.00436806678772 8.0 1
41 12 0.00490117073059 9.0 1
42 13 0.00529289245605 10.0 1
43 12 0.00490593910217 9.0 1
44 8 0.00337505340576 5.0 1
45 13 0.00526404380798 10.0 1
46 11 0.0120649337769 8.0 1
47 11 0.00443196296692 8.0 1
48 12 0.00542712211609 9.0 1
49 11 0.00441098213196 8.0 1
0 9 0.00387001037598 6.0 1
1 9 0.00361609458923 6.0 1
2 9 0.00353693962097 6.0 1
3 8 0.00314497947693 5.0 1
4 11 0.00469493865967 8.0 1
5 10 0.0039222240448 7.0 1
6 9 0.00359988212585 6.0 1
7 8 0.00314903259277 5.0 1
8 10 0.00402402877808 7.0 1
9 11 0.00443696975708 8.0 1
10 11 0.00439214706421 8.0 1
11 12 0.00490403175354 9.0 1
12 12 0.00489187240601 9.0 1
13 8 0.00312209129333 5.0 1
14 11 0.00443005561829 8.0 1
15 11 0.0043830871582 8.0 1
16 12 0.00508785247803 9.0 1
17 12 0.00488615036011 9.0 1
18 11 0.00528287887573 8.0 1
19 12 0.00492596626282 9.0 1
20 12 0.0051109790802 9.0 1
21 10 0.00405192375183 7.0 1
22 12 0.00527906417847 9.0 1
23 8 0.00315713882446 5.0 1
24 13 0.00538110733032 10.0 1
25 10 0.00404095649719 7.0 1
26 11 0.00444602966309 8.0 1
27 11 0.00444006919861 8.0 1
28 13 0.00534200668335 10.0 1
29 9 0.00362992286682 6.0 1
30 9 0.00360608100891 6.0 1
31 12 0.00484895706177 9.0 1
32 10 0.00400900840759 7.0 1
33 9 0.00356888771057 6.0 1
34 13 0.00534415245056 10.0 1
35 8 0.00314784049988 5.0 1
36 10 0.00403308868408 7.0 1
37 9 0.00352787971497 6.0 1
38 13 0.00534892082214 10.0 1
39 9 0.00359702110291 6.0 1
40 10 0.00399708747864 7.0 1
41 9 0.00360488891602 6.0 1
42 10 0.00398683547974 7.0 1
43 10 0.0040237903595 7.0 1
44 12 0.00503897666931 9.0 1
45 9 0.00360894203186 6.0 1
46 12 0.00538802146912 9.0 1
47 12 0.00493097305298 9.0 1
48 12 0.00511813163757 9.0 1
49 11 0.00448989868164 8.0 1
