trial, number of steps, runtime, accumulated reward, termination
0 1334 0.69122004509 -1332.0 1
1 631 0.324093103409 -629.0 1
2 2468 1.39828896523 -2466.0 1
3 2209 1.12475204468 -2207.0 1
4 517 0.244671106339 -515.0 1
5 719 0.346616029739 -717.0 1
6 1227 0.711497068405 -1225.0 1
7 533 0.260427951813 -531.0 1
8 343 0.170495986938 -341.0 1
9 213 0.101766109467 -211.0 1
10 1353 0.689460992813 -1351.0 1
11 2908 1.44427514076 -2906.0 1
12 870 0.430335998535 -868.0 1
13 1529 0.860894918442 -1527.0 1
14 474 0.411515951157 -472.0 1
15 983 0.524570941925 -981.0 1
16 1793 0.951830863953 -1791.0 1
17 1053 0.519477844238 -1051.0 1
18 1781 0.898530006409 -1779.0 1
19 1416 0.771699905396 -1414.0 1
20 2409 1.24042892456 -2407.0 1
21 1721 0.920156955719 -1719.0 1
22 1255 0.682011127472 -1253.0 1
23 1205 0.643712997437 -1203.0 1
24 1190 0.632723093033 -1188.0 1
25 884 0.479824066162 -882.0 1
26 1568 0.821626901627 -1566.0 1
27 731 0.373053073883 -729.0 1
28 1152 0.612169027328 -1150.0 1
29 1533 1.09637188911 -1531.0 1
30 1956 1.21842598915 -1954.0 1
31 1523 0.870363950729 -1521.0 1
32 1040 0.641211986542 -1038.0 1
33 832 0.482618808746 -830.0 1
34 2294 1.35611510277 -2292.0 1
35 1033 0.623651027679 -1031.0 1
36 2206 1.31094193459 -2204.0 1
37 1759 1.0234849453 -1757.0 1
38 1434 0.881106138229 -1432.0 1
39 658 0.405864953995 -656.0 1
40 674 0.400701999664 -672.0 1
41 787 0.466094017029 -785.0 1
42 684 0.415640115738 -682.0 1
43 1676 0.913318157196 -1674.0 1
44 1817 1.04187989235 -1815.0 1
45 705 0.436221122742 -703.0 1
46 1736 1.04220795631 -1734.0 1
47 1281 0.723576068878 -1279.0 1
48 902 0.516507148743 -900.0 1
49 958 0.521917104721 -956.0 1
0 673 0.355427026749 -671.0 1
1 828 0.493921995163 -826.0 1
2 1212 0.666703939438 -1210.0 1
3 798 0.517051935196 -796.0 1
4 2253 1.23688912392 -2251.0 1
5 277 0.147354125977 -275.0 1
6 3190 1.70596694946 -3188.0 1
7 487 0.257513999939 -485.0 1
8 3693 2.3253967762 -3691.0 1
9 2635 1.46626901627 -2633.0 1
10 1763 0.904496908188 -1761.0 1
11 1027 0.611906051636 -1025.0 1
12 5000 2.81990408897 -4999.0 0
13 2816 1.59363389015 -2814.0 1
14 418 0.241415977478 -416.0 1
15 5000 2.74359703064 -4999.0 0
16 5000 2.6212079525 -4999.0 0
17 3479 1.64668083191 -3477.0 1
18 2359 1.65672302246 -2357.0 1
19 3005 1.65802788734 -3003.0 1
20 5000 2.51335191727 -4999.0 0
21 5000 2.64852809906 -4999.0 0
22 687 0.412227153778 -685.0 1
23 5000 2.98706102371 -4999.0 0
24 2034 1.27338695526 -2032.0 1
25 5000 2.83666992188 -4999.0 0
26 5000 2.81423401833 -4999.0 0
27 2399 1.37138199806 -2397.0 1
28 5000 2.83459210396 -4999.0 0
29 2366 1.3222720623 -2364.0 1
30 1631 0.903860092163 -1629.0 1
31 640 0.346921920776 -638.0 1
32 2437 1.32472896576 -2435.0 1
33 4833 2.70390200615 -4831.0 1
34 1217 0.672083854675 -1215.0 1
35 1344 0.763439893723 -1342.0 1
36 4422 2.59393310547 -4420.0 1
37 733 0.454938173294 -731.0 1
38 2232 1.29756402969 -2230.0 1
39 4240 2.35034489632 -4238.0 1
40 2688 1.47963309288 -2686.0 1
41 4310 2.41035294533 -4308.0 1
42 2750 1.49425315857 -2748.0 1
43 4683 2.76104688644 -4681.0 1
44 4265 2.5732228756 -4263.0 1
45 2343 1.36965894699 -2341.0 1
46 1418 0.855697154999 -1416.0 1
47 2995 1.79048299789 -2993.0 1
48 2183 1.36203503609 -2181.0 1
49 727 0.46693611145 -725.0 1
0 292 0.1565117836 -290.0 1
1 1114 0.59929895401 -1112.0 1
2 2579 1.44369912148 -2577.0 1
3 1293 0.731024980545 -1291.0 1
4 371 0.209042072296 -369.0 1
5 865 0.479826927185 -863.0 1
6 1646 0.929132938385 -1644.0 1
7 405 0.285212039948 -403.0 1
8 289 0.153391122818 -287.0 1
9 1337 0.732014894485 -1335.0 1
10 1065 0.59992814064 -1063.0 1
11 473 0.282738924026 -471.0 1
12 373 0.223877906799 -371.0 1
13 437 0.265486001968 -435.0 1
14 338 0.199674129486 -336.0 1
15 398 0.235303878784 -396.0 1
16 364 0.218486070633 -362.0 1
17 326 0.200958967209 -324.0 1
18 309 0.195613145828 -307.0 1
19 227 0.14389705658 -225.0 1
20 306 0.198070049286 -304.0 1
21 319 0.200983047485 -317.0 1
22 564 0.35200214386 -562.0 1
23 574 0.340662002563 -572.0 1
24 332 0.194895029068 -330.0 1
25 654 0.376861095428 -652.0 1
26 585 0.329293012619 -583.0 1
27 721 0.462956905365 -719.0 1
28 1086 0.542926073074 -1084.0 1
29 281 0.129853963852 -279.0 1
30 1137 0.906867027283 -1135.0 1
31 797 0.602055072784 -795.0 1
32 515 0.32856798172 -513.0 1
33 588 0.420667886734 -586.0 1
34 414 0.22514295578 -412.0 1
35 453 0.281158208847 -451.0 1
36 748 0.544336080551 -746.0 1
37 484 0.268023014069 -482.0 1
38 628 0.34010219574 -626.0 1
39 468 0.278997182846 -466.0 1
40 445 0.353191137314 -443.0 1
41 572 0.4430809021 -570.0 1
42 434 0.242683887482 -432.0 1
43 388 0.241761922836 -386.0 1
44 1771 0.94855093956 -1769.0 1
45 723 0.459020853043 -721.0 1
46 809 0.437881231308 -807.0 1
47 450 0.234433174133 -448.0 1
48 495 0.313357830048 -493.0 1
49 1460 0.875991821289 -1458.0 1
0 275 0.149921178818 -273.0 1
1 1279 0.685076951981 -1277.0 1
2 1115 0.662652015686 -1113.0 1
3 819 0.490287065506 -817.0 1
4 2774 1.68445301056 -2772.0 1
5 345 0.222753047943 -343.0 1
6 479 0.305928945541 -477.0 1
7 1325 0.787579059601 -1323.0 1
8 275 0.161719799042 -273.0 1
9 946 0.559862136841 -944.0 1
10 237 0.135985136032 -235.0 1
11 510 0.302939891815 -508.0 1
12 288 0.168345928192 -286.0 1
13 232 0.13498711586 -230.0 1
14 698 0.400521993637 -696.0 1
15 402 0.231296777725 -400.0 1
16 391 0.233495950699 -389.0 1
17 472 0.269865036011 -470.0 1
18 1003 0.573843002319 -1001.0 1
19 405 0.236041069031 -403.0 1
20 976 0.57950091362 -974.0 1
21 542 0.328830957413 -540.0 1
22 524 0.316354990005 -522.0 1
23 635 0.389348983765 -633.0 1
24 1387 0.837177038193 -1385.0 1
25 559 0.354307174683 -557.0 1
26 963 0.687787055969 -961.0 1
27 929 0.553508996964 -927.0 1
28 256 0.149030923843 -254.0 1
29 557 0.357493162155 -555.0 1
30 732 0.443008899689 -730.0 1
31 646 0.385437011719 -644.0 1
32 452 0.289824962616 -450.0 1
33 265 0.162093162537 -263.0 1
34 1219 0.741066932678 -1217.0 1
35 827 0.532708883286 -825.0 1
36 377 0.233337163925 -375.0 1
37 675 0.420154809952 -673.0 1
38 1492 1.01964306831 -1490.0 1
39 351 0.215177059174 -349.0 1
40 449 0.265025854111 -447.0 1
41 494 0.306561946869 -492.0 1
42 381 0.220887899399 -379.0 1
43 263 0.158105134964 -261.0 1
44 462 0.319092988968 -460.0 1
45 362 0.244709968567 -360.0 1
46 1150 0.710744857788 -1148.0 1
47 448 0.269406080246 -446.0 1
48 901 0.502169132233 -899.0 1
49 437 0.235324859619 -435.0 1
0 1093 0.544680118561 -1091.0 1
1 2849 1.46721100807 -2847.0 1
2 1349 0.753957033157 -1347.0 1
3 772 0.454821109772 -770.0 1
4 583 0.333022117615 -581.0 1
5 1674 0.972669124603 -1672.0 1
6 2413 1.43443799019 -2411.0 1
7 1426 0.906960964203 -1424.0 1
8 868 0.534111976624 -866.0 1
9 855 0.50438284874 -853.0 1
10 610 0.342944860458 -608.0 1
11 751 0.4312748909 -749.0 1
12 659 0.392277002335 -657.0 1
13 296 0.166806936264 -294.0 1
14 827 0.466459989548 -825.0 1
15 519 0.299510002136 -517.0 1
16 914 0.57404589653 -912.0 1
17 400 0.23011803627 -398.0 1
18 840 0.554131984711 -838.0 1
19 297 0.172743082047 -295.0 1
20 737 0.433342933655 -735.0 1
21 677 0.373873949051 -675.0 1
22 1032 0.600754976273 -1030.0 1
23 463 0.278979063034 -461.0 1
24 2869 1.59021997452 -2867.0 1
25 637 0.338563919067 -635.0 1
26 625 0.35409617424 -623.0 1
27 1637 0.898062944412 -1635.0 1
28 590 0.32342004776 -588.0 1
29 3742 2.05323791504 -3740.0 1
30 1016 0.580000162125 -1014.0 1
31 1702 0.937705993652 -1700.0 1
32 4487 2.51283502579 -4485.0 1
33 2861 1.68524098396 -2859.0 1
34 817 0.506513118744 -815.0 1
35 848 0.499555110931 -846.0 1
36 4743 2.72352099419 -4741.0 1
37 3441 1.96337413788 -3439.0 1
38 1309 0.732910871506 -1307.0 1
39 528 0.315654993057 -526.0 1
40 2478 1.3768761158 -2476.0 1
41 5000 2.66962218285 -4999.0 0
42 2279 1.28533792496 -2277.0 1
43 1911 1.01556301117 -1909.0 1
44 3603 2.07432508469 -3601.0 1
45 1395 0.809470891953 -1393.0 1
46 799 0.27690911293 -797.0 1
47 576 0.261621952057 -574.0 1
48 609 0.337510108948 -607.0 1
49 5000 2.679708004 -4999.0 0
0 1977 0.955752134323 -1975.0 1
1 3112 1.73330998421 -3110.0 1
2 232 0.130756139755 -230.0 1
3 338 0.192818880081 -336.0 1
4 1041 0.583101987839 -1039.0 1
5 493 0.312947034836 -491.0 1
6 3967 2.20827889442 -3965.0 1
7 1736 0.9883248806 -1734.0 1
8 1030 0.558202981949 -1028.0 1
9 1178 0.652343988419 -1176.0 1
10 940 0.521997928619 -938.0 1
11 974 0.523106098175 -972.0 1
12 2327 1.2401611805 -2325.0 1
13 1587 0.845019102097 -1585.0 1
14 1702 0.918020963669 -1700.0 1
15 957 0.512395143509 -955.0 1
16 1420 0.792573928833 -1418.0 1
17 1372 0.707171916962 -1370.0 1
18 1108 0.604197978973 -1106.0 1
19 1749 0.869041919708 -1747.0 1
20 1451 0.731482028961 -1449.0 1
21 584 0.246356964111 -582.0 1
22 1287 0.666920900345 -1285.0 1
23 1449 0.702133893967 -1447.0 1
24 1142 0.548129081726 -1140.0 1
25 5000 2.31158900261 -4999.0 0
26 1171 0.583093881607 -1169.0 1
27 608 0.285533905029 -606.0 1
28 1473 0.719713926315 -1471.0 1
29 1100 0.563925981522 -1098.0 1
30 698 0.344596862793 -696.0 1
31 1448 0.73144197464 -1446.0 1
32 2524 1.20269799232 -2522.0 1
33 1130 0.590131998062 -1128.0 1
34 700 0.364729166031 -698.0 1
35 1296 0.683700084686 -1294.0 1
36 1379 0.767723798752 -1377.0 1
37 856 0.514780044556 -854.0 1
38 3295 1.93611693382 -3293.0 1
39 840 0.529329061508 -838.0 1
40 725 0.380532979965 -723.0 1
41 2075 1.01299500465 -2073.0 1
42 2551 1.20502114296 -2549.0 1
43 4050 1.99470901489 -4048.0 1
44 1934 1.1149687767 -1932.0 1
45 1473 0.801820039749 -1471.0 1
46 910 0.485648155212 -908.0 1
47 3441 1.83236098289 -3439.0 1
48 1450 0.843936920166 -1448.0 1
49 3328 2.11784720421 -3326.0 1
0 695 0.415507078171 -693.0 1
1 1580 0.973294973373 -1578.0 1
2 682 0.371324062347 -680.0 1
3 4174 2.08163404465 -4172.0 1
4 210 0.118720054626 -208.0 1
5 3052 1.53987002373 -3050.0 1
6 667 0.359277009964 -665.0 1
7 844 0.450954914093 -842.0 1
8 3576 1.95408511162 -3574.0 1
9 1173 0.596129179001 -1171.0 1
10 4538 2.38604712486 -4536.0 1
11 5000 2.87563514709 -4999.0 0
12 1541 0.817823171616 -1539.0 1
13 5000 2.7108271122 -4999.0 0
14 4403 2.22262907028 -4401.0 1
15 4657 2.45802807808 -4655.0 1
16 2833 1.79340600967 -2831.0 1
17 4826 2.62516093254 -4824.0 1
18 3772 2.01434707642 -3770.0 1
19 5000 2.81554079056 -4999.0 0
20 5000 2.83971595764 -4999.0 0
21 5000 3.06547999382 -4999.0 0
22 1847 1.52379202843 -1845.0 1
23 440 0.34700512886 -438.0 1
24 5000 2.91540002823 -4999.0 0
25 1119 0.61650800705 -1117.0 1
26 5000 2.71517801285 -4999.0 0
27 5000 2.59543204308 -4999.0 0
28 1611 0.731707811356 -1609.0 1
29 4419 2.32559609413 -4417.0 1
30 5000 2.75290417671 -4999.0 0
31 2353 1.29236507416 -2351.0 1
32 927 0.441266059875 -925.0 1
33 5000 2.42449188232 -4999.0 0
34 2643 2.03762197495 -2641.0 1
35 5000 4.38563704491 -4999.0 0
36 5000 3.17446494102 -4999.0 0
37 5000 3.17166090012 -4999.0 0
38 2090 1.23476696014 -2088.0 1
39 4727 2.81658411026 -4725.0 1
40 5000 2.83990693092 -4999.0 0
41 5000 2.9723379612 -4999.0 0
42 5000 3.27356100082 -4999.0 0
43 1752 1.13050794601 -1750.0 1
44 1191 0.735898971558 -1189.0 1
45 717 0.42665886879 -715.0 1
46 5000 2.89470505714 -4999.0 0
47 1763 1.04656600952 -1761.0 1
48 943 0.530537128448 -941.0 1
49 5000 3.09359192848 -4999.0 0
0 393 0.201347112656 -391.0 1
1 2942 1.67745900154 -2940.0 1
2 1588 0.91677904129 -1586.0 1
3 1769 0.967736005783 -1767.0 1
4 649 0.362269163132 -647.0 1
5 1181 0.661353111267 -1179.0 1
6 5000 2.93526101112 -4999.0 0
7 5000 2.93468809128 -4999.0 0
8 5000 2.90872502327 -4999.0 0
9 5000 3.01751494408 -4999.0 0
10 5000 2.71993684769 -4999.0 0
11 5000 2.99084496498 -4999.0 0
12 5000 2.86644983292 -4999.0 0
13 5000 2.87375092506 -4999.0 0
14 5000 2.76807284355 -4999.0 0
15 5000 2.63660907745 -4999.0 0
16 5000 3.37010097504 -4999.0 0
17 5000 2.97021889687 -4999.0 0
18 5000 2.71766996384 -4999.0 0
19 5000 2.69910883904 -4999.0 0
20 5000 2.77846288681 -4999.0 0
21 5000 2.67721700668 -4999.0 0
22 5000 2.99351096153 -4999.0 0
23 5000 3.02777004242 -4999.0 0
24 5000 2.62354707718 -4999.0 0
25 5000 2.32702302933 -4999.0 0
26 5000 2.31130504608 -4999.0 0
27 5000 2.41132593155 -4999.0 0
28 5000 2.95179200172 -4999.0 0
29 5000 3.18749594688 -4999.0 0
30 5000 3.08706593513 -4999.0 0
31 5000 2.71017718315 -4999.0 0
32 5000 2.78134298325 -4999.0 0
33 5000 2.63578796387 -4999.0 0
34 5000 2.93123197556 -4999.0 0
35 5000 3.41412687302 -4999.0 0
36 5000 2.88766598701 -4999.0 0
37 5000 3.13916110992 -4999.0 0
38 5000 2.59504318237 -4999.0 0
39 5000 2.50838494301 -4999.0 0
40 5000 2.50842118263 -4999.0 0
41 5000 2.69718718529 -4999.0 0
42 5000 2.8221411705 -4999.0 0
43 5000 2.78414201736 -4999.0 0
44 5000 2.54581308365 -4999.0 0
45 5000 2.55279707909 -4999.0 0
46 5000 2.6850669384 -4999.0 0
47 5000 2.86155414581 -4999.0 0
48 5000 3.22154593468 -4999.0 0
49 5000 2.68341517448 -4999.0 0
0 1555 0.754688978195 -1553.0 1
1 1264 0.629078149796 -1262.0 1
2 2968 1.53659200668 -2966.0 1
3 1370 0.767265081406 -1368.0 1
4 1439 0.803560972214 -1437.0 1
5 1915 0.899827003479 -1913.0 1
6 281 0.131914138794 -279.0 1
7 778 0.368543863297 -776.0 1
8 416 0.199049949646 -414.0 1
9 933 0.459398984909 -931.0 1
10 782 0.390733957291 -780.0 1
11 323 0.216809988022 -321.0 1
12 427 0.215178012848 -425.0 1
13 508 0.269858121872 -506.0 1
14 358 0.202841997147 -356.0 1
15 564 0.32596206665 -562.0 1
16 708 0.383979082108 -706.0 1
17 534 0.304747104645 -532.0 1
18 688 0.386749982834 -686.0 1
19 514 0.27544093132 -512.0 1
20 1489 0.83992099762 -1487.0 1
21 864 0.417700052261 -862.0 1
22 442 0.222326040268 -440.0 1
23 766 0.439873933792 -764.0 1
24 583 0.347934961319 -581.0 1
25 523 0.37086892128 -521.0 1
26 487 0.266335964203 -485.0 1
27 1484 0.808531045914 -1482.0 1
28 584 0.341034173965 -582.0 1
29 478 0.281486988068 -476.0 1
30 738 0.464240789413 -736.0 1
31 451 0.282809972763 -449.0 1
32 621 0.370505094528 -619.0 1
33 1484 0.884030103683 -1482.0 1
34 467 0.291626930237 -465.0 1
35 317 0.197824954987 -315.0 1
36 430 0.249583005905 -428.0 1
37 422 0.256613016129 -420.0 1
38 734 0.403822898865 -732.0 1
39 867 0.521296977997 -865.0 1
40 807 0.513255119324 -805.0 1
41 522 0.304189920425 -520.0 1
42 813 0.461240053177 -811.0 1
43 750 0.465315103531 -748.0 1
44 463 0.280416965485 -461.0 1
45 469 0.272381067276 -467.0 1
46 737 0.39453291893 -735.0 1
47 725 0.469951868057 -723.0 1
48 530 0.338577985764 -528.0 1
49 407 0.241984128952 -405.0 1
0 707 0.39354801178 -705.0 1
1 3534 1.73005819321 -3532.0 1
2 560 0.247380018234 -558.0 1
3 1177 0.603227138519 -1175.0 1
4 893 0.444994926453 -891.0 1
5 3093 1.7184920311 -3091.0 1
6 993 0.578263044357 -991.0 1
7 599 0.338891983032 -597.0 1
8 633 0.37460899353 -631.0 1
9 1077 0.624583959579 -1075.0 1
10 1675 0.805533885956 -1673.0 1
11 1012 0.54993391037 -1010.0 1
12 1852 1.16199994087 -1850.0 1
13 2253 1.15085697174 -2251.0 1
14 3012 1.75147104263 -3010.0 1
15 1248 0.785815954208 -1246.0 1
16 1402 0.818494081497 -1400.0 1
17 1066 0.66944694519 -1064.0 1
18 1855 1.10292410851 -1853.0 1
19 3025 1.72537994385 -3023.0 1
20 2055 1.14265084267 -2053.0 1
21 995 0.562049865723 -993.0 1
22 859 0.475341081619 -857.0 1
23 1527 0.825463056564 -1525.0 1
24 2620 1.48294591904 -2618.0 1
25 2833 1.5769109726 -2831.0 1
26 4509 2.53548288345 -4507.0 1
27 2883 1.38995814323 -2881.0 1
28 1787 0.999469041824 -1785.0 1
29 563 0.322059869766 -561.0 1
30 2471 1.20742297173 -2469.0 1
31 1456 0.733007192612 -1454.0 1
32 2010 0.973067998886 -2008.0 1
33 1110 0.536558151245 -1108.0 1
34 4922 3.95913290977 -4920.0 1
35 2221 2.11030888557 -2219.0 1
36 2948 2.70404410362 -2946.0 1
37 1427 1.34571886063 -1425.0 1
38 5000 4.01718616486 -4999.0 0
39 2469 2.09942793846 -2467.0 1
40 3735 3.29132699966 -3733.0 1
41 3321 2.96493601799 -3319.0 1
42 2276 2.04321217537 -2274.0 1
43 3848 3.35019302368 -3846.0 1
44 1399 1.25148797035 -1397.0 1
45 2147 1.83371400833 -2145.0 1
46 1930 1.67414593697 -1928.0 1
47 2391 1.42326188087 -2389.0 1
48 1774 1.61616516113 -1772.0 1
49 647 0.573004961014 -645.0 1
