trial, number of steps, runtime, accumulated reward, termination
0 1484 0.887413024902 -1482.0 1
1 5000 2.92324113846 -4999.0 0
2 5000 3.57550096512 -4999.0 0
3 5000 3.58418703079 -4999.0 0
4 5000 3.72561192513 -4999.0 0
5 5000 3.89093613625 -4999.0 0
6 5000 3.72075891495 -4999.0 0
7 5000 3.87881612778 -4999.0 0
8 5000 4.26724600792 -4999.0 0
9 5000 3.55354189873 -4999.0 0
10 5000 4.04697012901 -4999.0 0
11 5000 3.86221599579 -4999.0 0
12 5000 3.89201283455 -4999.0 0
13 5000 3.713367939 -4999.0 0
14 5000 3.76492595673 -4999.0 0
15 5000 3.76570391655 -4999.0 0
16 5000 3.89195585251 -4999.0 0
17 5000 3.82583189011 -4999.0 0
18 5000 3.86578798294 -4999.0 0
19 5000 4.10677695274 -4999.0 0
20 5000 4.03051805496 -4999.0 0
21 5000 3.77911305428 -4999.0 0
22 5000 3.71890091896 -4999.0 0
23 5000 3.74340415001 -4999.0 0
24 5000 3.5808069706 -4999.0 0
25 5000 3.77396607399 -4999.0 0
26 5000 3.76797914505 -4999.0 0
27 5000 3.67467713356 -4999.0 0
28 5000 3.78185796738 -4999.0 0
29 5000 3.8214430809 -4999.0 0
30 5000 3.7878549099 -4999.0 0
31 5000 3.72226309776 -4999.0 0
32 5000 3.5358300209 -4999.0 0
33 5000 3.65264701843 -4999.0 0
34 5000 3.97025299072 -4999.0 0
35 5000 3.57617092133 -4999.0 0
36 5000 3.84633684158 -4999.0 0
37 5000 3.53186011314 -4999.0 0
38 5000 3.91008090973 -4999.0 0
39 5000 4.0407102108 -4999.0 0
40 5000 3.87216305733 -4999.0 0
41 5000 3.54239583015 -4999.0 0
42 5000 3.54332184792 -4999.0 0
43 5000 3.69746017456 -4999.0 0
44 5000 3.75436306 -4999.0 0
45 5000 3.73912501335 -4999.0 0
46 5000 3.55062103271 -4999.0 0
47 5000 3.68018984795 -4999.0 0
48 5000 3.86035680771 -4999.0 0
49 5000 3.83012700081 -4999.0 0
0 1484 0.797894001007 -1482.0 1
1 5000 2.94711303711 -4999.0 0
2 5000 3.70923614502 -4999.0 0
3 5000 3.68133807182 -4999.0 0
4 5000 3.47758197784 -4999.0 0
5 5000 3.6788110733 -4999.0 0
6 5000 3.94362020493 -4999.0 0
7 5000 3.74844813347 -4999.0 0
8 5000 3.94243502617 -4999.0 0
9 5000 3.68762898445 -4999.0 0
10 5000 3.69571185112 -4999.0 0
11 5000 3.70069384575 -4999.0 0
12 5000 3.78232812881 -4999.0 0
13 5000 3.77544403076 -4999.0 0
14 5000 4.04829406738 -4999.0 0
15 5000 3.94316315651 -4999.0 0
16 5000 3.96725893021 -4999.0 0
17 5000 3.91679000854 -4999.0 0
18 5000 4.02157211304 -4999.0 0
19 5000 3.84062790871 -4999.0 0
20 5000 3.91688394547 -4999.0 0
21 5000 3.71502399445 -4999.0 0
22 5000 3.81961894035 -4999.0 0
23 5000 4.43267607689 -4999.0 0
24 5000 5.01288890839 -4999.0 0
25 5000 3.70296192169 -4999.0 0
26 5000 3.57913804054 -4999.0 0
27 5000 3.4935131073 -4999.0 0
28 5000 3.71885800362 -4999.0 0
29 5000 4.11078906059 -4999.0 0
30 5000 3.71775507927 -4999.0 0
31 5000 3.94844818115 -4999.0 0
32 5000 3.58888602257 -4999.0 0
33 5000 3.81845998764 -4999.0 0
34 5000 3.79383707047 -4999.0 0
35 5000 3.86416888237 -4999.0 0
36 5000 3.74924015999 -4999.0 0
37 5000 3.57922315598 -4999.0 0
38 5000 3.44119501114 -4999.0 0
39 5000 3.75130200386 -4999.0 0
40 5000 3.8074889183 -4999.0 0
41 5000 3.72873592377 -4999.0 0
42 5000 3.70562791824 -4999.0 0
43 5000 3.68995690346 -4999.0 0
44 5000 3.66811394691 -4999.0 0
45 5000 3.68955922127 -4999.0 0
46 5000 3.75171709061 -4999.0 0
47 5000 3.75290489197 -4999.0 0
48 5000 3.88409399986 -4999.0 0
49 5000 3.90434479713 -4999.0 0
0 1484 0.872133970261 -1482.0 1
1 5000 2.83607721329 -4999.0 0
2 5000 3.61989116669 -4999.0 0
3 5000 3.63159394264 -4999.0 0
4 5000 3.63266515732 -4999.0 0
5 5000 3.34551405907 -4999.0 0
6 5000 3.42695713043 -4999.0 0
7 5000 4.00375509262 -4999.0 0
8 5000 4.68101811409 -4999.0 0
9 5000 4.90696907043 -4999.0 0
10 5000 5.21659493446 -4999.0 0
11 5000 3.8551659584 -4999.0 0
12 5000 3.50917696953 -4999.0 0
13 5000 3.37863397598 -4999.0 0
14 5000 3.60098910332 -4999.0 0
15 5000 3.65949487686 -4999.0 0
16 5000 3.89114499092 -4999.0 0
17 5000 3.57161211967 -4999.0 0
18 5000 3.86203813553 -4999.0 0
19 5000 3.76605010033 -4999.0 0
20 5000 3.91370797157 -4999.0 0
21 5000 3.77788496017 -4999.0 0
22 5000 3.78471112251 -4999.0 0
23 5000 3.6085357666 -4999.0 0
24 5000 3.65554881096 -4999.0 0
25 5000 3.8107380867 -4999.0 0
26 5000 3.51578497887 -4999.0 0
27 5000 3.73240113258 -4999.0 0
28 5000 3.76001095772 -4999.0 0
29 5000 3.73354506493 -4999.0 0
30 5000 3.80809116364 -4999.0 0
31 5000 3.69041395187 -4999.0 0
32 5000 3.56997299194 -4999.0 0
33 5000 3.44534802437 -4999.0 0
34 5000 3.52795100212 -4999.0 0
35 5000 4.03612995148 -4999.0 0
36 5000 3.54828810692 -4999.0 0
37 5000 3.77590608597 -4999.0 0
38 5000 3.61615800858 -4999.0 0
39 5000 3.81066894531 -4999.0 0
40 5000 3.71086001396 -4999.0 0
41 5000 3.66564106941 -4999.0 0
42 5000 3.68544411659 -4999.0 0
43 5000 3.57680010796 -4999.0 0
44 5000 3.5652089119 -4999.0 0
45 5000 3.6437690258 -4999.0 0
46 5000 3.71572518349 -4999.0 0
47 5000 3.81827902794 -4999.0 0
48 5000 3.83716607094 -4999.0 0
49 5000 3.82080411911 -4999.0 0
0 1484 0.880300045013 -1482.0 1
1 5000 2.94210910797 -4999.0 0
2 5000 3.92314910889 -4999.0 0
3 5000 3.92748785019 -4999.0 0
4 5000 4.04077506065 -4999.0 0
5 5000 3.59465789795 -4999.0 0
6 5000 4.11721897125 -4999.0 0
7 5000 3.6041059494 -4999.0 0
8 5000 4.00148200989 -4999.0 0
9 5000 4.03083920479 -4999.0 0
10 5000 3.76578092575 -4999.0 0
11 5000 2.92234683037 -4999.0 0
12 5000 3.96401691437 -4999.0 0
13 5000 3.65525698662 -4999.0 0
14 5000 3.78247594833 -4999.0 0
15 5000 3.92201399803 -4999.0 0
16 5000 3.98481297493 -4999.0 0
17 5000 3.8370821476 -4999.0 0
18 5000 3.81585502625 -4999.0 0
19 5000 3.73083806038 -4999.0 0
20 5000 3.5404381752 -4999.0 0
21 5000 3.62661194801 -4999.0 0
22 5000 3.75557112694 -4999.0 0
23 5000 3.70421409607 -4999.0 0
24 5000 3.64572095871 -4999.0 0
25 5000 3.5309381485 -4999.0 0
26 5000 3.64692306519 -4999.0 0
27 5000 3.73743104935 -4999.0 0
28 5000 3.69164013863 -4999.0 0
29 5000 3.64235687256 -4999.0 0
30 5000 5.25321507454 -4999.0 0
31 5000 3.98117399216 -4999.0 0
32 5000 3.64292693138 -4999.0 0
33 5000 3.74029898643 -4999.0 0
34 5000 3.62293100357 -4999.0 0
35 5000 3.92216706276 -4999.0 0
36 5000 4.56166100502 -4999.0 0
37 5000 3.86796402931 -4999.0 0
38 5000 3.79089593887 -4999.0 0
39 5000 3.87103104591 -4999.0 0
40 5000 3.85498309135 -4999.0 0
41 5000 3.93496990204 -4999.0 0
42 5000 3.81437802315 -4999.0 0
43 5000 3.769947052 -4999.0 0
44 5000 3.97404098511 -4999.0 0
45 5000 3.80963206291 -4999.0 0
46 5000 3.77222585678 -4999.0 0
47 5000 4.68979096413 -4999.0 0
48 5000 3.76121401787 -4999.0 0
49 5000 3.76285409927 -4999.0 0
0 1484 0.865428924561 -1482.0 1
1 5000 2.94540905952 -4999.0 0
2 5000 3.67291283607 -4999.0 0
3 5000 3.66389107704 -4999.0 0
4 5000 3.98901295662 -4999.0 0
5 5000 3.78451514244 -4999.0 0
6 5000 3.82594013214 -4999.0 0
7 5000 3.82014584541 -4999.0 0
8 5000 3.83173704147 -4999.0 0
9 5000 3.76981902122 -4999.0 0
10 5000 3.95209097862 -4999.0 0
11 5000 3.71260499954 -4999.0 0
12 5000 3.83864402771 -4999.0 0
13 5000 3.69157195091 -4999.0 0
14 5000 3.86267209053 -4999.0 0
15 5000 3.9558801651 -4999.0 0
16 5000 3.83476996422 -4999.0 0
17 5000 3.70458602905 -4999.0 0
18 5000 3.83912491798 -4999.0 0
19 5000 3.75950312614 -4999.0 0
20 5000 4.05699396133 -4999.0 0
21 5000 3.77575802803 -4999.0 0
22 5000 3.99562311172 -4999.0 0
23 5000 4.04545903206 -4999.0 0
24 5000 4.34546804428 -4999.0 0
25 5000 3.73996901512 -4999.0 0
26 5000 3.76888895035 -4999.0 0
27 5000 3.70760297775 -4999.0 0
28 5000 3.74852585793 -4999.0 0
29 5000 3.62588977814 -4999.0 0
30 5000 3.65079307556 -4999.0 0
31 5000 3.71211194992 -4999.0 0
32 5000 3.64400911331 -4999.0 0
33 5000 3.76721596718 -4999.0 0
34 5000 3.69613599777 -4999.0 0
35 5000 3.83698701859 -4999.0 0
36 5000 3.6643140316 -4999.0 0
37 5000 3.74860215187 -4999.0 0
38 5000 3.9083378315 -4999.0 0
39 5000 3.82582306862 -4999.0 0
40 5000 3.85594391823 -4999.0 0
41 5000 3.75699496269 -4999.0 0
42 5000 3.71548700333 -4999.0 0
43 5000 3.72354412079 -4999.0 0
44 5000 3.87228488922 -4999.0 0
45 5000 3.89467787743 -4999.0 0
46 5000 4.27450990677 -4999.0 0
47 5000 3.99361491203 -4999.0 0
48 5000 3.60706496239 -4999.0 0
49 5000 3.61223196983 -4999.0 0
0 1484 0.919075965881 -1482.0 1
1 5000 2.97409892082 -4999.0 0
2 5000 3.67926812172 -4999.0 0
3 5000 3.9517519474 -4999.0 0
4 5000 4.14016485214 -4999.0 0
5 5000 4.09626913071 -4999.0 0
6 5000 3.88061189651 -4999.0 0
7 5000 3.71582198143 -4999.0 0
8 5000 3.62103199959 -4999.0 0
9 5000 3.73032283783 -4999.0 0
10 5000 3.98190593719 -4999.0 0
11 5000 3.8931350708 -4999.0 0
12 5000 3.74291801453 -4999.0 0
13 5000 3.81999206543 -4999.0 0
14 5000 3.67336606979 -4999.0 0
15 5000 3.75654482841 -4999.0 0
16 5000 3.84967708588 -4999.0 0
17 5000 3.70761919022 -4999.0 0
18 5000 3.8018989563 -4999.0 0
19 5000 3.77326703072 -4999.0 0
20 5000 3.88163304329 -4999.0 0
21 5000 3.87286019325 -4999.0 0
22 5000 3.87714791298 -4999.0 0
23 5000 3.97991585732 -4999.0 0
24 5000 3.76457691193 -4999.0 0
25 5000 3.90827202797 -4999.0 0
26 5000 3.67992401123 -4999.0 0
27 5000 3.92835402489 -4999.0 0
28 5000 3.72408890724 -4999.0 0
29 5000 3.65158390999 -4999.0 0
30 5000 3.76453614235 -4999.0 0
31 5000 3.71345591545 -4999.0 0
32 5000 3.80541706085 -4999.0 0
33 5000 3.66920185089 -4999.0 0
34 5000 3.77932286263 -4999.0 0
35 5000 3.76723790169 -4999.0 0
36 5000 3.82262396812 -4999.0 0
37 5000 3.82714796066 -4999.0 0
38 5000 3.78760910034 -4999.0 0
39 5000 4.38903307915 -4999.0 0
40 5000 3.84444594383 -4999.0 0
41 5000 3.74409914017 -4999.0 0
42 5000 3.80847191811 -4999.0 0
43 5000 3.87446808815 -4999.0 0
44 5000 3.70625495911 -4999.0 0
45 5000 3.79580712318 -4999.0 0
46 5000 3.71819996834 -4999.0 0
47 5000 4.04841208458 -4999.0 0
48 5000 3.84732794762 -4999.0 0
49 5000 3.91821098328 -4999.0 0
0 1484 0.935431003571 -1482.0 1
1 5000 2.99652099609 -4999.0 0
2 5000 3.80932784081 -4999.0 0
3 5000 3.792304039 -4999.0 0
4 5000 3.75555920601 -4999.0 0
5 5000 3.72358489037 -4999.0 0
6 5000 3.8547911644 -4999.0 0
7 5000 3.85122895241 -4999.0 0
8 5000 3.76715302467 -4999.0 0
9 5000 3.74595499039 -4999.0 0
10 5000 3.75313019753 -4999.0 0
11 5000 3.69526815414 -4999.0 0
12 5000 3.73725008965 -4999.0 0
13 5000 3.79161405563 -4999.0 0
14 5000 3.83150291443 -4999.0 0
15 5000 4.11610221863 -4999.0 0
16 5000 4.14967012405 -4999.0 0
17 5000 3.85215520859 -4999.0 0
18 5000 3.92118096352 -4999.0 0
19 5000 3.74034810066 -4999.0 0
20 5000 3.76907992363 -4999.0 0
21 5000 3.82454514503 -4999.0 0
22 5000 3.69954705238 -4999.0 0
23 5000 3.88668107986 -4999.0 0
24 5000 3.93654704094 -4999.0 0
25 5000 3.79906487465 -4999.0 0
26 5000 3.78680801392 -4999.0 0
27 5000 3.83061313629 -4999.0 0
28 5000 3.78586292267 -4999.0 0
29 5000 3.73357009888 -4999.0 0
30 5000 3.67777991295 -4999.0 0
31 5000 3.95221400261 -4999.0 0
32 5000 3.99235010147 -4999.0 0
33 5000 3.74084591866 -4999.0 0
34 5000 3.63781714439 -4999.0 0
35 5000 3.99615812302 -4999.0 0
36 5000 3.69468712807 -4999.0 0
37 5000 3.77523708344 -4999.0 0
38 5000 3.70662999153 -4999.0 0
39 5000 3.67675614357 -4999.0 0
40 5000 3.85504102707 -4999.0 0
41 5000 3.7705719471 -4999.0 0
42 5000 3.80780816078 -4999.0 0
43 5000 3.91908502579 -4999.0 0
44 5000 4.08234786987 -4999.0 0
45 5000 3.68848490715 -4999.0 0
46 5000 3.69370293617 -4999.0 0
47 5000 3.90222620964 -4999.0 0
48 5000 3.78588914871 -4999.0 0
49 5000 3.65164709091 -4999.0 0
0 1484 0.980294942856 -1482.0 1
1 5000 2.92409682274 -4999.0 0
2 5000 3.76905202866 -4999.0 0
3 5000 3.89549589157 -4999.0 0
4 5000 3.80252695084 -4999.0 0
5 5000 4.00899410248 -4999.0 0
6 5000 3.97603297234 -4999.0 0
7 5000 4.01186084747 -4999.0 0
8 5000 3.92120790482 -4999.0 0
9 5000 3.7138209343 -4999.0 0
10 5000 3.64986109734 -4999.0 0
11 5000 3.75485110283 -4999.0 0
12 5000 3.71965789795 -4999.0 0
13 5000 3.74658894539 -4999.0 0
14 5000 3.79074406624 -4999.0 0
15 5000 4.01157307625 -4999.0 0
16 5000 3.70050692558 -4999.0 0
17 5000 3.85562586784 -4999.0 0
18 5000 3.88188099861 -4999.0 0
19 5000 3.73947405815 -4999.0 0
20 5000 3.97215104103 -4999.0 0
21 5000 4.00999188423 -4999.0 0
22 5000 4.30442810059 -4999.0 0
23 5000 4.11955523491 -4999.0 0
24 5000 3.70197296143 -4999.0 0
25 5000 3.48044204712 -4999.0 0
26 5000 3.57876706123 -4999.0 0
27 5000 3.69859600067 -4999.0 0
28 5000 3.83890414238 -4999.0 0
29 5000 3.82753992081 -4999.0 0
30 5000 3.72793292999 -4999.0 0
31 5000 3.90185499191 -4999.0 0
32 5000 3.93939900398 -4999.0 0
33 5000 3.77001595497 -4999.0 0
34 5000 3.68430709839 -4999.0 0
35 5000 3.86493396759 -4999.0 0
36 5000 4.04474210739 -4999.0 0
37 5000 4.14322495461 -4999.0 0
38 5000 4.10499501228 -4999.0 0
39 5000 4.05885601044 -4999.0 0
40 5000 3.96888899803 -4999.0 0
41 5000 3.74792504311 -4999.0 0
42 5000 3.72248792648 -4999.0 0
43 5000 3.73514318466 -4999.0 0
44 5000 3.8348929882 -4999.0 0
45 5000 3.79220986366 -4999.0 0
46 5000 3.96228408813 -4999.0 0
47 5000 4.16470313072 -4999.0 0
48 5000 4.19972491264 -4999.0 0
49 5000 4.19258117676 -4999.0 0
0 1484 0.940864086151 -1482.0 1
1 5000 3.22186303139 -4999.0 0
2 5000 3.80105304718 -4999.0 0
3 5000 3.82931113243 -4999.0 0
4 5000 3.63421082497 -4999.0 0
5 5000 3.80620908737 -4999.0 0
6 5000 3.89099907875 -4999.0 0
7 5000 4.01003789902 -4999.0 0
8 5000 3.75450706482 -4999.0 0
9 5000 3.96787405014 -4999.0 0
10 5000 3.9602599144 -4999.0 0
11 5000 3.75208806992 -4999.0 0
12 5000 4.7994799614 -4999.0 0
13 5000 3.72920513153 -4999.0 0
14 5000 3.7577290535 -4999.0 0
15 5000 3.91884088516 -4999.0 0
16 5000 3.57691001892 -4999.0 0
17 5000 3.80918502808 -4999.0 0
18 5000 3.92179608345 -4999.0 0
19 5000 3.98199510574 -4999.0 0
20 5000 4.14365696907 -4999.0 0
21 5000 4.07319808006 -4999.0 0
22 5000 4.45163393021 -4999.0 0
23 5000 3.94965910912 -4999.0 0
24 5000 3.84550786018 -4999.0 0
25 5000 3.87883090973 -4999.0 0
26 5000 4.03916501999 -4999.0 0
27 5000 3.95077300072 -4999.0 0
28 5000 3.98455095291 -4999.0 0
29 5000 3.81313800812 -4999.0 0
30 5000 3.93728995323 -4999.0 0
31 5000 3.96021080017 -4999.0 0
32 5000 3.91205811501 -4999.0 0
33 5000 3.82514595985 -4999.0 0
34 5000 3.70848894119 -4999.0 0
35 5000 3.89339089394 -4999.0 0
36 5000 3.90628600121 -4999.0 0
37 5000 3.90784692764 -4999.0 0
38 5000 3.86100482941 -4999.0 0
39 5000 4.14933896065 -4999.0 0
40 5000 3.87188696861 -4999.0 0
41 5000 3.7633190155 -4999.0 0
42 5000 3.72889709473 -4999.0 0
43 5000 3.99742913246 -4999.0 0
44 5000 3.83581709862 -4999.0 0
45 5000 3.80579805374 -4999.0 0
46 5000 4.19717693329 -4999.0 0
47 5000 3.77410888672 -4999.0 0
48 5000 3.74555301666 -4999.0 0
49 5000 3.98991990089 -4999.0 0
0 1484 0.8970079422 -1482.0 1
1 5000 3.06786799431 -4999.0 0
2 5000 3.78673195839 -4999.0 0
3 5000 3.69403600693 -4999.0 0
4 5000 4.29859995842 -4999.0 0
5 5000 4.22391796112 -4999.0 0
6 5000 3.86625218391 -4999.0 0
7 5000 3.82847595215 -4999.0 0
8 5000 3.93367385864 -4999.0 0
9 5000 3.78040289879 -4999.0 0
10 5000 3.79583001137 -4999.0 0
11 5000 4.34916305542 -4999.0 0
12 5000 3.8369538784 -4999.0 0
13 5000 3.89969396591 -4999.0 0
14 5000 3.73498082161 -4999.0 0
15 5000 4.36743497849 -4999.0 0
16 5000 3.88586211205 -4999.0 0
17 5000 3.74143385887 -4999.0 0
18 5000 3.48055911064 -4999.0 0
19 5000 3.51941895485 -4999.0 0
20 5000 3.81324601173 -4999.0 0
21 5000 4.27687287331 -4999.0 0
22 5000 4.03659296036 -4999.0 0
23 5000 3.89876699448 -4999.0 0
24 5000 4.06105303764 -4999.0 0
25 5000 3.86350798607 -4999.0 0
26 5000 3.65628004074 -4999.0 0
27 5000 3.64606809616 -4999.0 0
28 5000 3.88230800629 -4999.0 0
29 5000 3.89694881439 -4999.0 0
30 5000 3.71961593628 -4999.0 0
31 5000 3.8708190918 -4999.0 0
32 5000 3.80461716652 -4999.0 0
33 5000 3.71465802193 -4999.0 0
34 5000 3.76444292068 -4999.0 0
35 5000 3.71555709839 -4999.0 0
36 5000 3.71092987061 -4999.0 0
37 5000 3.67447400093 -4999.0 0
38 5000 3.71095299721 -4999.0 0
39 5000 3.69639492035 -4999.0 0
40 5000 3.68126296997 -4999.0 0
41 5000 3.80140709877 -4999.0 0
42 5000 3.8288090229 -4999.0 0
43 5000 3.97526288033 -4999.0 0
44 5000 3.85301208496 -4999.0 0
45 5000 3.48330998421 -4999.0 0
46 5000 3.77773308754 -4999.0 0
47 5000 3.74117898941 -4999.0 0
48 5000 3.8650932312 -4999.0 0
49 5000 4.0107460022 -4999.0 0
