trial, number of steps, runtime, accumulated reward, termination
0 376 0.174793958664 -374.0 1
1 3120 1.6320309639 -3118.0 1
2 363 0.19747710228 -361.0 1
3 361 0.198827028275 -359.0 1
4 477 0.260200023651 -475.0 1
5 300 0.163170099258 -298.0 1
6 187 0.101578950882 -185.0 1
7 194 0.104965925217 -192.0 1
8 156 0.0838708877563 -154.0 1
9 315 0.169491052628 -313.0 1
10 161 0.0736651420593 -159.0 1
11 118 0.0529808998108 -116.0 1
12 236 0.106177091599 -234.0 1
13 404 0.185548067093 -402.0 1
14 169 0.0763649940491 -167.0 1
15 280 0.129148960114 -278.0 1
16 168 0.0800879001617 -166.0 1
17 271 0.133563995361 -269.0 1
18 336 0.135687112808 -334.0 1
19 651 0.362463951111 -649.0 1
20 241 0.10848903656 -239.0 1
21 201 0.108838796616 -199.0 1
22 115 0.0520868301392 -113.0 1
23 335 0.167453050613 -333.0 1
24 185 0.103578090668 -183.0 1
25 168 0.083281993866 -166.0 1
26 146 0.0719690322876 -144.0 1
27 139 0.0653810501099 -137.0 1
28 316 0.151873111725 -314.0 1
29 169 0.0746369361877 -167.0 1
30 118 0.0521709918976 -116.0 1
31 150 0.067615032196 -148.0 1
32 133 0.0613431930542 -131.0 1
33 117 0.0550508499146 -115.0 1
34 176 0.0821778774261 -174.0 1
35 121 0.0554068088531 -119.0 1
36 144 0.0653300285339 -142.0 1
37 131 0.0600919723511 -129.0 1
38 193 0.0880918502808 -191.0 1
39 158 0.0714011192322 -156.0 1
40 146 0.0765740871429 -144.0 1
41 128 0.0577080249786 -126.0 1
42 178 0.0800540447235 -176.0 1
43 182 0.0904979705811 -180.0 1
44 127 0.0735650062561 -125.0 1
45 123 0.0705599784851 -121.0 1
46 167 0.0799329280853 -165.0 1
47 175 0.0756821632385 -173.0 1
48 162 0.0779848098755 -160.0 1
49 88 0.059690952301 -86.0 1
0 615 0.337110996246 -613.0 1
1 1663 0.837147951126 -1661.0 1
2 255 0.120496034622 -253.0 1
3 745 0.351910829544 -743.0 1
4 224 0.100950956345 -222.0 1
5 238 0.135850906372 -236.0 1
6 352 0.245027780533 -350.0 1
7 618 0.279309034348 -616.0 1
8 310 0.0994889736176 -308.0 1
9 252 0.121596813202 -250.0 1
10 227 0.11155796051 -225.0 1
11 185 0.0808928012848 -183.0 1
12 644 0.428925037384 -642.0 1
13 760 0.522440910339 -758.0 1
14 317 0.149600028992 -315.0 1
15 326 0.15322303772 -324.0 1
16 244 0.118738174438 -242.0 1
17 350 0.161051988602 -348.0 1
18 196 0.0885899066925 -194.0 1
19 255 0.123600006104 -253.0 1
20 328 0.148947954178 -326.0 1
21 154 0.0692958831787 -152.0 1
22 320 0.180557966232 -318.0 1
23 236 0.114453077316 -234.0 1
24 204 0.0973482131958 -202.0 1
25 183 0.0853309631348 -181.0 1
26 331 0.16258597374 -329.0 1
27 165 0.0756061077118 -163.0 1
28 138 0.0625939369202 -136.0 1
29 191 0.0852558612823 -189.0 1
30 184 0.0835800170898 -182.0 1
31 152 0.0687189102173 -150.0 1
32 136 0.0617711544037 -134.0 1
33 190 0.0869719982147 -188.0 1
34 140 0.0639200210571 -138.0 1
35 187 0.095192193985 -185.0 1
36 393 0.203838825226 -391.0 1
37 500 0.233276844025 -498.0 1
38 271 0.129693031311 -269.0 1
39 130 0.0624029636383 -128.0 1
40 194 0.0950899124146 -192.0 1
41 125 0.0600712299347 -123.0 1
42 116 0.0568699836731 -114.0 1
43 163 0.0791518688202 -161.0 1
44 150 0.0704848766327 -148.0 1
45 142 0.0655879974365 -140.0 1
46 114 0.0528430938721 -112.0 1
47 235 0.10714006424 -233.0 1
48 172 0.0879151821136 -170.0 1
49 248 0.119493961334 -246.0 1
0 630 0.29097700119 -628.0 1
1 1152 0.53789806366 -1150.0 1
2 1136 0.53662109375 -1134.0 1
3 571 0.311886072159 -569.0 1
4 1011 0.479396820068 -1009.0 1
5 555 0.252040863037 -553.0 1
6 658 0.347377061844 -656.0 1
7 161 0.0707900524139 -159.0 1
8 685 0.36621594429 -683.0 1
9 580 0.295911073685 -578.0 1
10 913 0.465637922287 -911.0 1
11 398 0.189855098724 -396.0 1
12 309 0.137112855911 -307.0 1
13 271 0.124835014343 -269.0 1
14 543 0.2469830513 -541.0 1
15 369 0.185613155365 -367.0 1
16 185 0.0860350131989 -183.0 1
17 254 0.121496915817 -252.0 1
18 157 0.0948569774628 -155.0 1
19 420 0.199052095413 -418.0 1
20 289 0.140344142914 -287.0 1
21 284 0.131548881531 -282.0 1
22 281 0.128000974655 -279.0 1
23 523 0.248667955399 -521.0 1
24 256 0.117175102234 -254.0 1
25 227 0.103215932846 -225.0 1
26 181 0.0830509662628 -179.0 1
27 165 0.0843901634216 -163.0 1
28 159 0.0739150047302 -157.0 1
29 450 0.214061975479 -448.0 1
30 642 0.301513910294 -640.0 1
31 494 0.288744926453 -492.0 1
32 161 0.0765237808228 -159.0 1
33 198 0.091315984726 -196.0 1
34 198 0.0990998744965 -196.0 1
35 142 0.0649750232697 -140.0 1
36 108 0.0529260635376 -106.0 1
37 153 0.0913591384888 -151.0 1
38 243 0.144559144974 -241.0 1
39 137 0.0768308639526 -135.0 1
40 194 0.0901188850403 -192.0 1
41 238 0.121299028397 -236.0 1
42 320 0.233555078506 -318.0 1
43 585 0.322019100189 -583.0 1
44 271 0.117194890976 -269.0 1
45 132 0.0607061386108 -130.0 1
46 313 0.152965068817 -311.0 1
47 178 0.0826959609985 -176.0 1
48 218 0.110966920853 -216.0 1
49 132 0.0716400146484 -130.0 1
0 537 0.291937112808 -535.0 1
1 302 0.163821935654 -300.0 1
2 2136 1.06192493439 -2134.0 1
3 461 0.214010000229 -459.0 1
4 1193 0.605051994324 -1191.0 1
5 478 0.216182947159 -476.0 1
6 471 0.218835830688 -469.0 1
7 498 0.274258136749 -496.0 1
8 212 0.103365898132 -210.0 1
9 204 0.108169078827 -202.0 1
10 212 0.125872850418 -210.0 1
11 163 0.0863230228424 -161.0 1
12 140 0.0680451393127 -138.0 1
13 485 0.220595836639 -483.0 1
14 595 0.277797937393 -593.0 1
15 181 0.143979787827 -179.0 1
16 227 0.187064170837 -225.0 1
17 254 0.139309883118 -252.0 1
18 204 0.0968930721283 -202.0 1
19 236 0.111536979675 -234.0 1
20 231 0.163908004761 -229.0 1
21 164 0.0884349346161 -162.0 1
22 203 0.122745990753 -201.0 1
23 230 0.158392190933 -228.0 1
24 126 0.0723249912262 -124.0 1
25 308 0.171991825104 -306.0 1
26 195 0.0967330932617 -193.0 1
27 128 0.062283039093 -126.0 1
28 142 0.0696120262146 -140.0 1
29 184 0.0949151515961 -182.0 1
30 125 0.0709362030029 -123.0 1
31 134 0.0779211521149 -132.0 1
32 101 0.0560519695282 -99.0 1
33 257 0.142750024796 -255.0 1
34 406 0.218783855438 -404.0 1
35 326 0.176970005035 -324.0 1
36 110 0.0545089244843 -108.0 1
37 154 0.0709009170532 -152.0 1
38 94 0.04106092453 -92.0 1
39 156 0.100917100906 -154.0 1
40 125 0.0789430141449 -123.0 1
41 134 0.069883108139 -132.0 1
42 260 0.19891500473 -258.0 1
43 104 0.0861339569092 -102.0 1
44 367 0.294061899185 -365.0 1
45 111 0.0532009601593 -109.0 1
46 168 0.0804989337921 -166.0 1
47 159 0.0830359458923 -157.0 1
48 127 0.0578389167786 -125.0 1
49 196 0.0904231071472 -194.0 1
0 2694 1.38481998444 -2692.0 1
1 357 0.173494815826 -355.0 1
2 297 0.15598487854 -295.0 1
3 252 0.133105993271 -250.0 1
4 466 0.24632692337 -464.0 1
5 351 0.183455944061 -349.0 1
6 162 0.0857059955597 -160.0 1
7 379 0.204986095428 -377.0 1
8 210 0.113860845566 -208.0 1
9 197 0.111788034439 -195.0 1
10 459 0.211743116379 -457.0 1
11 228 0.108424901962 -226.0 1
12 153 0.0739488601685 -151.0 1
13 155 0.0776841640472 -153.0 1
14 184 0.101589918137 -182.0 1
15 288 0.13859295845 -286.0 1
16 357 0.208999872208 -355.0 1
17 235 0.145011901855 -233.0 1
18 155 0.0885140895844 -153.0 1
19 147 0.0850410461426 -145.0 1
20 361 0.206339836121 -359.0 1
21 199 0.113322019577 -197.0 1
22 330 0.18786406517 -328.0 1
23 309 0.180752038956 -307.0 1
24 413 0.237894058228 -411.0 1
25 139 0.0851829051971 -137.0 1
26 261 0.150875091553 -259.0 1
27 170 0.0994329452515 -168.0 1
28 235 0.138468980789 -233.0 1
29 446 0.252342939377 -444.0 1
30 201 0.116579055786 -199.0 1
31 177 0.098680973053 -175.0 1
32 228 0.117759943008 -226.0 1
33 139 0.0737071037292 -137.0 1
34 127 0.0684900283813 -125.0 1
35 96 0.0485339164734 -94.0 1
36 500 0.265903949738 -498.0 1
37 385 0.2090280056 -383.0 1
38 122 0.0661778450012 -120.0 1
39 170 0.0799679756165 -168.0 1
40 245 0.127461194992 -243.0 1
41 155 0.0813629627228 -153.0 1
42 179 0.0943009853363 -177.0 1
43 200 0.104360818863 -198.0 1
44 196 0.102703094482 -194.0 1
45 139 0.0721731185913 -137.0 1
46 134 0.069121837616 -132.0 1
47 206 0.106244802475 -204.0 1
48 157 0.0815141201019 -155.0 1
49 122 0.0647649765015 -120.0 1
0 1349 0.731636047363 -1347.0 1
1 514 0.271786928177 -512.0 1
2 431 0.227437973022 -429.0 1
3 228 0.119714975357 -226.0 1
4 650 0.342148065567 -648.0 1
5 497 0.257011890411 -495.0 1
6 286 0.151583909988 -284.0 1
7 777 0.418604850769 -775.0 1
8 714 0.385832071304 -712.0 1
9 480 0.265022039413 -478.0 1
10 422 0.225117206573 -420.0 1
11 454 0.238417863846 -452.0 1
12 617 0.32777094841 -615.0 1
13 448 0.24641418457 -446.0 1
14 292 0.159513950348 -290.0 1
15 432 0.227104902267 -430.0 1
16 463 0.24245095253 -461.0 1
17 167 0.0858330726624 -165.0 1
18 212 0.111476898193 -210.0 1
19 228 0.121748924255 -226.0 1
20 375 0.196761131287 -373.0 1
21 262 0.13516998291 -260.0 1
22 331 0.170397043228 -329.0 1
23 204 0.106971979141 -202.0 1
24 155 0.0798938274384 -153.0 1
25 169 0.0966250896454 -167.0 1
26 558 0.289718866348 -556.0 1
27 177 0.093453168869 -175.0 1
28 412 0.221490859985 -410.0 1
29 228 0.120829820633 -226.0 1
30 182 0.0964379310608 -180.0 1
31 126 0.0667631626129 -124.0 1
32 202 0.106619119644 -200.0 1
33 469 0.246454954147 -467.0 1
34 383 0.203560829163 -381.0 1
35 324 0.167232990265 -322.0 1
36 148 0.0756599903107 -146.0 1
37 187 0.0966351032257 -185.0 1
38 126 0.0650730133057 -124.0 1
39 125 0.0653598308563 -123.0 1
40 440 0.226351976395 -438.0 1
41 166 0.0848588943481 -164.0 1
42 142 0.0739359855652 -140.0 1
43 195 0.103525876999 -193.0 1
44 234 0.127408027649 -232.0 1
45 224 0.118564128876 -222.0 1
46 182 0.0968120098114 -180.0 1
47 346 0.181416988373 -344.0 1
48 147 0.0775799751282 -145.0 1
49 332 0.255375146866 -330.0 1
0 384 0.215573072433 -382.0 1
1 2571 1.3467540741 -2569.0 1
2 385 0.195832967758 -383.0 1
3 233 0.116269111633 -231.0 1
4 331 0.168411970139 -329.0 1
5 312 0.161228895187 -310.0 1
6 164 0.0851888656616 -162.0 1
7 358 0.187198162079 -356.0 1
8 133 0.0697689056396 -131.0 1
9 185 0.0969769954681 -183.0 1
10 558 0.29164981842 -556.0 1
11 321 0.169138908386 -319.0 1
12 181 0.0929279327393 -179.0 1
13 173 0.0898809432983 -171.0 1
14 236 0.123621940613 -234.0 1
15 168 0.0887529850006 -166.0 1
16 341 0.180465936661 -339.0 1
17 193 0.0993149280548 -191.0 1
18 244 0.133249044418 -242.0 1
19 177 0.0924780368805 -175.0 1
20 181 0.0929298400879 -179.0 1
21 230 0.118416786194 -228.0 1
22 211 0.111257076263 -209.0 1
23 137 0.0711438655853 -135.0 1
24 504 0.270557880402 -502.0 1
25 133 0.0747580528259 -131.0 1
26 459 0.253182888031 -457.0 1
27 157 0.0893919467926 -155.0 1
28 244 0.126556158066 -242.0 1
29 131 0.0681869983673 -129.0 1
30 241 0.126674175262 -239.0 1
31 210 0.110610961914 -208.0 1
32 200 0.10436797142 -198.0 1
33 923 0.476488113403 -921.0 1
34 102 0.0537939071655 -100.0 1
35 238 0.137254953384 -236.0 1
36 256 0.140099048615 -254.0 1
37 135 0.0691859722137 -133.0 1
38 297 0.152081012726 -295.0 1
39 125 0.0649621486664 -123.0 1
40 200 0.103801965714 -198.0 1
41 258 0.134273052216 -256.0 1
42 237 0.122189998627 -235.0 1
43 99 0.0506041049957 -97.0 1
44 371 0.193063020706 -369.0 1
45 259 0.134583950043 -257.0 1
46 256 0.133153915405 -254.0 1
47 200 0.103609800339 -198.0 1
48 131 0.0686140060425 -129.0 1
49 249 0.129473924637 -247.0 1
0 1218 0.64955997467 -1216.0 1
1 319 0.162786960602 -317.0 1
2 615 0.315806865692 -613.0 1
3 276 0.14090013504 -274.0 1
4 453 0.23180603981 -451.0 1
5 798 0.408802032471 -796.0 1
6 1042 0.727583885193 -1040.0 1
7 1178 0.913407087326 -1176.0 1
8 288 0.229663848877 -286.0 1
9 833 0.64865899086 -831.0 1
10 344 0.260900020599 -342.0 1
11 691 0.481876134872 -689.0 1
12 244 0.185652017593 -242.0 1
13 549 0.289511919022 -547.0 1
14 474 0.239188909531 -472.0 1
15 302 0.151668787003 -300.0 1
16 268 0.134046077728 -266.0 1
17 214 0.107651948929 -212.0 1
18 965 0.496072769165 -963.0 1
19 660 0.353787899017 -658.0 1
20 205 0.102657794952 -203.0 1
21 160 0.115880012512 -158.0 1
22 869 0.502470970154 -867.0 1
23 169 0.0911779403687 -167.0 1
24 703 0.380677938461 -701.0 1
25 281 0.151891946793 -279.0 1
26 180 0.0958540439606 -178.0 1
27 242 0.127840995789 -240.0 1
28 168 0.0873069763184 -166.0 1
29 226 0.117572069168 -224.0 1
30 114 0.0585119724274 -112.0 1
31 418 0.229110002518 -416.0 1
32 174 0.0942008495331 -172.0 1
33 146 0.0789902210236 -144.0 1
34 311 0.168171882629 -309.0 1
35 219 0.118155002594 -217.0 1
36 176 0.0939400196075 -174.0 1
37 417 0.222862005234 -415.0 1
38 180 0.092246055603 -178.0 1
39 206 0.116147041321 -204.0 1
40 184 0.0940310955048 -182.0 1
41 213 0.148817062378 -211.0 1
42 120 0.0678219795227 -118.0 1
43 162 0.0763649940491 -160.0 1
44 319 0.171528816223 -317.0 1
45 199 0.104423999786 -197.0 1
46 231 0.118891954422 -229.0 1
47 140 0.0789740085602 -138.0 1
48 297 0.160877943039 -295.0 1
49 141 0.0724198818207 -139.0 1
0 425 0.218930006027 -423.0 1
1 1272 0.667667150497 -1270.0 1
2 1060 0.570493936539 -1058.0 1
3 881 0.47024512291 -879.0 1
4 616 0.32776093483 -614.0 1
5 569 0.293084859848 -567.0 1
6 1522 0.830885887146 -1520.0 1
7 261 0.144212007523 -259.0 1
8 333 0.176509857178 -331.0 1
9 393 0.207715988159 -391.0 1
10 264 0.1365711689 -262.0 1
11 589 0.281337976456 -587.0 1
12 269 0.129875898361 -267.0 1
13 429 0.219589233398 -427.0 1
14 360 0.211115121841 -358.0 1
15 302 0.154021024704 -300.0 1
16 223 0.115520000458 -221.0 1
17 130 0.0658898353577 -128.0 1
18 193 0.0980551242828 -191.0 1
19 126 0.0631229877472 -124.0 1
20 308 0.156883955002 -306.0 1
21 236 0.120302915573 -234.0 1
22 121 0.0604910850525 -119.0 1
23 177 0.0892908573151 -175.0 1
24 287 0.144989013672 -285.0 1
25 153 0.0766379833221 -151.0 1
26 221 0.111413002014 -219.0 1
27 200 0.100425004959 -198.0 1
28 98 0.0490009784698 -96.0 1
29 172 0.087229013443 -170.0 1
30 154 0.0785999298096 -152.0 1
31 323 0.166456222534 -321.0 1
32 508 0.258985996246 -506.0 1
33 92 0.0463850498199 -90.0 1
34 135 0.0681149959564 -133.0 1
35 144 0.0726549625397 -142.0 1
36 304 0.153239011765 -302.0 1
37 210 0.104980945587 -208.0 1
38 231 0.11940407753 -229.0 1
39 629 0.335188865662 -627.0 1
40 419 0.228996038437 -417.0 1
41 284 0.154232978821 -282.0 1
42 174 0.123762845993 -172.0 1
43 329 0.166913986206 -327.0 1
44 123 0.0600140094757 -121.0 1
45 194 0.0946989059448 -192.0 1
46 381 0.18158197403 -379.0 1
47 147 0.0883169174194 -145.0 1
48 253 0.176495075226 -251.0 1
49 212 0.127322912216 -210.0 1
0 1116 0.676775932312 -1114.0 1
1 366 0.218328952789 -364.0 1
2 1272 0.758569002151 -1270.0 1
3 984 0.541990995407 -982.0 1
4 1038 0.605751037598 -1036.0 1
5 586 0.282160997391 -584.0 1
6 335 0.156321048737 -333.0 1
7 778 0.423344135284 -776.0 1
8 1008 0.575208902359 -1006.0 1
9 505 0.284573078156 -503.0 1
10 477 0.23778796196 -475.0 1
11 800 0.37167596817 -798.0 1
12 754 0.350816965103 -752.0 1
13 378 0.203893899918 -376.0 1
14 219 0.118667840958 -217.0 1
15 255 0.138281822205 -253.0 1
16 229 0.124553918839 -227.0 1
17 245 0.131771087646 -243.0 1
18 454 0.23560500145 -452.0 1
19 285 0.13214302063 -283.0 1
20 237 0.111731052399 -235.0 1
21 273 0.129709005356 -271.0 1
22 145 0.0777590274811 -143.0 1
23 181 0.097503900528 -179.0 1
24 839 0.44583106041 -837.0 1
25 520 0.279844999313 -518.0 1
26 184 0.0992479324341 -182.0 1
27 127 0.0682327747345 -125.0 1
28 239 0.12974190712 -237.0 1
29 210 0.112841844559 -208.0 1
30 336 0.182954072952 -334.0 1
31 262 0.144798994064 -260.0 1
32 131 0.0719230175018 -129.0 1
33 281 0.153491973877 -279.0 1
34 318 0.175873994827 -316.0 1
35 181 0.0977990627289 -179.0 1
36 175 0.0950450897217 -173.0 1
37 187 0.101428985596 -185.0 1
38 178 0.096275806427 -176.0 1
39 419 0.223994016647 -417.0 1
40 343 0.170912027359 -341.0 1
41 276 0.150808095932 -274.0 1
42 133 0.0652091503143 -131.0 1
43 469 0.217042922974 -467.0 1
44 292 0.14015007019 -290.0 1
45 480 0.232693195343 -478.0 1
46 360 0.162884235382 -358.0 1
47 304 0.137892007828 -302.0 1
48 335 0.151677846909 -333.0 1
49 117 0.0527100563049 -115.0 1
